O,898,898,890,785,856,799,824,785,845,758
O,895,899,892,785,857,799,825,785,845,759
O,897,900,891,784,856,797,824,785,848,760
O,896,900,890,784,855,799,825,785,847,761
O,898,899,892,786,854,799,826,784,846,760
O,896,897,891,786,854,799,826,784,847,759
O,896,900,892,786,857,798,827,784,846,759
O,895,900,891,785,856,799,825,785,845,759
O,899,900,892,786,858,798,826,786,847,760
O,900,900,893,785,855,799,824,784,849,761
O,895,900,892,784,856,800,826,786,847,759
O,897,900,892,786,857,798,826,784,847,760
O,899,899,892,784,857,800,825,785,847,759
O,894,897,891,785,857,799,826,784,847,760
O,895,898,892,786,856,799,826,786,847,759
O,894,899,893,783,858,799,828,785,848,760
O,898,899,893,785,856,798,828,784,849,760
O,896,901,892,784,856,799,827,786,848,760
O,899,899,892,785,857,799,828,785,849,759
O,897,899,892,784,858,799,829,784,847,759
O,894,901,893,785,858,800,828,785,849,758
O,898,901,892,784,858,800,827,784,847,760
O,898,902,891,785,857,798,828,784,847,758
O,897,898,891,783,859,798,826,783,848,759
O,899,901,893,784,859,798,825,786,849,759
O,897,899,892,785,858,799,827,783,846,760
O,898,899,892,784,859,799,828,787,850,757
O,895,899,892,784,857,799,828,786,848,758
O,897,903,892,784,856,800,826,786,848,759
O,899,898,892,784,855,799,828,786,850,761
O,897,899,893,784,859,799,828,783,849,760
O,897,902,893,784,860,798,828,784,849,761
O,897,901,892,784,860,799,827,786,846,758
O,898,901,893,785,859,799,827,784,849,755
O,899,900,893,785,859,799,827,786,849,759
O,899,901,891,785,856,798,829,786,849,759
O,899,902,892,785,859,799,830,785,848,757
O,898,902,893,785,858,799,829,785,848,758
O,897,901,892,783,858,799,829,784,847,759
O,897,902,893,783,860,798,829,786,846,758
O,898,904,894,786,860,800,830,784,850,759
O,897,904,893,785,858,800,831,787,846,758
O,899,902,892,784,857,797,830,784,850,759
O,898,903,891,783,859,799,831,784,848,757
O,896,903,893,783,858,799,829,785,851,758
O,898,902,892,785,859,799,829,785,847,759
O,898,903,893,784,858,800,830,786,849,758
O,897,906,894,784,858,800,829,784,848,761
O,896,904,892,783,858,798,830,784,850,759
O,898,904,892,783,860,799,830,785,850,758
O,896,904,893,785,859,799,830,785,848,758
O,898,904,893,785,859,800,829,785,848,759
O,898,903,892,786,859,799,830,784,849,761
O,898,902,894,783,860,798,830,783,848,758
O,896,903,895,782,858,798,828,786,851,757
O,896,905,893,784,860,798,830,784,848,759
O,899,903,893,784,858,797,830,786,850,759
O,897,903,891,784,859,798,829,785,851,760
O,899,901,893,785,858,800,829,785,849,760
O,893,903,894,785,857,799,829,785,847,757
O,899,903,891,783,858,799,829,785,851,758
O,896,904,893,784,858,799,829,786,848,759
O,900,903,892,786,858,800,830,786,849,761
O,897,904,892,785,858,799,829,784,850,760
O,896,901,891,786,858,799,829,784,849,757
O,897,903,893,785,857,796,828,788,845,760
O,899,901,893,782,859,799,830,786,848,759
O,897,905,891,783,858,799,831,785,848,760
O,896,905,891,784,857,798,830,785,849,759
O,898,905,891,783,858,798,830,785,849,759
O,896,904,892,783,859,798,830,784,848,761
O,899,900,893,784,859,796,829,784,850,759
O,900,902,895,780,859,798,830,784,849,760
O,900,902,892,785,858,799,829,785,851,759
O,897,901,893,783,859,798,830,783,851,760
O,899,903,893,785,856,800,829,786,850,759
O,898,904,892,784,858,798,830,784,850,759
O,897,901,893,786,859,799,831,784,847,759
O,896,905,891,784,858,799,828,784,849,759
O,899,904,893,785,859,798,831,784,848,760
O,899,902,893,784,859,798,830,786,846,760
O,899,903,891,785,858,798,831,784,848,758
O,896,904,894,784,860,798,831,784,852,758
O,899,903,893,784,859,799,831,783,848,760
O,897,905,892,784,861,799,831,785,849,758
O,901,900,891,787,861,799,829,783,850,759
O,897,902,894,784,859,799,831,784,851,758
O,896,903,892,785,859,796,831,785,849,757
O,894,902,894,784,859,798,831,784,849,759
O,896,902,892,784,860,798,832,784,848,760
O,901,903,890,783,860,799,830,785,848,758
O,899,901,892,786,860,800,831,786,848,758
O,899,902,892,785,860,798,832,785,850,757
O,895,904,894,784,861,798,831,785,850,762
O,898,900,891,784,861,799,831,784,852,758
O,898,903,893,784,860,799,833,785,850,756
O,896,902,893,784,861,799,833,784,850,761
O,898,903,894,784,860,798,832,784,852,758
O,898,901,892,785,862,799,833,785,852,759
O,898,902,892,785,860,799,832,785,851,759
O,894,900,894,783,861,799,830,784,851,761
O,896,900,892,785,861,800,832,784,852,759
O,898,899,892,783,861,798,832,784,852,759
O,899,901,893,784,860,799,833,785,852,759
O,897,901,891,784,860,798,833,786,849,760
O,902,901,893,785,861,798,830,785,852,760
O,896,902,893,783,860,798,832,784,852,759
O,898,900,893,785,861,799,831,784,852,760
O,897,901,893,783,862,798,830,785,851,759
O,895,900,892,783,863,799,832,784,851,760
O,900,903,891,785,862,799,831,783,851,760
O,896,902,894,784,862,799,832,783,850,758
O,896,899,892,785,861,797,831,786,850,759
O,897,902,893,784,862,797,831,784,848,760
O,899,901,893,784,862,796,831,785,848,758
O,897,902,893,784,863,798,828,782,851,758
O,899,901,892,785,863,797,827,783,850,758
O,896,901,892,784,863,797,831,785,848,758
O,897,902,891,783,863,797,829,783,847,757
O,899,902,893,783,860,798,828,785,847,759
O,898,901,891,784,861,797,830,786,846,761
O,898,902,893,783,862,799,829,784,845,758
O,894,899,892,784,863,798,826,784,846,759
O,898,899,893,782,862,798,829,784,844,755
O,897,900,892,783,863,798,828,784,845,757
O,899,900,892,785,860,799,828,783,847,758
O,898,900,893,783,863,797,829,788,845,758
O,896,901,892,784,861,798,826,785,843,758
O,900,901,893,785,863,799,828,784,843,758
O,897,902,892,783,861,798,826,785,846,758
O,897,901,892,785,862,798,827,784,843,758
O,899,900,891,784,863,798,827,785,849,755
O,896,902,893,785,861,798,827,785,845,758
O,896,904,892,785,862,799,827,785,844,756
O,897,901,893,786,861,799,826,786,843,758
O,899,902,893,785,861,797,827,786,842,754
O,897,902,892,785,862,798,825,785,842,754
O,900,899,891,783,862,799,825,786,838,755
O,900,900,892,782,862,799,826,784,838,754
O,900,899,891,783,861,799,826,785,838,755
O,898,901,892,783,860,798,827,783,836,755
O,898,898,892,786,863,802,825,783,835,753
O,900,902,891,785,862,798,826,784,835,751
O,897,901,891,784,859,800,826,784,835,754
O,898,901,893,784,861,797,826,784,838,752
O,898,902,891,785,861,798,826,785,834,751
O,897,902,892,784,862,798,827,784,834,752
O,899,900,893,784,861,798,826,785,834,753
O,898,899,889,782,863,799,826,784,835,752
O,898,898,892,785,862,799,826,785,836,752
O,896,900,892,783,859,797,827,783,836,752
O,897,899,892,786,859,797,826,785,836,751
O,900,902,893,784,861,798,826,785,837,751
O,895,900,894,783,862,798,827,783,838,750
O,896,900,891,785,862,798,826,784,832,754
O,897,901,891,783,862,798,825,785,836,750
O,897,900,892,785,861,799,826,783,834,749
O,899,896,892,785,860,797,824,784,836,750
O,897,900,893,784,862,798,826,785,839,751
O,898,900,893,784,862,797,827,784,838,752
O,898,899,891,783,862,798,827,785,838,751
O,896,901,888,783,861,799,826,786,838,750
O,899,899,892,784,860,796,826,786,838,752
O,899,899,892,783,862,798,826,784,837,751
O,897,902,893,786,861,798,826,783,838,750
O,897,899,891,783,862,797,826,784,838,751
O,899,900,893,786,863,798,825,784,839,752
O,898,898,892,786,861,799,827,783,838,750
O,898,900,892,785,861,798,825,784,840,752
O,898,899,892,785,863,798,826,784,838,753
O,898,900,893,786,861,798,825,785,841,752
O,898,900,891,784,862,798,826,786,839,751
O,897,900,892,785,862,799,826,783,839,748
O,899,900,892,783,862,798,826,784,841,753
O,895,902,891,784,862,798,825,785,842,750
O,896,899,891,784,862,797,824,782,842,753
O,897,899,893,788,861,797,825,785,842,753
O,898,900,892,783,862,798,825,786,842,751
O,897,900,892,784,864,796,827,784,840,749
O,898,900,893,783,863,798,823,786,840,751
O,898,902,891,785,863,797,825,786,840,753
O,898,900,892,784,862,799,825,786,841,751
O,896,901,893,783,862,797,826,786,841,753
O,899,899,892,785,860,799,825,783,841,751
O,895,901,892,785,864,798,825,783,843,752
O,896,898,891,785,864,797,825,786,840,751
O,896,899,892,784,864,797,826,785,841,752
O,897,901,892,785,861,798,826,784,842,750
O,895,901,892,785,861,798,826,784,845,752
O,895,899,893,785,863,798,824,785,845,750
O,898,898,892,785,863,798,826,782,843,750
O,897,900,892,783,862,798,824,786,843,752
O,898,901,891,786,865,798,824,785,844,751
O,896,901,892,783,862,797,825,785,846,751
O,899,901,892,783,864,798,826,784,846,754
O,897,900,893,783,863,798,826,784,845,753
O,897,899,893,783,864,797,826,785,846,752
O,898,901,893,782,864,797,825,784,849,755
O,896,900,894,784,863,798,825,786,846,753
O,897,901,894,784,864,798,824,786,845,754
O,897,899,893,785,865,797,826,786,846,754
O,897,899,892,782,862,798,827,786,848,752
O,894,898,894,783,862,797,825,785,847,753
O,898,901,894,784,865,797,826,786,849,752
O,894,901,893,785,862,798,826,785,847,753
O,899,898,894,783,864,798,826,786,850,751
O,898,898,893,783,864,797,827,785,849,754
O,899,900,893,784,864,797,827,784,848,752
O,896,902,891,783,863,798,825,786,849,752
O,896,902,895,783,863,799,828,786,850,752
O,897,902,894,785,870,798,828,785,848,753
O,898,901,893,784,866,797,826,786,852,754
O,898,901,894,784,863,797,826,784,848,753
O,896,901,895,785,867,798,828,786,849,753
O,897,900,893,784,864,797,827,784,846,752
O,897,898,893,785,865,797,827,783,848,752
O,897,901,894,782,865,798,827,786,851,754
O,900,902,893,783,866,798,827,785,848,753
O,898,902,896,782,865,799,826,784,851,752
O,899,900,894,784,863,798,827,783,849,753
O,898,899,894,783,866,799,827,786,852,751
O,898,904,894,784,865,798,826,783,850,753
O,899,902,895,782,863,798,826,784,849,755
O,895,901,892,785,864,798,826,786,850,753
O,897,897,893,784,864,798,828,785,851,752
O,899,902,894,784,866,798,826,785,850,752
O,898,901,893,785,865,798,827,784,850,754
O,899,899,893,785,866,798,827,784,852,754
O,899,899,895,784,864,797,826,785,851,751
O,896,900,893,785,866,797,827,783,851,752
O,898,899,893,784,866,797,827,784,850,754
O,898,902,894,784,865,797,828,785,848,752
O,898,900,893,785,864,798,826,784,850,752
O,897,901,892,783,867,799,825,784,849,754
O,896,899,894,784,864,798,827,784,851,753
O,898,898,893,783,866,798,827,784,852,753
O,899,902,893,784,863,798,827,783,851,753
O,898,898,892,783,865,798,828,784,850,753
O,898,899,893,783,865,798,827,784,848,753
O,896,902,894,783,864,797,827,784,849,753
O,896,903,894,783,864,798,825,784,848,753
O,898,899,895,783,865,797,827,784,851,753
O,899,901,894,783,866,796,828,783,850,753
O,898,900,894,784,865,798,828,784,848,752
O,897,902,893,783,865,798,826,785,851,754
O,898,900,893,784,865,797,826,784,848,754
O,897,900,894,784,863,798,826,784,854,753
O,898,900,893,784,866,797,827,783,848,752
O,897,898,895,784,864,797,827,784,852,751
O,899,899,894,784,863,797,828,783,849,754
O,899,898,893,785,865,796,826,784,849,753
O,898,900,894,785,863,797,828,785,849,751
O,896,899,893,787,864,797,826,785,850,754
O,897,901,893,783,867,797,827,783,850,753
O,900,898,893,784,864,798,827,785,849,754
O,895,902,892,784,865,798,827,784,849,754
O,901,899,896,784,864,797,827,785,851,752
O,896,900,893,784,865,797,827,785,852,755
O,897,899,894,783,866,796,827,785,853,754
O,894,902,893,784,865,798,826,783,849,754
O,898,900,893,783,865,796,826,785,852,754
O,897,900,893,785,865,798,827,782,853,752
O,898,899,893,785,864,798,827,783,852,752
O,895,899,893,782,863,798,827,784,849,753
O,896,901,894,783,865,797,828,784,851,753
O,896,901,894,783,867,797,826,785,849,751
O,896,901,894,785,865,798,826,785,850,753
O,897,900,892,783,867,795,827,785,851,753
O,898,898,894,785,865,796,826,785,849,752
O,897,899,894,785,864,798,826,784,851,753
O,897,901,893,783,865,796,828,786,849,754
O,899,900,894,785,866,797,826,785,852,752
O,898,903,894,783,866,796,827,785,848,752
O,898,902,893,784,866,797,826,785,851,752
O,897,902,893,785,864,798,828,783,849,753
O,896,901,893,783,863,798,828,785,850,754
O,897,901,895,782,865,799,829,785,850,752
O,895,900,895,785,865,797,826,783,848,754
O,897,903,892,786,860,798,826,784,851,753
O,898,901,893,783,863,798,827,786,849,754
O,897,900,894,785,861,798,827,785,851,753
O,895,902,892,783,865,797,826,785,846,753
O,897,900,893,783,866,799,828,785,849,754
O,898,900,894,784,863,797,828,786,852,751
O,898,902,893,785,863,799,827,784,850,753
O,898,899,894,785,865,798,827,784,852,754
O,897,899,893,785,864,798,830,785,851,756
O,897,899,893,784,865,798,827,785,852,752
O,894,898,893,784,865,796,828,785,851,752
O,898,903,894,785,866,799,828,784,849,754
O,896,899,894,783,863,797,827,784,850,753
O,896,899,894,784,865,797,827,785,850,755
O,898,902,892,784,863,797,827,784,851,753
O,893,901,895,783,864,796,828,785,848,752
O,896,902,893,784,865,795,827,784,850,752
O,897,901,894,784,865,797,825,784,850,751
O,897,901,894,784,866,797,827,783,850,752
O,896,902,892,783,865,797,828,785,849,752
O,896,900,894,784,865,797,827,784,850,754
O,897,898,893,783,864,798,828,784,850,754
O,896,900,894,784,866,797,828,786,849,753
O,897,900,893,784,866,799,826,784,850,753
O,899,902,895,783,866,797,826,783,851,751
O,897,901,895,784,865,798,828,783,852,753
O,897,900,894,783,865,798,828,783,851,753
O,897,900,894,783,865,798,828,785,850,753
O,895,899,893,784,865,798,828,784,849,753
O,898,899,894,783,863,797,829,782,852,753
O,896,899,891,785,865,798,826,786,848,753
O,898,900,894,784,866,797,828,786,849,753
O,896,900,893,785,865,798,827,785,851,754
O,898,900,893,783,863,798,827,785,852,754
O,897,899,894,784,864,797,828,786,848,752
O,894,899,893,783,867,799,828,784,851,755
O,898,900,892,784,864,797,827,785,849,752
O,896,900,895,785,867,797,828,783,853,754
O,894,899,893,785,866,799,829,784,850,754
O,898,902,893,782,867,796,828,785,849,753
O,897,902,894,783,868,798,828,783,855,755
O,898,900,894,782,865,797,828,784,852,754
O,898,901,894,782,865,797,828,784,852,753
O,897,901,894,785,865,799,828,784,851,752
O,897,898,893,784,866,798,828,785,851,753
O,896,900,893,783,866,795,827,784,851,754
O,898,901,893,783,864,797,828,785,851,753
O,895,898,893,784,863,797,828,784,851,754
O,899,898,893,785,865,796,829,785,852,753
O,899,901,892,784,864,798,830,783,849,752
O,895,898,894,784,863,798,828,784,849,753
O,898,902,894,784,865,796,827,785,849,754
O,898,901,894,784,863,796,827,785,851,752
O,897,901,894,784,862,798,827,785,852,753
O,897,900,893,783,863,798,828,785,850,753
O,897,898,894,783,864,796,828,785,852,753
O,898,900,894,784,864,798,828,784,852,754
O,898,901,893,784,863,797,828,784,852,753
O,895,903,895,782,864,794,827,785,852,754
O,896,900,896,781,860,797,826,784,857,753
O,900,904,893,783,863,796,828,785,851,753
O,899,900,895,782,863,797,827,783,849,754
O,898,899,894,785,863,800,829,785,851,755
O,896,901,894,784,863,798,827,785,850,753
O,893,902,893,784,863,797,828,784,853,753
O,897,900,894,785,864,798,827,785,849,752
O,901,900,891,785,864,796,827,784,850,752
O,896,898,894,785,865,797,829,785,853,754
O,897,900,892,783,864,796,828,784,849,754
O,896,901,893,783,864,799,828,785,851,755
O,896,899,893,783,863,798,827,785,853,753
O,896,899,891,785,865,797,829,784,853,751
O,894,899,895,783,864,795,827,784,853,754
O,898,901,894,784,865,797,826,784,852,755
O,895,902,894,783,863,799,827,784,850,753
O,898,899,893,784,866,798,827,784,850,756
O,897,902,895,784,864,796,828,785,850,755
O,897,899,894,782,865,798,828,785,853,755
O,897,901,895,783,864,797,827,786,854,751
O,898,899,894,785,863,798,828,786,851,753
O,896,901,893,785,863,797,828,784,852,754
O,898,898,891,783,862,797,827,784,849,755
O,898,900,893,784,864,798,826,786,852,752
O,896,902,894,785,863,796,828,784,850,755
O,896,900,895,782,867,799,828,785,853,755
O,897,900,894,784,865,797,827,784,850,753
O,896,900,893,784,863,798,826,785,851,752
O,898,899,893,786,864,796,828,782,852,752
O,896,899,893,785,869,797,829,784,852,755
O,899,901,893,784,865,798,830,784,850,753
O,898,900,893,785,866,797,827,785,851,753
O,896,899,894,783,864,798,827,784,851,754
O,897,902,892,785,864,797,827,784,852,754
O,897,901,892,785,867,800,831,782,851,753
O,899,902,893,783,864,799,828,783,851,755
O,898,901,893,783,865,797,828,786,850,753
O,899,900,894,784,864,796,829,783,853,752
O,896,898,895,783,865,796,827,785,850,754
O,898,898,895,782,863,796,828,784,852,752
O,898,900,894,784,864,797,828,784,851,752
O,898,900,894,785,863,796,828,784,852,753
O,897,902,894,783,863,798,828,785,851,752
O,899,898,893,785,864,796,827,783,853,754
O,895,899,894,788,865,797,828,784,853,751
O,898,899,895,785,864,797,828,785,851,753
O,897,904,892,785,863,798,827,783,852,754
O,898,901,896,784,866,799,828,784,853,754
O,897,900,894,783,863,798,829,785,852,753
O,896,900,896,785,865,798,826,785,853,754
O,899,899,894,783,865,797,828,784,848,753
O,898,901,894,783,864,798,829,785,853,754
O,898,902,893,785,864,797,828,784,854,755
O,897,900,894,783,865,798,828,783,850,754
O,897,901,893,784,862,797,829,785,855,754
O,897,900,893,783,866,799,828,783,852,753
O,898,899,893,784,865,797,829,784,854,755
O,900,901,893,783,864,798,827,785,851,754
O,899,900,894,783,864,798,827,785,850,754
O,895,900,892,784,866,797,828,785,852,755
O,900,899,894,785,864,797,829,784,851,754
O,897,901,893,783,863,798,828,785,849,755
O,897,898,894,784,863,797,828,784,853,754
O,897,902,894,783,864,798,829,784,853,754
O,896,899,895,783,864,797,829,785,852,755
O,897,901,894,783,861,798,829,786,853,753
O,900,902,893,784,864,797,828,784,852,753
O,898,901,894,785,861,798,828,786,852,756
O,899,900,894,783,862,799,829,785,853,755
O,897,902,893,784,864,797,828,785,851,754
O,903,898,894,784,863,798,829,785,852,753
O,899,899,893,785,862,798,827,784,852,753
O,896,899,893,783,865,797,828,785,851,753
O,898,900,895,784,863,798,829,785,853,755
O,900,900,894,784,863,798,828,784,853,754
O,900,900,896,786,863,798,828,785,854,754
O,898,900,893,783,863,797,829,785,851,755
O,901,901,894,784,863,797,828,784,854,754
O,899,899,895,785,863,799,830,782,852,753
O,898,901,892,783,863,797,828,786,852,754
O,900,898,893,784,865,797,827,783,853,754
O,897,898,891,785,861,796,828,786,851,754
O,901,902,894,783,864,798,829,785,853,753
O,900,899,893,786,863,797,829,785,853,755
O,899,900,894,783,863,798,829,785,853,753
O,899,900,893,784,863,797,828,783,853,754
O,898,899,894,785,863,798,829,785,852,754
O,900,902,894,783,862,798,829,785,854,754
O,898,900,894,785,863,796,828,784,851,755
O,901,900,892,785,864,798,828,785,854,752
O,900,900,893,784,864,797,828,785,851,754
O,898,900,895,784,862,795,828,783,853,756
O,899,900,892,785,865,796,830,784,854,753
O,897,899,894,785,864,798,830,785,852,755
O,900,901,893,785,863,797,829,784,852,755
O,899,902,893,785,865,796,828,784,853,752
O,899,902,892,783,862,798,830,785,853,755
O,899,900,894,783,864,798,830,784,853,753
O,898,902,894,784,864,797,828,784,855,753
O,900,901,895,784,864,797,828,783,851,755
O,896,903,895,785,863,798,828,783,852,754
O,898,901,892,785,862,797,829,785,856,756
O,898,899,895,783,863,796,830,784,854,755
O,899,902,893,783,864,797,829,786,854,753
O,900,901,893,783,863,797,828,784,854,755
O,899,899,892,784,863,797,829,785,852,756
O,899,901,894,784,863,798,829,785,853,754
O,903,899,896,782,864,798,830,786,853,756
O,900,901,894,785,864,798,828,785,853,754
O,900,901,893,784,862,797,828,785,856,755
O,898,901,893,783,864,797,829,785,854,755
O,897,900,896,783,863,798,828,784,855,755
O,900,901,894,783,863,798,828,783,852,753
O,897,901,893,784,864,797,828,787,856,756
O,899,900,893,783,864,798,830,785,854,754
O,898,900,894,783,865,799,829,785,854,755
O,898,901,895,783,864,798,829,784,852,756
O,899,901,893,783,864,798,829,785,853,754
O,900,900,895,784,862,798,829,784,852,755
O,897,901,893,784,861,798,830,785,854,753
O,902,901,894,785,865,798,830,784,854,755
O,901,901,893,784,863,798,828,786,855,754
O,898,903,892,783,862,796,829,785,852,755
O,899,902,893,784,863,799,830,784,855,753
O,898,901,893,785,862,798,828,785,853,755
O,900,902,895,783,863,798,831,782,852,756
O,897,900,893,785,862,798,830,784,853,755
O,897,898,894,784,863,797,829,785,853,755
O,896,899,894,784,864,797,829,783,852,754
O,897,899,892,785,861,797,829,784,852,755
O,900,899,894,785,862,798,829,784,853,754
O,899,899,893,785,862,797,829,785,852,754
O,898,899,892,782,865,796,832,786,852,755
O,899,900,893,784,863,796,829,785,852,756
O,896,903,891,785,863,797,830,782,855,755
O,900,898,893,784,862,797,828,785,854,752
O,895,901,895,782,862,797,829,784,854,754
O,898,900,894,783,864,797,829,784,853,754
O,900,899,895,784,864,798,830,785,852,754
O,898,902,895,783,862,798,828,786,854,755
O,899,900,894,786,859,799,829,784,853,752
O,898,902,893,785,864,797,830,784,851,755
O,900,902,893,783,863,798,829,786,854,754
O,905,899,894,785,866,797,830,785,854,756
O,898,902,893,784,865,798,828,784,854,755
O,898,901,894,785,862,796,829,786,855,753
O,901,901,893,783,864,798,828,784,855,755
O,900,901,895,783,862,798,829,784,855,754
O,899,901,894,784,863,797,830,784,854,755
O,902,899,892,781,864,797,829,784,851,754
O,896,902,894,785,864,797,828,786,855,756
O,899,901,894,783,864,798,828,785,853,754
O,897,898,895,785,863,798,829,785,854,754
O,899,898,894,784,862,797,830,784,852,756
O,900,901,896,785,864,798,828,784,854,754
O,898,903,894,784,862,797,829,785,852,753
O,898,900,894,783,864,797,830,784,853,754
O,900,901,894,784,864,798,828,783,854,755
O,897,901,894,785,863,798,830,785,855,753
O,900,901,893,785,863,796,829,783,854,754
O,899,903,895,783,864,798,829,784,853,754
O,904,900,893,786,864,798,829,785,855,754
O,900,900,894,786,862,798,829,786,854,755
O,896,904,893,785,864,798,830,785,852,756
O,898,902,896,785,861,797,830,783,854,755
O,898,901,893,785,862,798,830,785,854,755
O,900,901,894,784,863,798,829,786,854,751
O,902,903,894,784,862,797,830,785,853,755
O,899,902,895,785,862,798,829,785,854,755
O,899,899,894,783,863,797,828,784,852,755
O,899,900,895,782,864,798,830,784,856,756
O,899,903,895,786,857,801,828,785,855,756
O,897,901,894,782,862,797,829,783,853,756
O,897,899,893,784,864,797,828,784,851,754
O,899,901,895,785,862,798,829,785,850,756
O,903,900,897,782,862,798,829,785,854,754
O,900,900,893,785,863,797,829,784,854,754
O,898,901,893,783,864,798,829,784,854,754
O,901,899,896,786,862,799,829,783,852,755
O,899,900,893,784,861,797,830,784,853,755
O,899,903,892,784,863,798,829,783,853,755
O,900,902,894,787,859,796,828,781,855,754
O,899,902,893,784,862,797,831,783,852,756
O,895,902,893,786,862,799,830,785,854,755
O,900,903,895,785,862,798,832,784,854,757
O,902,903,895,785,863,798,831,784,855,757
O,897,904,894,785,860,798,830,785,855,756
O,900,903,894,785,864,799,831,785,856,757
O,895,908,895,784,864,799,830,785,853,756
O,900,905,894,786,864,799,831,785,856,756
O,901,900,895,786,866,798,830,786,854,755
O,898,904,895,786,866,799,831,786,854,756
O,901,901,895,785,864,799,832,786,853,756
O,897,901,894,786,864,798,832,786,854,755
O,898,900,895,787,862,798,832,785,853,755
O,899,905,893,786,865,799,831,785,853,755
O,901,904,895,784,863,800,831,786,855,756
O,899,903,895,786,862,798,831,785,855,756
O,902,903,892,784,864,799,831,784,852,755
O,899,902,893,785,862,800,830,784,853,754
O,898,900,894,787,863,799,830,785,853,757
O,899,901,893,785,862,799,831,784,852,757
O,899,899,894,785,864,800,830,785,853,755
O,900,900,893,785,865,799,830,785,852,755
O,902,904,894,784,864,799,829,785,852,757
O,899,905,894,785,865,798,831,784,851,756
O,899,903,894,786,863,800,831,787,856,759
O,902,903,892,787,867,798,830,785,853,755
O,898,901,893,786,865,800,831,784,853,756
O,898,902,892,785,865,800,830,784,853,756
O,899,901,893,784,864,799,831,784,853,756
O,899,904,892,783,862,798,831,784,852,756
O,899,902,893,786,864,799,831,784,852,756
O,897,901,892,783,862,799,830,784,852,756
O,898,902,893,786,863,799,830,784,854,757
O,899,902,893,785,862,800,829,787,851,755
O,901,902,895,785,863,800,831,786,852,757
O,900,902,893,784,862,800,831,786,851,756
O,903,906,892,785,862,800,831,785,854,757
O,899,902,892,786,863,800,829,786,852,755
O,897,900,895,784,864,800,830,785,853,755
O,898,903,892,786,864,800,830,785,854,757
O,898,901,893,785,863,800,828,785,852,755
O,898,901,895,784,863,798,831,786,852,757
O,899,901,893,786,861,799,832,786,856,756
O,898,903,894,786,865,800,830,785,854,757
O,896,904,894,787,862,799,830,785,852,755
O,901,901,895,786,864,800,831,787,852,755
O,899,903,894,786,864,800,832,787,855,755
O,900,903,894,784,863,800,829,784,851,756
O,903,905,890,789,862,800,830,785,852,755
O,900,903,893,786,863,799,830,785,854,755
O,900,902,894,786,861,799,831,783,855,758
O,898,902,893,785,862,800,830,786,853,757
O,897,904,893,784,860,800,830,785,851,757
O,897,903,895,788,862,800,829,787,853,756
O,899,902,893,784,862,802,827,785,856,756
O,896,901,893,786,863,800,831,785,855,757
O,900,903,892,786,865,799,830,784,854,758
O,900,903,895,785,861,800,830,785,853,757
O,901,905,893,786,862,801,830,787,853,755
O,901,902,894,786,860,800,831,786,852,757
O,898,902,895,785,863,800,829,784,851,758
O,899,901,894,784,862,798,830,787,855,759
O,899,903,894,787,863,800,829,784,854,757
O,900,902,894,787,861,798,831,785,851,755
O,898,901,895,784,861,798,830,785,854,757
O,898,902,894,787,861,800,830,785,853,757
O,899,903,892,785,862,800,829,785,854,757
O,900,902,893,785,863,800,830,786,854,757
O,900,904,892,785,862,799,829,785,855,757
O,900,904,895,787,864,800,830,787,855,756
O,898,902,893,787,862,799,830,786,851,757
O,900,903,892,786,859,800,829,784,856,756
O,901,902,894,786,861,800,830,785,851,758
O,898,903,893,786,863,799,831,785,854,756
O,900,902,892,786,862,799,831,785,851,759
O,897,903,895,785,863,800,831,784,854,758
O,898,904,894,785,857,799,831,786,854,757
O,900,903,893,785,862,800,829,785,855,755
O,898,903,892,786,863,799,829,785,854,756
O,898,902,893,786,862,799,832,785,854,757
O,899,901,893,786,862,800,832,786,854,756
O,902,901,893,787,862,799,830,784,852,757
O,900,901,894,785,861,799,831,785,853,755
O,900,902,893,785,863,800,830,784,856,755
O,899,905,896,786,862,800,830,785,852,756
O,901,901,894,785,863,800,830,785,853,756
O,899,902,894,785,863,795,830,785,856,757
O,899,900,893,786,861,799,830,786,853,756
O,900,904,893,787,861,800,830,786,852,756
O,900,903,895,787,862,799,831,785,852,757
O,898,902,894,784,858,799,830,787,851,756
O,899,904,894,785,863,799,829,786,851,758
O,899,901,894,786,862,798,831,786,852,756
O,899,901,895,785,862,801,832,786,850,755
O,902,901,893,785,860,800,830,786,854,758
O,898,904,893,787,862,800,830,785,855,756
O,898,904,897,785,861,801,832,787,854,757
O,900,904,893,783,861,799,830,784,853,756
O,902,901,893,787,863,800,830,787,852,756
O,900,902,894,787,862,799,830,786,853,757
O,898,900,894,784,862,800,829,787,855,756
O,901,901,893,787,863,798,831,785,855,756
O,896,901,894,787,862,800,831,785,853,757
O,901,900,895,786,863,800,829,784,852,756
O,900,901,894,784,865,800,829,786,851,757
O,898,904,894,785,862,800,831,785,854,757
O,900,903,894,786,864,799,831,785,852,758
O,899,902,893,785,861,800,829,785,854,756
O,899,904,892,787,861,799,831,787,853,757
O,901,902,894,788,863,798,831,786,853,757
O,899,903,892,786,861,799,831,786,851,756
O,900,901,892,785,862,801,830,784,851,756
O,900,903,894,786,863,799,830,784,854,756
O,899,902,893,787,863,799,830,785,855,756
O,898,900,896,785,864,800,830,784,854,758
O,897,903,893,786,860,800,830,785,855,756
O,899,902,893,785,860,800,831,785,853,757
O,898,900,894,786,863,799,831,786,854,756
O,898,901,894,784,862,799,830,786,856,756
O,902,902,892,788,862,799,831,784,853,755
O,900,901,894,786,862,800,831,786,854,757
O,899,902,893,786,861,799,833,785,853,756
O,898,903,892,788,862,800,830,785,853,758
O,900,902,895,786,863,801,831,785,853,758
O,901,903,895,785,864,799,832,785,852,758
O,899,902,893,787,865,800,830,785,855,757
O,901,900,894,785,864,800,831,785,854,758
O,900,900,891,788,862,800,830,786,856,758
O,899,903,893,785,862,798,830,786,851,757
O,899,903,894,783,863,800,833,785,852,760
O,897,902,894,784,863,799,832,785,855,757
O,899,903,894,785,862,800,831,786,852,758
O,901,901,895,786,863,799,830,786,855,758
O,900,900,893,784,862,800,830,784,858,757
O,896,904,894,789,862,799,831,785,852,759
O,901,902,893,786,861,800,832,785,853,758
O,899,902,893,786,861,800,831,786,854,758
O,898,902,893,784,862,800,833,782,853,756
O,902,903,894,786,862,800,831,785,855,758
O,897,904,894,785,861,799,830,786,854,757
O,900,903,893,787,866,800,831,786,853,757
O,899,903,894,783,869,801,832,786,853,759
O,899,903,894,787,870,801,831,787,854,761
O,896,902,894,788,867,801,831,786,854,761
O,898,902,893,785,868,802,832,786,854,761
O,902,903,893,786,866,800,831,786,855,760
O,899,902,894,784,868,801,831,786,854,762
O,900,903,893,786,868,802,830,786,855,760
O,901,902,895,785,866,802,832,787,856,763
O,900,904,894,786,867,801,830,788,855,769
O,901,903,896,785,869,801,830,787,858,765
O,898,902,894,787,869,802,831,786,853,766
O,900,902,895,787,865,802,831,788,853,765
O,902,902,894,786,867,803,832,786,857,762
O,898,902,894,780,867,801,832,787,857,765
O,899,900,894,784,871,804,830,786,856,762
O,900,901,895,786,866,803,832,787,858,760
O,897,901,893,785,864,803,832,788,855,764
O,897,903,894,790,861,802,831,790,856,764
O,900,902,893,788,864,804,831,789,854,763
O,898,901,894,785,861,803,832,787,857,765
O,900,903,895,785,868,803,831,789,858,762
O,900,904,894,785,863,804,830,789,854,765
O,901,904,895,785,862,803,832,788,855,765
O,899,902,895,786,861,802,833,788,854,768
O,898,902,893,787,860,804,832,789,854,767
O,901,902,893,788,863,802,831,789,855,768
O,898,902,895,786,863,804,832,790,853,770
O,899,902,894,786,862,804,832,790,853,769
O,896,902,895,785,861,804,831,789,854,765
O,899,902,892,786,862,803,832,789,856,765
O,901,904,895,786,860,805,832,790,856,767
O,900,901,893,784,863,806,832,790,855,767
O,899,902,896,783,863,804,831,790,856,770
O,902,898,896,785,860,805,832,791,855,770
O,899,903,895,785,860,805,832,789,855,769
O,901,901,895,786,862,804,833,789,856,769
O,899,898,896,786,861,804,831,788,855,767
O,898,900,894,785,862,804,831,789,855,763
O,902,900,894,787,862,803,831,789,855,763
O,899,901,895,786,862,804,831,789,854,765
O,895,900,893,787,861,805,832,789,855,766
O,899,903,895,787,861,804,830,790,854,766
O,896,903,894,785,862,805,832,789,857,768
O,898,902,894,786,862,805,831,790,855,767
O,898,900,895,787,861,805,831,790,854,764
O,896,903,894,786,863,804,831,789,858,764
O,900,900,895,786,860,805,832,789,854,765
O,898,903,895,787,862,805,831,790,857,765
O,895,902,895,787,860,804,831,789,855,765
O,897,902,895,787,861,803,832,791,856,766
O,897,900,895,787,863,804,832,790,854,765
O,897,904,894,786,862,803,832,790,856,764
O,895,900,896,788,861,804,833,790,853,764
O,895,900,895,787,862,805,832,787,854,764
O,895,902,895,785,863,804,832,791,856,764
O,900,903,896,787,863,805,831,788,854,764
O,899,899,895,785,862,806,831,790,854,762
O,900,902,893,786,865,804,833,791,856,764
O,899,900,894,785,862,804,832,788,856,764
O,899,903,894,784,860,806,831,793,855,766
O,899,904,894,786,859,804,832,791,855,765
O,902,905,892,787,860,805,832,790,856,765
O,898,904,895,787,861,804,832,790,855,765
O,900,904,895,787,861,804,832,790,857,763
O,898,900,895,786,860,804,831,791,854,764
O,898,900,895,787,858,805,831,789,854,765
O,898,903,896,785,863,804,831,790,856,764
O,896,902,895,786,859,806,832,791,858,765
O,895,903,894,787,862,805,832,790,856,764
O,898,903,893,786,861,804,832,790,857,764
O,897,901,895,787,860,805,832,790,854,762
O,895,901,894,786,860,803,832,791,856,763
O,895,903,894,786,860,805,831,790,854,763
O,892,900,893,784,861,805,832,790,854,763
O,899,902,892,787,860,805,832,790,856,765
O,898,902,895,787,860,805,831,789,855,765
O,899,903,894,786,862,804,833,790,857,765
O,894,901,893,789,861,804,832,790,854,762
O,898,903,895,786,861,804,832,790,853,763
O,898,900,892,786,860,802,830,791,856,763
O,897,901,894,788,859,803,832,792,856,763
O,896,901,894,785,859,804,832,788,857,763
O,898,903,894,786,862,805,830,789,856,761
O,896,901,893,786,861,804,830,788,856,764
O,900,902,895,785,861,805,832,790,855,763
O,899,902,893,787,860,806,834,790,856,764
O,896,905,895,784,863,806,833,791,856,762
O,901,899,894,788,863,806,833,792,858,763
O,900,906,893,788,863,806,834,792,859,766
O,898,903,896,786,865,806,834,792,860,766
O,896,903,894,786,864,805,834,792,858,767
O,898,907,896,786,863,805,832,791,863,766
O,896,904,895,787,866,808,833,791,860,768
O,899,904,895,788,862,807,833,792,860,767
O,899,905,895,788,863,807,830,792,856,766
O,899,907,896,788,863,807,829,794,859,770
O,900,906,895,787,863,808,828,794,855,769
O,896,904,893,788,864,808,827,795,855,768
O,900,906,895,788,863,807,828,793,855,768
O,897,904,894,786,865,808,828,794,855,767
O,900,905,895,787,864,809,827,796,855,768
O,898,905,895,788,863,805,826,794,853,769
O,899,905,894,788,864,808,827,794,854,768
O,897,907,893,787,865,806,827,795,854,769
O,900,907,897,790,861,810,828,794,852,766
O,899,906,893,787,861,809,826,795,853,766
O,899,903,896,789,860,806,825,794,853,766
O,900,903,895,788,860,806,827,796,853,766
O,900,905,895,788,862,808,826,795,853,768
O,899,904,894,788,858,808,826,794,854,767
O,898,903,894,787,860,809,828,794,853,768
O,902,901,897,790,859,808,826,793,852,768
O,901,903,894,788,857,808,825,793,850,765
O,897,903,896,786,862,809,825,794,851,767
O,898,902,896,787,859,807,826,792,852,764
O,899,904,895,786,857,807,826,792,850,765
O,898,903,893,789,858,805,827,790,853,764
O,897,903,895,787,859,807,827,792,851,763
O,899,901,896,786,861,806,826,790,850,761
O,898,905,893,787,860,806,827,791,851,765
O,898,902,894,787,859,807,825,791,851,762
O,897,904,895,787,861,806,826,789,848,764
O,900,903,895,785,860,805,826,789,854,764
O,899,904,894,787,859,805,827,790,855,764
O,898,902,894,786,860,806,825,791,852,761
O,898,903,893,788,858,805,826,790,854,761
O,899,901,893,787,857,804,827,789,853,762
O,897,905,893,786,858,806,824,791,851,762
O,899,904,894,786,859,802,828,789,851,762
O,898,900,894,787,860,804,826,789,851,761
O,900,903,896,787,859,804,830,788,851,761
O,899,901,893,788,859,806,825,789,851,762
O,899,902,894,786,857,805,827,789,851,759
O,897,904,895,787,858,803,826,790,852,763
O,897,903,894,786,857,806,827,790,852,761
O,899,904,893,787,857,806,827,789,851,762
O,898,902,894,787,859,804,827,788,852,763
O,898,904,894,787,862,804,828,789,852,761
O,898,902,895,787,855,802,827,788,850,762
O,898,901,893,787,860,805,827,790,852,761
O,897,904,894,786,858,802,827,789,852,762
O,898,901,893,786,857,804,827,790,852,762
O,896,900,893,788,856,805,827,790,854,762
O,901,901,893,788,857,805,826,788,852,763
O,898,903,893,787,857,803,826,788,854,761
O,897,903,893,785,858,804,827,788,852,761
O,896,904,893,788,857,803,828,787,851,760
O,898,902,893,787,857,805,827,788,851,760
O,897,902,894,784,859,804,826,788,852,763
O,899,898,896,787,858,804,827,789,854,762
O,899,902,893,785,859,805,825,789,854,762
O,900,903,894,785,858,804,827,788,854,762
O,897,902,896,785,857,804,826,788,853,761
O,898,902,894,785,859,805,826,790,852,763
O,899,902,894,786,856,806,825,790,854,762
O,900,904,893,787,856,804,827,787,849,763
O,895,904,893,785,859,804,827,788,851,761
O,898,900,895,786,858,804,827,788,854,761
O,898,903,894,787,857,803,827,788,851,760
O,898,904,895,785,857,804,826,788,853,761
O,897,905,895,787,859,805,827,787,851,762
O,896,903,893,787,856,805,827,790,853,762
O,898,901,895,786,859,805,826,788,851,761
O,898,903,895,788,858,804,827,789,852,761
O,900,900,895,785,856,803,825,790,850,762
O,900,903,893,785,858,803,826,789,852,761
O,896,901,893,785,858,804,826,786,854,761
O,896,903,894,786,858,804,827,788,851,762
O,897,902,893,787,858,801,828,788,849,761
O,900,904,894,785,857,804,825,789,851,762
O,897,901,894,786,858,804,827,787,852,761
O,901,900,894,787,857,803,826,790,852,763
O,901,901,893,787,856,805,826,789,853,762
O,899,903,894,786,858,803,828,787,853,762
O,897,904,894,785,858,803,827,788,853,761
O,898,903,894,786,857,804,828,787,850,760
O,898,904,893,785,857,803,827,787,852,762
O,900,902,895,786,858,804,826,787,850,761
O,895,903,895,785,856,804,827,786,850,764
O,895,903,894,787,859,804,826,787,853,762
O,898,903,894,787,857,802,827,790,850,762
O,899,902,894,787,857,805,826,789,854,762
O,893,908,897,783,857,804,825,788,852,762
O,900,903,893,787,858,803,827,788,851,762
O,898,901,891,786,859,803,827,786,851,761
O,898,903,892,787,858,804,825,788,854,761
O,901,902,893,785,857,804,827,789,853,762
O,896,904,894,785,858,803,827,789,854,761
O,899,904,894,786,859,803,826,788,853,761
O,899,900,895,786,858,803,825,788,852,761
O,900,903,894,787,859,802,826,788,851,762
O,900,903,894,788,857,805,827,788,854,762
O,898,902,893,787,860,805,827,789,853,762
O,901,902,893,785,857,803,827,788,850,763
O,900,902,895,788,858,805,826,789,852,761
O,899,902,894,786,858,803,827,788,851,762
O,898,903,895,786,858,804,827,787,854,763
O,895,903,892,786,859,803,828,788,857,761
O,899,901,895,786,857,803,826,790,851,761
O,898,901,893,787,858,803,827,790,850,759
O,897,902,894,786,859,802,827,787,852,762
O,897,903,891,787,857,803,824,790,854,763
O,897,903,894,785,858,804,826,788,853,761
O,896,901,893,785,859,803,825,789,851,762
O,897,903,893,786,857,804,827,790,850,763
O,901,903,893,787,859,804,825,788,851,762
O,900,902,896,788,858,802,826,788,852,761
O,895,905,894,789,857,804,827,787,851,762
O,900,902,892,787,859,803,827,789,854,762
O,899,903,894,787,860,805,827,789,852,762
O,899,903,893,787,857,803,826,788,850,761
O,899,901,893,785,856,802,826,786,853,760
O,896,902,895,786,859,804,827,788,850,760
O,894,902,893,785,858,804,827,789,851,762
O,899,902,893,785,856,803,827,789,851,762
O,897,902,893,787,857,804,824,786,854,762
O,899,901,895,786,859,803,827,789,853,761
O,897,904,893,790,862,804,827,790,851,762
O,900,902,894,785,858,803,827,789,854,763
O,900,903,891,787,857,802,826,788,852,761
O,901,901,893,786,857,804,826,786,854,759
O,897,901,894,784,858,803,826,787,853,761
O,897,900,893,787,856,804,827,788,851,761
O,898,904,894,786,858,804,827,789,852,760
O,899,903,892,787,858,805,825,789,850,763
O,897,900,895,785,858,804,827,790,851,760
O,900,903,893,786,858,804,826,788,851,763
O,899,900,894,786,858,804,827,789,854,763
O,900,900,894,787,858,804,827,788,850,760
O,898,901,894,786,859,805,826,788,850,760
O,899,903,895,787,860,805,827,789,851,759
O,897,901,894,785,858,804,828,788,851,760
O,901,900,895,785,859,804,827,788,853,760
O,898,903,894,785,858,803,827,787,850,761
O,898,902,894,787,859,804,827,790,852,763
O,901,902,893,785,858,803,826,789,853,761
O,898,901,894,786,857,805,828,789,850,762
O,898,901,893,786,859,804,827,788,853,761
O,899,901,894,785,857,803,825,789,853,760
O,899,903,894,788,855,802,826,789,855,761
O,899,903,894,786,860,802,827,789,851,762
O,902,900,891,786,858,804,827,789,853,761
O,895,902,895,787,859,804,827,787,853,761
O,901,901,894,786,857,803,827,788,851,760
O,897,898,894,788,858,803,826,789,853,760
O,896,901,894,785,858,804,826,788,853,761
O,897,903,895,787,857,805,827,789,852,760
O,900,902,894,786,858,804,827,788,852,762
O,898,900,895,785,856,804,825,788,852,762
O,898,902,892,787,858,802,826,788,850,759
O,900,901,892,788,857,803,825,789,852,761
O,900,901,894,786,857,804,827,790,853,759
O,899,902,894,786,858,803,826,789,854,762
O,897,904,894,787,857,803,827,788,853,760
O,900,901,893,787,859,803,826,788,853,762
O,900,901,896,786,854,803,827,789,854,761
O,898,901,893,786,859,803,827,788,851,760
O,900,903,893,785,859,804,827,787,853,761
O,896,904,892,786,857,805,827,789,851,760
O,899,903,895,786,860,804,828,789,851,762
O,898,900,895,786,858,804,827,789,851,761
O,900,902,894,787,858,803,826,790,852,761
O,899,903,895,787,858,803,827,789,851,761
O,899,901,895,786,859,803,826,788,850,762
O,898,901,893,786,857,802,826,787,852,762
O,899,902,893,787,859,802,827,788,850,761
O,899,904,895,785,859,804,825,788,851,760
O,900,902,895,785,857,804,828,789,852,762
O,898,902,895,787,858,804,827,787,854,760
O,897,902,893,787,860,805,826,788,850,761
O,901,901,894,787,859,803,827,789,851,760
O,897,898,892,789,859,803,826,788,853,760
O,900,901,895,785,858,804,827,788,849,762
O,898,902,895,784,859,803,825,787,854,759
O,897,902,895,787,859,803,826,789,853,759
O,900,902,895,789,859,803,826,788,851,761
O,898,903,894,786,861,803,828,788,851,761
O,899,900,895,785,859,805,826,789,852,761
O,899,901,894,785,854,805,826,790,858,759
O,898,903,893,786,859,802,827,787,851,760
O,899,903,895,787,860,803,828,789,856,757
O,902,903,893,785,860,804,827,789,854,762
O,898,903,894,786,860,805,827,788,852,762
O,899,901,893,786,860,805,826,790,853,761
O,897,901,895,787,860,803,825,788,852,760
O,900,901,894,786,857,803,827,789,857,759
O,898,900,893,782,859,804,826,788,853,761
O,899,900,895,787,858,804,828,789,854,762
O,899,904,893,787,862,806,826,788,850,762
O,898,902,895,786,857,804,827,789,851,760
O,896,901,893,785,858,802,826,790,851,760
O,898,902,894,785,859,804,826,789,851,761
O,897,899,893,785,858,803,827,788,850,761
O,899,901,894,787,859,803,827,787,851,762
O,900,902,893,784,859,802,827,790,850,760
O,899,902,894,787,861,803,826,789,850,760
O,899,903,896,787,859,805,828,787,852,762
O,898,900,894,785,860,804,828,788,853,761
O,899,900,894,787,858,803,826,788,848,761
O,898,902,895,788,859,803,827,789,853,761
O,899,902,892,785,858,804,826,787,851,762
O,896,902,895,785,859,804,825,788,852,759
O,899,903,894,786,860,804,828,789,855,762
O,898,903,896,787,860,803,826,790,852,761
O,900,901,894,788,859,803,825,787,851,761
O,898,902,893,784,859,803,827,788,852,760
O,897,904,893,785,858,805,827,787,855,761
O,903,904,892,786,860,803,827,788,852,762
O,903,900,895,786,858,805,826,790,852,762
O,898,906,893,790,857,803,827,788,853,762
O,897,901,894,786,858,804,827,789,851,761
O,900,901,894,786,860,803,826,788,852,760
O,898,902,893,785,859,803,827,789,853,760
O,897,900,893,785,858,802,828,789,853,761
O,900,902,894,787,858,804,827,787,850,763
O,897,902,893,784,860,804,826,787,852,760
O,899,903,894,787,859,804,827,788,853,762
O,900,903,894,786,861,802,828,787,854,762
O,899,903,894,786,860,803,826,788,850,760
O,898,903,892,785,859,804,827,788,851,762
O,900,899,894,787,860,804,827,787,851,761
O,900,902,894,788,859,802,827,789,851,760
O,900,902,895,787,859,804,826,789,850,762
O,900,903,895,785,859,803,826,789,854,760
O,897,904,895,786,860,803,826,789,850,760
O,897,901,892,784,862,803,823,790,852,760
O,898,903,894,787,861,805,828,788,853,762
O,900,903,894,787,859,802,827,787,851,760
O,895,902,893,785,860,802,828,788,851,760
O,898,901,895,786,859,804,827,788,853,761
O,900,901,894,787,858,802,826,788,852,760
O,900,903,895,787,859,803,827,791,851,758
O,900,901,893,786,861,805,828,790,852,762
O,899,901,894,786,860,803,826,788,853,762
O,898,903,895,787,861,804,826,788,851,759
O,899,901,891,788,857,804,826,789,853,760
O,901,901,894,786,860,804,827,787,851,761
O,900,902,894,786,861,802,828,789,854,761
O,896,901,893,788,858,802,825,788,851,762
O,901,903,892,785,860,802,826,787,854,761
