S,924,886,826,770,830,777,905,789,913,762
S,930,919,940,822,928,810,915,813,918,780
S,932,917,944,821,933,807,915,812,915,783
S,932,916,943,820,932,809,916,813,918,777
S,932,916,943,819,932,809,915,811,917,773
S,932,916,943,820,930,809,916,812,920,775
S,932,916,942,821,932,807,915,811,915,774
S,934,916,944,819,929,808,915,812,920,776
S,932,916,945,819,930,810,913,812,917,774
S,932,917,944,821,933,810,914,812,918,774
S,933,917,943,820,930,810,914,813,916,775
S,939,919,945,819,930,807,915,811,917,775
S,934,919,943,819,931,808,916,810,919,774
S,932,916,942,818,931,810,915,812,917,775
S,931,914,942,821,930,809,915,811,917,774
S,935,917,942,821,931,808,917,810,917,776
S,930,915,943,818,929,810,915,810,919,773
S,934,914,944,819,931,806,915,810,917,774
S,934,915,944,819,930,809,916,808,919,775
S,934,916,944,821,931,807,916,810,915,776
S,936,913,943,821,928,808,915,810,919,776
S,930,916,943,820,929,809,915,810,915,774
S,930,914,943,821,931,809,915,810,917,777
S,933,915,942,821,932,809,913,808,920,774
S,931,918,945,820,928,808,916,811,919,775
S,933,916,938,819,927,809,914,806,917,774
S,931,917,942,820,931,808,916,807,918,775
S,932,916,944,819,929,808,915,810,915,775
S,931,914,941,817,933,809,914,808,918,775
S,932,917,944,822,932,809,915,807,915,776
S,931,918,943,821,931,808,914,808,919,776
S,929,915,943,821,930,807,915,810,914,780
S,932,918,944,819,929,808,915,808,916,777
S,930,914,941,819,930,809,912,808,916,781
S,933,916,942,821,927,810,917,810,921,771
S,931,917,944,821,932,808,916,809,915,778
S,929,917,944,820,932,808,916,810,915,777
S,931,916,942,820,933,807,913,809,918,776
S,936,916,939,820,931,808,916,810,916,776
S,927,917,943,818,932,805,915,807,918,774
S,932,917,942,819,929,809,913,807,917,774
S,931,915,943,820,930,809,916,809,917,774
S,930,916,943,821,931,809,916,808,918,772
S,930,916,941,821,933,807,915,807,917,774
S,933,915,943,820,932,808,914,808,918,775
S,932,915,941,819,929,807,913,808,916,773
S,931,916,943,821,931,808,915,807,917,775
S,931,915,944,820,931,806,914,808,916,774
S,932,915,943,819,932,808,916,807,916,775
S,930,917,941,819,931,808,917,806,917,773
S,927,914,944,819,930,807,915,805,917,773
S,930,917,944,820,933,807,915,804,918,773
S,929,914,942,819,931,807,915,804,916,773
S,929,915,943,821,933,806,915,805,916,770
S,930,917,943,820,928,806,915,804,914,771
S,932,914,944,821,930,807,914,803,916,771
S,932,917,941,818,930,808,916,802,918,771
S,930,917,943,820,930,807,915,800,915,771
S,930,915,942,819,931,807,915,802,916,769
S,929,916,943,819,930,807,916,801,915,770
S,928,914,941,818,933,806,916,801,917,768
S,929,915,942,819,930,805,913,799,916,771
S,934,912,940,823,936,805,914,801,914,771
S,924,920,941,821,931,806,914,801,915,770
S,931,916,942,818,929,804,913,800,916,770
S,928,915,943,819,932,806,913,799,917,771
S,929,918,944,818,931,805,915,800,918,771
S,929,915,943,818,930,807,913,799,914,771
S,928,915,944,819,930,806,914,799,918,769
S,927,918,942,820,929,807,915,798,919,772
S,931,914,942,820,931,806,913,799,918,774
S,930,916,944,821,930,807,915,798,916,769
S,931,914,942,821,928,806,914,799,916,771
S,930,918,940,820,931,805,914,797,915,772
S,930,914,941,817,929,805,912,796,916,771
S,930,916,941,820,930,806,914,796,917,771
S,930,915,942,819,927,806,912,799,917,771
S,928,917,942,819,929,806,914,799,915,772
S,927,918,942,819,929,806,914,798,918,772
S,928,917,942,820,928,805,914,799,918,771
S,928,915,943,820,930,806,914,799,915,769
S,931,918,940,820,931,806,913,798,912,771
S,927,918,941,819,928,806,914,797,914,771
S,929,916,942,817,929,805,914,797,918,772
S,926,914,942,820,932,807,913,796,919,771
S,930,914,942,820,928,806,913,798,916,773
S,925,917,940,820,928,805,912,798,913,771
S,930,917,941,820,930,806,914,798,918,771
S,930,915,942,818,928,806,913,797,914,770
S,928,914,942,819,929,806,914,797,914,770
S,931,915,941,818,930,805,913,797,918,768
S,933,915,942,820,929,806,913,797,915,773
S,931,916,941,818,930,805,913,799,914,770
S,933,917,936,820,930,806,914,795,912,770
S,934,916,939,818,928,804,913,797,913,770
S,930,914,943,818,928,806,914,797,914,768
S,933,916,941,818,926,803,914,799,916,771
S,933,918,942,818,928,805,914,797,917,767
S,933,916,941,820,931,806,913,796,917,767
S,935,917,941,818,928,805,913,796,915,768
S,930,916,943,819,926,802,912,796,916,769
S,935,917,942,818,929,806,913,798,918,771
S,932,915,940,818,930,806,912,796,917,771
S,934,914,941,817,930,805,912,797,915,769
S,932,917,942,819,928,805,914,797,914,770
S,931,917,942,820,930,805,913,798,918,768
S,931,915,941,819,928,806,913,797,916,769
S,932,917,941,819,928,807,913,796,919,767
S,934,916,942,818,928,805,913,797,917,768
S,932,914,941,819,930,804,913,797,918,770
S,932,915,942,821,928,805,914,797,916,768
S,934,914,941,818,927,805,914,797,914,767
S,934,914,941,820,929,807,912,798,912,767
S,933,915,939,819,929,806,911,798,914,769
S,931,915,941,818,931,805,910,797,917,768
S,934,916,943,819,930,805,912,797,917,767
S,934,915,943,818,927,805,912,796,916,769
S,938,916,943,820,930,805,914,796,914,768
S,934,917,941,819,926,805,912,796,915,768
S,932,917,941,817,928,805,912,797,915,769
S,934,914,940,819,932,804,912,796,916,769
S,934,917,940,819,930,805,912,797,916,769
S,934,916,942,819,930,805,912,795,920,768
S,935,917,939,819,931,805,912,795,915,771
S,935,916,942,818,934,804,912,800,914,768
S,934,915,941,818,931,806,911,797,913,769
S,935,916,942,818,928,804,913,797,916,769
S,936,913,942,818,930,804,912,796,916,769
S,934,914,941,818,929,804,912,797,916,769
S,930,914,942,818,932,805,912,797,913,768
S,932,916,941,817,934,803,913,796,913,769
S,931,918,940,817,929,804,913,798,915,769
S,931,915,942,817,931,806,914,796,919,767
S,933,915,940,819,929,805,912,798,914,768
S,933,917,939,817,928,804,911,797,914,768
S,933,915,942,818,930,805,912,797,917,768
S,933,914,941,819,931,804,912,796,918,773
S,930,915,942,818,928,804,911,796,914,769
S,932,916,941,817,932,804,914,796,918,769
S,937,916,942,816,930,806,913,795,917,769
S,931,913,940,817,931,805,911,796,916,768
S,935,916,941,818,930,805,913,797,914,769
S,934,917,943,819,931,805,912,796,916,767
S,932,916,941,817,930,806,913,796,914,769
S,933,917,943,817,934,805,912,796,917,768
S,934,916,941,818,933,806,908,797,914,772
S,933,915,939,816,933,806,912,797,916,768
S,933,916,941,817,929,805,914,796,913,767
S,930,911,941,818,929,806,911,797,918,769
S,933,916,940,818,930,805,913,795,914,770
S,933,916,941,819,930,803,913,797,915,767
S,936,916,942,821,927,806,913,796,917,769
S,934,915,942,819,930,805,912,796,915,769
S,934,916,940,818,931,805,912,797,914,769
S,933,915,941,819,930,804,913,797,916,769
S,932,916,941,819,932,804,911,798,916,769
S,934,917,942,820,930,807,909,796,915,766
S,934,916,940,819,929,803,911,797,915,768
S,933,916,940,818,930,806,913,797,916,767
S,933,915,941,819,928,804,910,795,914,767
S,935,916,941,819,930,805,911,798,914,766
S,933,916,942,816,931,806,911,798,916,769
S,932,916,941,818,928,806,912,795,916,769
S,939,914,939,818,931,803,911,795,913,768
S,936,916,941,817,932,804,912,798,917,768
S,935,915,939,819,929,806,913,795,914,769
S,932,915,942,817,931,805,912,798,915,767
S,935,919,940,820,929,805,911,795,912,767
S,934,915,943,818,926,804,912,797,917,768
S,932,913,941,818,929,806,913,796,915,767
S,933,916,941,818,930,806,914,795,914,768
S,930,916,941,816,925,803,910,797,916,768
S,935,913,941,818,929,804,912,797,915,767
S,930,917,942,817,930,804,911,795,916,769
S,934,915,940,817,931,805,912,796,915,767
S,934,916,941,819,930,806,911,796,917,766
S,932,916,940,819,928,806,912,797,917,767
S,932,917,940,816,927,805,912,797,913,767
S,933,914,940,819,928,806,912,797,916,768
S,932,914,937,817,928,805,913,795,917,768
S,934,916,941,818,931,804,910,796,916,766
S,934,916,942,818,928,805,912,795,915,768
S,932,917,940,818,929,805,913,796,916,768
S,926,915,940,820,928,805,913,796,916,768
S,932,915,941,819,928,805,912,796,912,767
S,934,917,941,818,928,804,912,798,914,769
S,934,915,942,817,928,805,912,797,916,767
S,931,915,941,816,927,804,911,796,914,767
S,935,916,940,818,928,803,911,797,916,767
S,932,915,938,819,928,804,911,796,915,767
S,936,915,940,816,929,806,913,796,916,769
S,933,917,942,816,932,806,911,798,913,767
S,931,915,940,819,928,804,911,796,912,768
S,930,915,940,818,928,806,912,797,917,768
S,932,912,940,818,929,806,912,798,914,767
S,928,913,939,815,929,804,913,798,915,767
S,932,913,941,818,931,806,911,797,916,768
S,935,915,941,817,929,805,912,797,916,769
S,935,913,942,817,930,804,912,796,916,766
S,934,916,941,818,929,806,911,797,915,764
S,933,915,940,819,929,805,911,797,915,768
S,933,917,940,818,928,805,910,797,916,769
S,933,916,940,817,929,804,913,796,916,767
S,932,915,940,820,927,805,912,797,913,768
S,933,915,940,816,925,804,911,796,917,769
S,932,916,940,819,931,803,909,797,916,767
S,936,916,941,819,927,806,912,796,915,766
S,931,915,939,820,925,803,912,795,915,769
S,932,917,940,817,929,804,912,797,915,768
S,932,915,939,818,927,806,912,797,913,767
S,931,914,943,819,928,806,912,795,914,767
S,932,915,940,819,927,806,912,797,917,768
S,937,916,942,817,926,805,911,797,915,769
S,933,914,941,819,929,806,912,797,916,767
S,934,915,942,817,931,803,912,797,917,767
S,929,914,941,817,927,805,912,797,917,768
S,934,912,943,817,929,805,911,797,917,768
S,935,917,939,817,928,804,913,796,914,767
S,932,915,940,816,930,806,913,796,916,767
S,937,914,940,815,924,805,912,797,916,768
S,932,916,941,817,929,805,912,797,915,767
S,931,914,941,818,928,805,911,796,914,766
S,935,915,939,818,930,805,910,796,915,767
S,936,913,940,819,929,806,913,796,915,769
S,933,914,941,817,928,804,913,796,914,767
S,935,916,942,816,927,804,911,799,914,767
S,932,915,940,818,930,803,912,797,915,767
S,930,917,941,816,929,806,912,797,913,766
S,936,914,941,817,928,803,911,796,913,767
S,938,914,942,816,929,804,911,796,914,766
S,935,914,941,818,928,804,911,796,916,767
S,933,913,940,816,931,804,912,798,918,767
S,935,915,941,818,930,805,913,796,917,768
S,932,916,940,818,929,804,910,797,915,769
S,936,912,940,818,929,805,911,796,914,769
S,935,914,941,818,930,805,912,797,915,767
S,932,914,939,818,927,803,911,798,916,767
S,934,915,940,815,925,806,911,797,915,766
S,934,914,939,818,929,805,912,798,916,768
S,937,913,941,818,929,805,911,796,916,766
S,934,913,940,816,928,804,911,797,915,768
S,930,913,940,817,929,805,912,795,914,769
S,932,916,940,818,928,805,912,796,914,768
S,935,916,940,818,929,805,911,796,916,768
S,933,914,939,818,927,805,912,796,913,768
S,933,914,939,819,926,806,912,797,917,764
S,933,915,941,818,926,804,911,797,914,769
S,934,916,940,818,928,804,911,797,913,769
S,935,914,942,818,928,805,911,798,914,767
S,932,915,940,818,929,805,911,796,915,768
S,935,914,941,819,929,805,913,797,916,767
S,931,913,939,816,929,805,912,798,914,767
S,933,914,942,816,927,805,912,797,914,768
S,933,915,941,818,928,804,912,798,916,765
S,935,915,941,816,926,806,910,796,913,765
S,934,914,940,816,928,805,912,797,913,767
S,934,915,941,818,926,806,911,795,912,767
S,934,913,938,818,927,804,912,796,914,766
S,934,915,941,816,926,805,912,798,913,767
S,935,915,941,816,930,805,912,795,913,767
S,933,914,941,816,929,804,911,796,914,765
S,930,913,941,816,927,804,912,797,914,766
S,935,912,940,815,927,805,911,797,914,769
S,932,914,941,818,932,805,909,796,913,769
S,932,915,942,817,932,806,910,796,915,767
S,932,915,940,818,930,806,911,796,914,769
S,934,915,941,815,930,804,911,797,916,768
S,934,913,941,816,931,804,910,797,915,767
S,933,915,941,817,929,804,911,799,914,767
S,933,915,942,817,930,804,910,798,914,768
S,933,912,941,818,930,805,911,795,916,767
S,931,913,941,817,929,804,911,797,914,767
S,934,914,939,818,928,806,912,796,911,769
S,937,916,940,817,926,806,912,795,914,766
S,934,913,939,817,930,805,911,797,914,766
S,935,913,942,816,932,804,907,795,916,768
S,932,915,941,816,930,806,911,797,912,767
S,934,916,940,821,926,804,910,797,914,769
S,935,914,940,818,927,806,913,797,914,765
S,934,915,941,819,930,804,911,797,919,770
S,929,913,941,817,927,805,910,796,913,768
S,935,915,941,817,927,805,910,798,916,767
S,934,914,939,818,926,806,912,796,914,768
S,934,913,941,818,928,805,910,797,916,767
S,934,916,941,818,927,805,911,795,918,766
S,939,913,939,818,927,805,911,797,916,768
S,934,913,939,815,927,807,912,797,913,766
S,931,914,941,819,927,805,912,797,914,767
S,933,915,941,817,927,805,910,796,917,769
S,934,915,942,819,928,805,912,796,915,769
S,932,914,940,817,926,804,910,795,915,768
S,935,914,941,817,926,805,911,797,913,768
S,933,914,940,816,928,806,909,797,915,768
S,933,915,940,818,926,805,911,795,911,768
S,932,911,942,818,926,805,912,797,915,768
S,933,915,939,817,928,804,911,796,915,767
S,935,914,940,819,925,803,910,798,917,768
S,932,916,939,817,927,804,911,796,914,768
S,936,913,941,813,930,806,911,797,915,766
S,933,916,939,817,926,804,912,797,913,767
S,932,913,939,818,927,805,910,797,917,766
S,933,917,939,816,926,803,910,797,914,767
S,931,912,939,817,926,804,911,797,911,766
S,936,915,940,817,928,806,911,797,914,767
S,934,915,941,816,928,804,909,798,914,767
S,933,914,939,818,925,805,911,796,914,767
S,935,915,940,818,928,805,912,797,914,768
S,934,914,939,818,926,805,912,797,916,768
S,933,915,940,818,926,804,912,796,913,766
S,933,913,940,817,928,803,912,798,917,766
S,933,914,942,817,928,806,911,795,915,768
S,939,917,941,818,923,804,909,796,912,768
S,936,916,942,817,930,805,911,797,912,767
S,933,913,939,817,929,806,912,795,915,767
S,934,913,941,816,926,806,911,798,916,766
S,933,912,941,817,928,804,912,795,912,768
S,934,917,940,817,927,805,911,796,916,768
S,933,911,939,819,930,803,910,796,912,769
S,934,913,939,816,928,803,912,796,915,766
S,935,913,937,816,928,803,910,796,914,771
S,936,914,938,816,921,803,912,797,913,766
S,936,915,937,816,928,805,911,795,913,766
S,935,916,939,816,928,805,911,796,914,768
S,932,916,940,817,928,804,909,797,916,765
S,934,914,940,817,927,805,913,797,917,766
S,933,912,939,818,926,805,910,797,913,767
S,934,914,941,816,929,804,911,798,914,768
S,933,916,940,817,927,803,911,796,915,768
S,935,914,939,817,926,804,912,796,914,766
S,932,915,941,816,927,804,913,799,913,765
S,932,916,939,817,927,806,909,795,916,766
S,935,913,940,817,925,804,910,796,915,766
S,934,915,940,816,929,804,911,795,912,767
S,934,913,941,816,926,805,911,796,914,768
S,935,913,940,817,925,804,910,796,913,768
S,933,914,941,817,927,804,908,795,914,765
S,935,913,941,816,927,805,911,797,912,767
S,935,915,941,816,927,806,909,795,917,767
S,934,913,941,817,925,805,909,796,913,766
S,936,916,939,817,927,806,909,796,915,766
S,930,919,944,813,927,806,912,796,915,766
S,933,915,940,817,926,804,911,798,913,767
S,932,914,940,817,929,804,911,796,915,767
S,934,913,940,817,927,804,909,797,914,766
S,934,915,940,818,927,804,911,796,913,766
S,933,915,940,817,926,805,910,797,912,769
S,933,912,939,816,925,804,910,795,915,769
S,935,913,939,817,928,805,912,797,915,768
S,932,915,938,817,928,804,911,797,914,768
S,935,914,940,818,927,807,912,797,912,767
S,935,915,939,817,927,805,910,796,915,766
S,934,916,941,817,929,804,908,795,913,766
S,935,914,940,817,927,805,910,795,912,766
S,937,915,940,815,929,805,909,797,915,767
S,933,914,940,818,928,804,911,795,915,767
S,933,914,939,817,926,806,910,798,916,765
S,934,914,940,815,928,805,910,798,913,766
S,933,913,940,819,926,806,912,796,915,766
S,936,914,939,818,927,805,909,796,915,767
S,936,915,940,816,923,805,911,796,915,768
S,935,915,940,818,927,804,911,797,914,768
S,933,913,937,815,926,804,908,797,912,769
S,933,914,940,817,925,806,912,796,914,766
S,931,913,940,817,926,805,910,797,916,768
S,933,913,940,815,924,806,912,797,913,767
S,930,913,941,817,926,803,911,798,911,769
S,935,913,939,816,928,805,910,797,913,768
S,937,915,939,819,923,803,913,796,913,769
S,934,914,939,817,925,805,910,796,912,765
S,934,914,939,816,927,805,910,798,913,765
S,935,914,941,820,927,805,910,797,915,769
S,935,913,939,816,926,804,911,797,915,766
S,932,914,939,816,925,803,912,796,914,768
S,937,916,937,818,927,804,911,797,914,767
S,933,914,940,816,924,805,910,797,913,766
S,934,912,941,817,928,803,911,797,916,769
S,932,914,940,818,924,805,912,794,912,767
S,935,915,938,816,928,805,912,797,914,769
S,933,914,939,817,928,804,909,796,916,768
S,935,912,937,816,926,806,912,795,913,765
S,933,914,939,817,928,805,910,798,911,768
S,938,915,940,815,925,804,912,797,914,767
S,935,915,938,817,926,804,911,797,915,767
S,932,916,939,816,926,805,910,797,915,767
S,931,913,940,816,927,805,911,797,916,767
S,934,914,938,815,927,804,910,796,914,766
S,939,916,941,814,924,804,911,797,912,767
S,935,916,940,815,925,805,910,796,912,768
S,935,914,939,817,928,804,910,796,919,767
S,933,914,939,817,927,804,910,799,917,768
S,933,914,940,816,929,804,909,796,912,766
S,934,912,938,816,926,805,911,796,913,766
S,934,914,940,817,927,806,911,797,912,769
S,932,912,938,817,927,806,911,795,912,767
S,934,916,935,819,926,804,907,795,914,767
S,934,914,939,816,927,805,911,796,913,769
S,936,912,940,818,925,803,911,798,913,767
S,933,916,939,815,929,806,909,798,915,768
S,935,913,940,816,927,804,910,796,914,766
S,935,915,940,816,929,805,909,796,917,769
S,931,917,938,818,931,804,913,798,914,768
S,935,915,940,817,927,805,909,796,914,768
S,934,913,941,815,925,806,911,795,915,767
S,934,916,941,817,926,803,908,796,915,766
S,934,914,938,816,925,804,910,796,912,766
S,932,913,939,817,927,804,911,797,912,766
S,932,915,940,816,928,804,911,796,911,766
S,935,911,938,817,927,805,911,795,912,768
S,935,915,941,816,925,805,911,797,914,768
S,935,919,939,814,929,805,911,796,914,766
S,934,912,939,816,926,805,910,796,911,768
S,934,913,940,816,927,805,911,797,912,768
S,936,914,940,816,927,806,911,798,912,768
S,932,915,941,816,926,804,909,796,915,768
S,936,913,938,817,928,804,910,797,913,769
S,932,913,938,817,926,804,909,797,913,768
S,929,917,939,815,928,808,910,796,912,766
S,936,915,940,816,926,804,910,797,914,765
S,934,913,941,816,929,806,910,797,913,766
S,933,914,941,816,925,804,910,795,914,769
S,935,914,939,816,928,804,911,796,912,769
S,933,913,938,815,926,805,908,795,914,767
S,938,916,938,816,926,803,910,796,911,768
S,932,914,939,815,926,804,909,797,913,767
S,936,913,938,815,927,805,910,798,915,769
S,936,914,940,817,927,804,911,798,916,766
S,931,917,939,816,927,805,909,797,911,767
S,933,915,938,815,927,804,911,796,915,767
S,933,913,941,817,929,805,911,798,914,767
S,937,917,939,817,929,804,912,798,911,768
S,935,914,940,814,925,804,910,796,913,769
S,933,914,940,816,927,805,909,797,913,767
S,936,915,941,815,924,806,910,796,915,767
S,931,914,941,814,926,806,910,797,915,766
S,933,912,939,815,926,805,910,797,911,768
S,933,917,937,818,932,803,908,797,914,769
S,935,915,938,816,927,806,910,796,915,768
S,933,914,939,817,927,805,909,797,911,767
S,933,914,939,816,926,805,910,797,911,769
S,934,913,939,817,925,805,909,797,915,766
S,932,915,940,817,927,805,910,797,913,768
S,935,914,940,815,927,805,910,797,915,767
S,933,914,940,816,926,805,911,798,913,767
S,936,915,938,815,927,806,910,798,914,767
S,934,914,939,816,927,804,910,796,913,769
S,934,913,940,817,925,806,910,796,911,768
S,934,913,938,817,929,805,909,797,911,767
S,935,913,940,815,926,805,910,798,911,767
S,936,913,939,817,927,805,909,797,914,769
S,935,915,939,814,924,801,910,799,912,768
S,935,914,940,817,926,805,907,797,910,769
S,936,915,940,815,925,805,911,797,914,767
S,934,911,939,817,925,803,910,797,913,768
S,935,914,941,815,928,804,911,796,912,768
S,930,915,938,817,926,806,911,797,913,768
S,932,912,940,815,926,805,909,797,913,767
S,935,914,940,816,926,806,910,798,914,768
S,934,913,939,816,928,804,911,799,914,765
S,936,913,938,815,924,804,911,797,915,768
S,931,913,940,816,925,805,909,796,911,768
S,934,915,939,817,923,805,910,798,912,768
S,932,914,940,817,925,806,911,797,913,766
S,933,911,939,816,927,805,908,797,915,769
S,933,914,940,815,926,804,908,795,912,767
S,933,915,939,815,925,804,911,798,910,766
S,932,912,940,817,925,804,910,798,914,767
S,932,914,939,816,927,805,909,795,914,766
S,932,913,939,814,924,804,910,799,912,769
S,931,915,939,815,926,806,909,799,912,767
S,931,915,941,818,926,805,909,797,912,767
S,934,913,939,816,926,805,910,797,911,767
S,937,913,941,815,924,807,909,796,912,769
S,932,912,937,816,925,805,910,798,913,768
S,934,915,940,817,926,805,910,797,913,766
S,933,914,939,814,928,804,910,798,914,768
S,933,914,940,815,925,805,911,796,913,769
S,934,915,937,816,926,806,911,798,913,768
S,936,914,938,817,927,804,910,797,912,768
S,936,912,938,818,923,806,910,797,912,768
S,936,915,941,816,927,804,911,797,914,765
S,933,913,940,815,925,806,909,797,912,768
S,932,912,940,817,927,805,910,797,913,769
S,936,916,939,815,926,805,909,797,914,767
S,932,913,939,816,928,803,910,799,913,768
S,932,912,940,815,924,804,910,798,911,769
S,933,915,938,815,924,804,909,797,914,769
S,931,913,937,817,925,806,909,798,911,766
S,935,915,939,815,927,806,911,797,915,768
S,936,912,939,817,926,805,910,797,916,769
S,933,915,940,816,925,804,911,796,911,767
S,934,916,940,816,926,806,910,798,914,767
S,933,912,939,815,925,805,910,796,913,768
S,933,912,938,818,925,806,910,798,911,768
S,933,914,939,816,926,806,910,797,911,769
S,934,912,941,816,928,805,911,797,912,768
S,935,914,939,817,926,805,909,798,911,767
S,933,916,939,815,925,805,910,797,913,769
S,936,913,939,815,924,803,910,796,913,767
S,932,913,941,815,925,802,912,794,911,770
S,935,913,940,817,925,806,909,798,914,767
S,936,915,940,816,925,804,909,795,914,769
S,932,913,938,815,927,805,908,795,915,767
S,933,914,940,814,928,804,911,796,910,767
S,931,911,939,814,926,804,909,795,913,769
S,933,914,939,815,928,804,911,795,913,768
S,935,913,940,816,926,805,910,796,913,769
S,933,914,938,816,928,804,909,798,913,767
S,931,914,938,815,929,805,909,796,914,769
S,935,913,939,817,923,804,909,796,912,768
S,932,913,939,816,925,803,910,799,909,769
S,933,913,941,816,927,805,909,797,913,768
S,936,915,939,815,926,805,911,797,914,767
S,932,914,940,815,928,803,911,795,913,768
S,932,914,938,815,926,803,909,797,912,768
S,932,915,937,816,923,805,910,795,911,766
S,930,915,942,817,925,804,910,796,914,768
S,931,916,938,817,920,807,909,796,911,767
S,931,913,940,817,924,805,910,796,912,767
S,934,918,940,816,926,806,908,797,914,767
S,932,913,938,815,926,804,910,796,914,768
S,933,915,941,814,925,804,911,796,910,770
S,935,914,939,816,928,803,909,796,911,770
S,934,913,940,817,927,805,909,797,914,767
S,931,912,939,814,926,806,909,797,911,767
S,935,915,940,817,924,806,909,797,914,768
S,936,912,939,815,927,806,910,798,911,768
S,936,913,938,814,928,805,909,798,912,768
S,934,913,937,815,927,805,909,797,913,768
S,933,913,940,816,928,803,912,798,908,769
S,937,916,940,814,929,805,911,797,911,768
S,933,912,939,815,923,805,909,796,911,769
S,931,912,941,816,926,805,910,797,914,768
S,931,913,941,815,926,804,908,796,912,769
S,932,915,939,817,927,806,911,797,912,766
S,931,914,940,814,926,805,910,796,912,769
S,933,912,938,817,927,806,910,797,912,767
S,932,914,940,816,925,804,909,795,910,766
S,933,912,940,817,925,806,910,797,912,769
S,935,915,939,816,928,806,910,797,910,768
S,938,915,941,817,928,805,909,797,913,769
S,933,912,939,816,926,804,909,796,913,768
S,934,914,939,817,925,802,911,796,913,768
S,935,915,938,814,927,806,909,796,911,767
S,933,913,938,817,926,803,909,796,912,768
S,932,911,940,816,928,806,909,798,911,768
S,933,912,940,815,925,805,910,797,912,766
S,932,916,938,816,925,803,909,796,910,768
S,933,913,941,815,927,805,910,797,911,768
S,933,915,939,814,929,804,910,796,914,769
S,936,913,940,816,928,805,909,796,913,767
S,936,912,939,817,926,804,909,797,913,767
S,936,910,938,815,928,806,909,796,913,769
S,934,914,938,816,926,805,908,797,913,768
S,933,913,939,817,929,805,909,796,913,768
S,935,913,938,816,926,805,912,800,911,768
S,935,915,941,815,924,804,908,796,913,769
S,932,914,938,815,928,806,908,796,911,768
S,934,913,938,816,925,805,908,798,911,767
S,932,914,940,816,928,805,910,798,912,767
S,935,915,939,815,928,805,908,797,912,768
S,934,911,939,816,925,805,907,797,910,767
S,935,912,940,816,928,805,908,798,912,767
S,933,915,938,816,927,804,909,797,911,768
S,937,914,939,815,924,804,909,797,912,768
S,934,916,937,814,927,806,909,798,913,769
S,932,913,939,813,929,803,908,798,913,768
S,934,912,939,814,925,806,909,796,913,768
S,931,913,939,815,923,803,909,797,910,767
S,932,915,940,816,928,803,909,796,912,767
S,930,920,939,814,923,803,908,795,914,769
S,934,913,940,814,926,806,908,796,913,768
S,935,913,938,813,926,804,909,796,912,768
S,935,914,940,815,926,805,909,795,914,771
S,934,914,937,816,926,805,908,796,912,767
S,934,914,938,817,923,805,908,798,912,769
S,936,913,937,817,928,805,909,798,911,768
S,933,913,940,814,926,806,910,794,913,767
S,933,915,938,814,925,804,909,797,913,771
S,930,913,938,813,926,804,909,797,913,769
S,935,913,939,817,926,804,912,798,910,767
S,933,913,940,816,927,805,909,797,913,769
S,934,914,941,815,924,806,907,798,912,766
S,934,914,940,815,924,807,910,797,911,769
S,932,912,940,815,925,804,909,795,913,769
S,933,913,940,814,926,804,909,795,912,769
S,932,913,938,814,925,805,907,798,910,767
S,932,914,940,816,925,806,908,798,913,769
S,933,915,937,815,923,804,910,797,911,766
S,934,915,940,816,927,804,910,796,910,768
S,934,912,939,817,927,805,910,796,912,768
S,934,913,940,817,928,804,908,798,910,768
S,932,912,940,815,926,804,909,796,912,770
S,935,912,939,815,927,804,908,796,909,767
S,935,912,938,816,924,806,910,796,913,768
S,934,915,940,814,925,806,908,798,910,767
S,932,913,939,816,927,806,909,796,912,768
S,933,913,937,815,925,805,910,797,913,767
S,934,911,939,816,925,806,909,797,913,768
S,933,913,939,816,925,806,908,797,907,771
S,933,911,939,815,924,806,909,796,914,769
S,933,912,938,816,925,804,909,796,912,769
S,935,917,939,817,928,803,909,796,913,768
S,932,914,940,814,926,806,908,797,912,769
S,933,914,937,817,924,804,909,797,912,766
S,936,914,938,817,924,805,908,797,911,769
S,933,914,939,817,925,805,908,799,911,769
S,935,914,942,816,920,806,906,796,914,767
S,931,916,938,817,926,803,909,797,913,767
S,935,914,941,816,924,803,908,798,910,769
S,932,911,937,816,925,805,909,798,912,768
S,932,914,938,814,930,803,911,797,912,768
S,935,913,936,816,926,805,909,797,911,767
S,936,916,939,816,926,805,909,796,912,768
S,933,914,938,815,925,805,908,798,913,769
S,930,915,939,814,926,804,908,798,909,768
S,930,913,940,815,928,803,912,795,910,768
S,935,914,938,820,927,803,909,797,911,767
S,934,912,939,818,928,806,906,797,911,769
S,933,914,937,817,925,806,909,797,912,769
S,933,915,939,814,926,804,908,797,910,767
S,932,911,938,816,928,806,911,796,913,767
S,932,914,938,816,924,805,908,796,911,769
S,937,912,938,814,927,804,908,798,911,768
S,934,913,938,816,927,806,908,796,914,765
S,936,913,939,815,924,805,908,798,911,768
S,933,916,938,817,926,805,908,795,912,767
S,932,912,938,814,927,803,909,797,912,766
S,935,912,940,814,928,804,910,798,911,768
S,937,914,937,817,927,806,910,797,910,767
S,936,911,938,816,926,805,908,797,912,767
S,934,912,939,816,921,806,909,796,910,766
S,933,915,940,816,925,803,910,797,911,769
S,935,913,938,815,927,805,908,798,915,768
S,934,912,938,816,926,805,909,796,912,768
S,934,912,938,815,926,805,908,795,910,768
S,933,914,940,814,925,803,909,798,911,767
S,932,915,937,815,925,804,909,797,912,767
S,934,914,939,815,927,806,908,796,913,769
S,934,913,939,815,924,802,908,798,910,768
S,932,914,940,814,924,803,909,796,913,767
S,931,915,941,815,925,803,910,795,913,769
S,935,914,940,815,926,803,907,795,906,771
S,932,911,940,815,927,806,907,796,909,768
S,934,914,939,815,924,804,909,797,915,769
S,934,910,937,816,928,805,909,797,910,769
S,934,915,938,814,926,805,908,797,912,768
S,933,913,940,816,923,806,908,797,913,769
S,934,914,940,815,925,804,909,796,914,767
S,931,915,938,816,927,804,910,797,912,769
S,931,913,939,816,927,805,909,797,911,770
S,935,914,937,815,927,805,910,797,910,767
S,932,912,940,815,925,804,909,797,913,767
S,935,913,940,815,926,804,908,795,910,770
S,932,911,938,814,924,804,910,796,910,767
S,932,911,938,816,924,805,909,797,912,769
S,930,912,939,813,927,805,909,796,911,768
S,932,914,938,815,924,806,908,796,912,767
S,933,914,940,814,928,804,911,796,910,765
S,934,915,939,814,926,805,907,796,912,767
S,931,913,939,814,926,805,908,796,909,766
S,932,913,939,814,925,804,909,795,913,768
S,933,913,939,814,924,806,910,798,910,766
S,932,914,939,815,924,804,909,797,911,767
S,935,915,939,814,925,804,909,795,910,768
S,932,915,939,816,923,805,909,798,908,771
S,932,912,939,814,924,805,909,796,910,768
S,932,912,938,814,926,805,908,797,912,769
S,933,916,940,816,927,804,908,796,909,768
S,933,912,940,814,923,805,909,796,913,768
S,932,911,939,815,922,804,910,797,911,768
S,932,913,940,812,925,806,910,797,913,768
S,931,914,938,815,922,804,911,795,911,767
S,934,913,938,815,925,804,908,795,915,766
S,932,912,939,815,924,804,909,795,912,769
S,932,916,939,816,923,805,910,797,913,769
S,932,913,939,814,924,803,909,796,908,769
S,933,912,938,816,923,804,909,796,913,768
S,930,913,938,814,925,805,909,795,910,769
S,931,913,938,814,925,804,909,796,913,769
S,929,914,936,815,927,805,912,796,915,768
S,932,914,938,815,928,806,913,797,913,769
S,932,916,939,817,923,805,914,797,914,768
S,933,917,939,816,925,807,912,795,920,769
S,931,919,939,817,926,807,914,799,915,770
S,932,918,938,816,928,806,912,799,919,769
S,932,919,939,818,927,805,914,800,919,771
S,931,918,939,816,929,808,914,799,915,768
S,933,917,938,815,925,806,912,801,915,771
S,933,917,935,818,928,806,913,800,918,769
S,934,922,939,816,924,805,914,801,920,770
S,930,919,938,816,928,805,912,800,916,769
S,933,918,937,817,927,806,912,801,919,769
S,933,917,936,816,929,807,912,800,917,769
S,933,916,937,818,930,806,911,800,918,769
S,930,915,939,817,926,805,909,801,917,769
S,933,914,937,816,928,807,912,800,921,767
S,929,917,939,815,926,807,911,800,919,769
S,929,915,938,816,924,806,912,800,915,769
S,928,917,939,815,923,806,913,800,917,767
S,931,916,936,815,926,806,911,799,919,767
S,928,916,940,816,923,807,913,799,919,767
S,930,918,938,818,924,806,913,799,918,769
S,929,915,936,819,925,805,910,799,919,768
S,930,915,937,816,926,804,913,799,919,768
S,929,919,938,815,926,806,912,797,920,768
S,930,916,938,816,926,806,912,799,919,766
S,929,916,936,815,928,806,912,799,917,766
S,931,917,939,816,926,804,913,799,918,768
S,931,916,939,817,927,804,912,800,919,766
S,931,916,939,815,924,806,912,799,921,764
S,936,913,936,815,922,805,911,800,919,766
S,934,916,937,817,924,804,912,799,916,767
S,935,916,937,815,925,805,911,797,917,764
S,933,916,937,816,926,804,911,796,918,766
S,932,916,939,815,924,805,911,798,917,764
S,935,914,937,815,926,805,909,796,919,767
S,935,914,937,815,925,806,910,797,920,767
S,938,911,939,815,924,804,911,798,918,765
S,938,914,939,815,923,804,912,796,918,766
S,937,916,938,816,924,804,911,796,915,765
S,935,913,938,816,924,804,909,796,918,764
S,935,912,938,815,925,804,910,796,917,766
S,935,912,939,815,924,805,911,794,917,765
S,937,913,938,815,925,804,909,795,917,765
S,935,912,937,815,923,804,910,795,919,766
S,934,916,936,815,926,803,908,795,915,765
S,934,910,937,814,923,804,910,795,917,764
S,934,914,938,813,925,805,910,796,918,765
S,934,915,938,814,924,804,910,796,917,767
S,931,913,939,814,923,802,910,795,918,767
S,936,912,938,814,924,804,909,796,916,766
S,935,915,938,813,925,804,908,795,916,766
S,934,915,938,815,924,803,912,796,914,768
S,931,914,938,814,925,802,910,794,917,764
S,933,915,935,815,925,803,909,794,917,765
S,935,915,939,814,921,806,909,794,914,765
S,932,916,939,814,924,803,910,795,918,768
S,932,915,935,814,924,802,907,794,915,763
S,932,913,937,815,924,803,910,794,914,767
S,933,914,938,815,925,804,909,795,916,764
S,931,914,937,812,925,804,911,793,914,764
S,932,915,938,814,925,804,908,795,916,766
S,935,913,935,815,922,803,910,794,916,765
S,933,915,938,816,924,803,909,794,914,767
S,935,914,937,813,920,803,908,793,917,764
S,932,912,937,816,925,804,910,796,915,763
S,933,915,937,814,921,804,909,794,917,764
S,933,915,938,815,923,803,910,795,915,766
S,934,914,939,813,925,803,909,794,915,765
S,937,913,936,814,923,803,908,795,916,765
S,935,915,938,815,923,804,909,794,916,767
S,932,911,939,814,923,802,909,796,918,766
S,934,914,939,814,921,803,908,794,915,767
S,937,918,939,813,922,802,910,793,917,765
S,935,915,939,814,923,801,909,794,913,767
S,932,914,936,811,928,803,908,793,913,766
S,931,914,937,814,924,802,910,796,915,766
S,934,914,937,814,924,804,908,795,914,767
S,931,914,935,814,924,803,909,795,917,764
S,936,913,938,815,923,803,908,793,914,764
S,934,913,939,814,923,802,909,795,917,765
S,935,912,936,813,921,804,910,795,916,766
S,936,913,939,813,922,803,908,794,915,767
S,934,908,940,816,924,803,908,795,916,766
S,934,912,939,812,922,802,908,795,914,764
S,935,913,938,814,924,804,907,796,914,766
S,932,915,938,814,921,803,907,794,916,765
S,933,915,937,815,923,804,909,795,916,767
S,932,916,939,811,923,804,908,794,916,764
S,935,913,939,812,922,803,909,794,917,764
S,933,914,938,815,925,803,908,794,915,766
S,934,913,937,814,921,804,909,794,914,763
S,929,918,937,815,924,804,907,795,917,766
S,933,913,937,814,922,803,907,794,913,766
S,935,914,937,812,924,804,909,793,915,762
S,932,914,938,812,922,802,908,795,912,764
S,930,915,938,815,923,802,911,791,914,765
S,934,911,938,813,923,802,908,793,917,763
S,934,913,939,813,923,804,908,793,913,765
S,932,916,938,813,918,803,908,794,914,766
S,933,912,939,814,922,800,909,794,915,766
S,930,912,939,812,924,804,908,795,915,766
S,934,911,937,815,922,804,908,793,915,765
S,934,915,938,815,920,804,908,794,917,764
S,931,917,939,810,924,803,908,794,915,762
S,933,915,938,812,921,803,909,791,914,762
S,932,914,939,815,922,804,908,793,915,764
S,935,913,938,813,923,802,908,793,915,762
S,933,913,938,814,922,803,909,794,917,763
S,932,915,939,813,924,802,907,793,915,763
S,932,915,937,815,918,800,906,794,916,763
S,933,914,938,814,921,803,909,792,916,763
S,932,915,938,815,921,802,908,791,914,765
S,935,914,936,814,924,803,909,794,917,764
S,934,914,938,814,921,802,909,793,916,764
S,930,914,939,815,923,802,908,793,915,766
S,931,918,937,814,921,803,908,793,915,764
S,932,911,936,814,921,802,907,793,917,764
S,927,912,937,813,924,802,910,793,915,762
S,932,913,938,814,920,803,907,793,914,763
S,932,913,937,814,923,803,908,793,914,763
S,932,915,937,812,924,803,909,793,915,765
S,932,914,937,813,923,802,909,793,913,764
S,930,915,936,815,920,803,907,792,915,763
S,933,915,937,814,924,802,909,791,916,764
S,931,912,939,814,919,802,909,793,914,762
S,933,916,936,812,923,803,907,792,913,762
S,930,913,939,813,923,802,909,792,917,764
S,934,913,939,815,923,803,907,792,913,763
S,933,912,940,813,924,803,908,793,918,765
S,936,913,939,814,924,802,910,792,915,765
S,933,914,939,813,922,803,912,790,919,765
S,930,915,938,815,929,804,911,790,918,766
S,932,913,939,815,923,803,910,793,915,765
S,933,915,939,814,922,802,913,792,916,764
S,930,912,938,812,923,803,913,791,918,763
S,931,912,939,814,923,801,911,793,916,765
S,932,914,937,814,923,802,914,792,920,764
S,933,911,938,812,923,801,912,791,917,764
S,932,911,938,813,922,802,912,792,918,763
S,932,911,938,812,923,803,911,792,914,762
S,932,914,937,813,922,802,909,792,916,764
S,933,910,938,814,924,803,912,792,917,764
S,931,912,938,811,924,803,911,792,918,764
S,933,916,937,812,924,801,911,791,915,765
S,929,912,937,813,924,802,911,790,916,764
S,932,911,937,813,924,801,910,791,911,763
S,933,912,939,813,920,803,911,792,917,765
S,929,912,938,813,923,802,911,790,915,764
S,930,916,937,812,921,803,910,791,917,763
S,933,912,940,814,920,801,909,792,915,764
S,933,912,938,814,922,802,910,790,914,764
S,931,912,938,814,922,801,910,793,916,763
S,934,912,937,812,922,802,909,793,916,763
S,930,914,939,811,923,802,911,791,914,763
S,931,916,934,816,920,805,911,792,914,763
S,934,913,937,813,920,802,911,791,914,765
S,931,912,937,813,922,803,909,792,915,762
S,934,914,940,814,922,801,909,791,915,763
S,934,913,938,811,926,802,909,793,914,764
S,936,913,933,816,921,802,909,790,916,763
S,931,914,937,815,924,804,911,791,917,764
S,934,913,939,810,922,802,910,792,916,764
S,931,913,937,812,922,802,909,791,914,764
S,931,911,939,814,922,803,908,790,916,763
S,930,913,938,813,924,802,911,791,914,763
S,936,915,941,814,922,803,908,792,914,763
S,932,910,938,812,922,800,909,792,915,764
S,934,912,937,811,923,802,910,792,914,765
S,932,907,941,811,922,802,910,790,915,762
S,934,912,936,812,921,802,908,791,913,765
S,933,913,937,815,922,804,909,791,917,762
S,932,912,939,815,923,802,911,792,913,763
S,933,913,937,812,922,803,910,791,917,763
S,930,912,939,811,923,803,909,791,915,764
S,932,912,938,812,922,802,910,790,915,763
S,933,911,936,812,923,802,907,795,911,764
S,930,913,937,810,921,801,909,792,913,764
S,932,914,940,812,921,802,908,792,916,763
S,934,914,937,813,922,801,910,790,914,762
S,933,914,937,813,922,802,908,791,916,763
S,932,911,939,812,921,803,908,792,916,764
S,930,912,936,814,922,801,906,791,916,764
S,930,910,937,813,921,803,909,789,915,764
S,932,914,937,812,920,803,910,792,917,762
S,931,913,939,812,923,803,909,792,916,764
S,934,914,937,813,922,802,909,791,919,762
S,933,910,937,812,921,803,908,790,915,764
S,933,912,937,813,923,802,911,791,919,763
S,935,911,938,813,923,801,909,791,916,764
S,931,912,938,810,919,801,909,792,915,763
S,932,909,939,812,923,801,910,790,915,765
S,934,914,938,813,923,803,909,792,916,763
S,936,911,938,811,921,801,909,790,916,763
S,932,912,938,812,919,802,910,789,915,763
S,931,911,939,814,921,802,909,791,915,764
S,930,914,938,813,922,801,908,790,915,763
S,933,911,938,812,922,802,909,792,915,762
S,930,912,937,811,922,800,910,792,916,763
S,931,911,940,811,920,803,910,794,914,764
S,932,912,938,812,923,802,910,790,916,764
S,930,912,938,813,922,803,909,790,912,762
S,933,913,936,813,924,803,909,791,914,764
S,934,914,939,815,922,802,908,792,915,762
S,934,912,936,813,922,802,909,791,916,764
S,934,913,938,813,923,803,908,790,914,762
S,934,912,938,813,923,802,910,791,914,764
S,932,917,936,811,919,802,910,791,915,764
S,930,913,938,813,923,802,910,791,917,765
S,930,915,937,813,921,803,908,790,914,764
S,932,913,936,811,924,803,911,792,914,763
S,931,911,937,815,920,802,911,792,914,763
S,931,912,937,813,922,802,908,793,912,766
S,932,913,936,811,924,805,909,791,913,763
S,930,912,938,813,918,802,911,793,914,763
S,933,911,938,811,923,800,909,792,914,764
S,931,913,936,814,925,803,910,791,914,764
S,932,912,939,813,922,803,910,793,913,764
S,933,910,938,812,922,802,908,792,914,762
S,931,911,936,812,921,802,909,791,916,763
S,931,911,937,813,921,802,910,791,914,763
S,931,912,937,814,924,803,910,791,911,761
S,931,911,938,813,923,804,909,792,913,762
S,931,910,937,812,923,803,908,792,916,762
S,933,908,939,813,924,802,909,790,914,763
S,934,913,937,813,921,801,910,792,917,761
S,931,910,938,814,923,802,908,790,914,764
S,934,914,937,815,924,803,908,790,916,762
S,934,911,939,812,921,801,908,791,916,764
S,929,916,938,812,924,802,909,790,916,764
S,933,914,938,811,923,803,908,792,913,762
S,929,914,939,812,924,803,908,790,916,763
S,933,913,939,815,919,803,908,791,916,764
S,932,911,938,813,924,802,910,792,912,763
S,932,912,939,812,925,803,909,791,916,763
S,933,912,938,813,922,803,910,791,917,764
S,935,910,939,814,920,803,910,792,915,764
S,931,911,938,811,919,801,906,789,919,766
S,933,913,937,811,924,802,910,792,916,764
S,932,911,939,812,923,804,910,791,917,764
S,931,913,939,810,924,803,909,793,916,763
S,933,911,938,812,922,804,907,789,912,764
S,931,911,937,811,923,803,909,790,914,762
S,932,911,938,813,924,804,909,792,916,765
S,932,914,937,813,925,804,909,791,915,763
S,931,911,937,811,923,803,909,791,916,762
S,934,912,937,811,922,803,909,792,915,764
S,933,913,936,813,921,803,909,792,916,762
S,933,913,937,812,921,803,910,790,912,764
S,931,913,939,812,924,803,908,791,913,761
S,930,914,937,813,924,804,909,791,916,764
S,933,910,938,812,921,804,909,791,917,762
S,934,906,940,812,920,803,908,792,914,764
S,932,913,937,813,920,804,909,791,917,764
S,930,913,937,812,922,803,910,791,916,764
S,934,911,937,813,923,804,909,791,917,764
S,934,912,937,813,924,802,907,793,916,765
S,928,908,936,810,921,803,910,791,915,765
S,934,909,939,814,922,803,908,791,912,762
S,935,913,937,811,920,802,907,791,915,764
S,930,914,937,812,920,802,909,792,913,762
S,934,914,939,811,921,803,909,793,914,762
S,932,913,938,812,923,802,912,791,916,765
S,933,912,937,811,923,802,909,792,916,761
S,934,912,937,812,923,802,909,790,915,764
S,930,913,938,813,922,801,910,792,914,763
S,931,912,936,811,924,801,909,792,917,764
S,934,912,938,813,922,802,908,790,916,764
S,933,914,936,812,922,799,908,790,915,763
S,934,912,938,813,921,804,910,791,914,762
S,931,913,938,812,918,802,911,789,916,765
S,930,909,939,812,922,802,909,791,917,763
S,932,911,936,811,919,803,907,790,914,762
S,932,914,936,813,924,801,910,790,913,762
S,932,913,937,811,920,801,908,792,915,762
S,933,912,938,811,922,801,909,793,917,762
S,932,911,937,811,923,802,909,791,915,763
S,930,913,938,813,922,802,908,792,913,764
S,933,913,938,814,923,803,909,791,914,763
S,927,910,936,812,923,802,908,790,915,764
S,934,910,937,813,922,800,908,791,914,763
S,934,915,938,813,924,802,908,791,914,765
S,931,913,935,814,923,801,908,791,914,762
S,931,914,937,812,923,801,910,792,917,762
S,935,916,939,811,924,803,909,791,915,763
S,934,910,938,814,923,803,908,792,914,763
S,933,913,937,813,924,803,906,791,914,762
S,935,911,937,812,924,803,907,792,914,764
S,932,914,938,812,921,803,907,792,914,762
S,931,908,937,812,923,803,908,792,916,763
S,931,912,937,810,921,802,910,790,913,761
S,930,911,938,813,922,803,908,791,916,759
S,935,913,937,811,921,802,909,791,917,764
S,930,914,936,811,922,801,908,792,913,763
S,934,912,936,812,921,802,909,791,914,764
S,931,910,940,813,924,801,907,792,915,760
S,930,913,938,811,922,803,908,790,915,762
S,934,912,939,815,922,801,908,792,913,763
S,932,911,935,813,923,801,909,792,917,763
S,932,914,937,813,922,800,909,792,913,764
S,929,910,938,811,922,802,909,790,916,763
S,932,912,937,812,920,802,910,789,913,763
S,931,914,937,813,921,802,909,790,917,763
S,933,910,935,812,923,803,908,791,914,762
S,933,913,937,812,919,802,908,792,916,763
S,933,914,937,812,922,802,911,790,913,766
S,933,911,936,813,922,802,908,791,913,764
S,934,913,938,811,922,803,909,791,916,763
S,934,912,937,811,922,803,907,792,915,763
S,931,910,937,813,923,802,908,792,915,762
S,931,911,937,812,923,802,909,791,914,762
S,933,914,938,812,921,802,908,791,915,762
S,931,912,938,814,922,801,909,792,917,763
S,934,911,938,812,923,802,907,792,914,764
S,933,911,937,813,922,801,910,792,916,762
S,931,912,938,812,922,802,908,790,912,763
S,931,911,938,812,921,801,908,790,915,761
S,932,912,937,810,920,803,908,790,916,763
S,933,911,938,812,921,803,908,791,914,764
S,927,912,939,811,921,803,907,792,913,763
