U,948,896,819,747,838,780,912,798,912,767
U,947,897,820,749,838,779,912,796,912,769
U,947,895,819,748,835,779,914,797,911,768
U,949,897,820,747,837,780,914,797,913,766
U,949,898,819,748,839,780,915,798,914,766
U,949,897,821,747,832,780,913,796,912,766
U,946,898,820,749,830,778,913,799,914,767
U,948,897,820,749,832,778,913,799,911,770
U,943,897,819,748,832,778,912,796,912,766
U,947,896,821,746,833,779,912,800,914,767
U,950,898,820,748,832,779,913,797,911,766
U,950,895,819,747,833,780,912,796,911,771
U,949,899,821,748,834,779,913,796,912,766
U,948,898,821,748,834,777,910,798,911,768
U,950,899,821,748,832,779,908,796,911,764
U,946,896,821,747,835,779,911,797,912,766
U,945,896,822,746,831,779,913,797,911,766
U,949,897,818,747,831,779,911,796,913,765
U,949,897,820,750,834,779,912,797,912,767
U,950,897,820,748,833,779,911,799,911,769
U,950,894,821,750,836,779,912,799,910,767
U,946,896,820,748,833,779,912,798,912,767
U,945,895,821,747,834,779,911,799,913,767
U,951,895,819,746,832,778,912,798,910,768
U,946,897,821,747,833,779,911,797,912,768
U,946,897,820,747,833,779,913,798,913,766
U,949,897,821,747,832,780,911,797,913,769
U,949,898,822,747,832,778,911,796,909,767
U,948,897,820,748,833,778,911,797,914,767
U,950,897,822,746,833,779,909,802,916,768
U,949,896,822,747,832,779,911,796,911,766
U,945,899,820,748,832,780,912,799,913,768
U,947,895,821,749,832,778,911,798,909,767
U,949,898,821,749,832,778,912,796,910,768
U,943,893,821,749,833,779,911,796,913,768
U,950,895,822,750,837,781,915,797,910,768
U,947,896,822,750,834,780,910,799,909,767
U,947,897,821,749,833,778,911,798,912,768
U,945,898,822,749,834,779,911,798,916,768
U,948,897,821,747,833,779,912,796,912,766
U,948,898,821,748,832,779,911,798,912,767
U,949,897,822,750,832,780,911,798,914,768
U,948,895,821,748,831,780,913,795,912,769
U,943,897,822,749,832,780,910,799,914,767
U,950,898,820,750,830,778,910,799,909,769
U,946,895,822,748,830,779,910,796,911,766
U,948,895,821,748,830,778,911,798,914,766
U,943,899,821,748,830,780,912,796,910,767
U,947,895,822,748,831,780,912,799,913,765
U,945,897,820,752,832,778,910,800,912,768
U,951,899,820,748,832,778,909,795,913,767
U,946,897,822,749,832,779,912,799,913,765
U,946,897,822,749,830,778,912,799,910,765
U,946,900,821,749,829,778,912,797,910,767
U,947,899,822,750,828,778,913,798,912,765
U,948,897,822,749,829,778,912,798,913,768
U,948,899,820,751,829,780,910,798,912,766
U,947,895,821,750,830,779,910,798,911,768
U,945,896,824,748,831,779,912,795,911,766
U,943,896,821,749,832,778,911,799,911,766
U,948,896,822,749,832,779,910,797,913,768
U,947,898,821,750,832,779,912,798,913,767
U,948,895,821,748,830,778,912,798,912,767
U,948,898,822,749,831,780,913,796,912,767
U,948,896,822,749,831,779,911,797,911,767
U,949,898,821,751,832,777,910,797,910,767
U,945,897,821,750,831,777,911,797,911,766
U,947,897,821,748,831,778,912,798,913,767
U,946,897,823,749,829,779,913,797,911,765
U,946,900,821,752,830,779,910,795,913,767
U,946,898,821,749,831,778,912,798,909,767
U,947,897,822,749,830,779,908,794,911,769
U,947,897,822,749,829,780,912,799,911,767
U,950,895,821,749,831,779,911,797,913,768
U,946,896,822,749,831,779,912,798,910,768
U,946,898,821,751,830,780,911,798,912,768
U,945,896,821,750,829,779,912,796,911,765
U,945,897,821,748,830,778,913,797,910,766
U,946,896,824,747,828,778,911,796,910,767
U,943,895,822,749,830,779,911,799,912,766
U,947,898,823,749,828,779,910,798,909,767
U,944,898,822,750,828,778,912,797,913,768
U,949,898,823,751,828,780,910,799,911,766
U,946,898,821,748,829,779,910,797,910,766
U,945,899,825,752,828,778,912,798,912,765
U,946,897,822,749,829,779,912,798,912,767
U,947,896,822,749,830,779,912,796,912,767
U,947,896,822,749,833,781,914,796,909,766
U,945,898,824,751,830,779,910,797,910,767
U,948,896,823,750,830,781,910,796,912,770
U,945,898,822,749,831,779,910,797,911,766
U,948,897,823,751,831,779,914,800,911,768
U,947,897,822,749,831,779,911,797,910,767
U,945,897,822,750,831,778,911,800,911,768
U,946,898,823,750,831,779,912,799,909,767
U,948,892,821,752,835,779,910,796,909,767
U,944,897,824,748,828,778,911,797,911,766
U,946,896,822,749,830,779,912,796,913,767
U,949,898,824,750,830,779,912,797,912,767
U,951,900,820,748,834,776,911,797,909,768
U,944,899,823,749,829,778,911,797,910,768
U,946,897,824,749,829,779,909,799,911,766
U,946,899,823,749,829,778,910,798,916,764
U,947,894,823,750,828,778,913,798,912,766
U,946,897,823,749,830,779,908,797,912,767
U,944,898,824,748,830,778,909,798,907,766
U,945,897,824,749,831,780,911,797,912,765
U,945,896,823,751,831,780,910,797,911,768
U,947,896,824,750,832,780,911,798,911,765
U,943,898,824,748,832,778,911,795,912,767
U,946,898,820,751,835,781,910,796,911,766
U,948,894,824,750,833,778,909,796,910,766
U,948,896,824,750,832,780,910,798,911,769
U,947,897,823,751,833,778,911,798,911,768
U,945,897,824,750,835,780,912,797,911,767
U,949,895,825,751,833,778,911,798,912,767
U,948,895,824,749,834,779,911,798,913,768
U,944,896,823,751,833,778,912,795,907,769
U,943,896,825,751,834,779,910,799,910,768
U,947,897,823,749,835,779,909,798,913,765
U,949,897,824,749,835,780,911,795,912,766
U,945,898,826,750,835,778,909,793,913,767
U,943,896,824,749,834,779,911,796,910,766
U,945,896,825,749,834,777,912,796,909,765
U,948,896,824,750,834,779,910,798,911,767
U,947,898,824,751,832,779,911,799,911,767
U,947,896,824,750,833,779,910,797,909,766
U,944,896,825,749,834,780,910,799,913,766
U,944,897,825,751,834,778,909,799,912,766
U,947,897,824,750,836,779,910,798,910,766
U,945,896,823,751,835,779,911,796,910,768
U,946,895,827,752,835,780,912,796,911,766
U,946,898,825,749,834,779,911,798,911,766
U,948,894,825,749,836,780,908,796,910,766
U,946,896,824,750,834,778,910,799,912,768
U,948,898,825,750,836,779,910,799,912,768
U,948,895,825,749,832,777,908,799,911,765
U,947,897,824,750,833,778,904,796,909,763
U,945,897,825,750,833,779,911,796,910,766
U,949,898,826,750,834,780,910,799,912,769
U,945,895,823,750,831,779,910,798,908,767
U,945,900,825,750,833,778,911,799,911,767
U,948,898,824,750,835,779,911,797,911,767
U,946,897,823,750,838,777,909,797,911,769
U,946,899,825,750,838,779,910,797,912,768
U,945,898,826,749,838,778,910,799,910,767
U,947,898,825,749,835,780,908,796,911,766
U,945,895,824,750,835,780,911,798,910,768
U,946,899,826,752,835,780,912,796,911,769
U,948,899,826,750,834,780,909,796,911,767
U,948,898,825,751,834,780,909,801,909,767
U,944,898,826,752,834,778,910,798,912,769
U,944,896,826,751,834,778,908,797,910,768
U,946,895,825,749,834,777,909,797,910,767
U,947,896,826,750,833,779,910,798,911,767
U,947,897,826,752,833,779,911,796,912,770
U,947,896,827,752,835,779,910,797,912,766
U,948,896,826,750,833,779,910,797,912,769
U,945,902,825,750,835,780,910,798,910,769
U,945,898,825,751,832,779,912,796,908,767
U,946,898,827,752,835,780,910,798,912,767
U,946,898,825,751,834,779,906,792,914,769
U,942,896,826,751,834,779,909,799,909,768
U,948,898,826,749,834,779,909,799,912,769
U,948,894,824,752,836,779,909,798,912,769
U,947,897,826,751,834,780,911,797,911,768
U,945,899,828,753,837,777,909,798,910,766
U,944,897,825,752,835,779,909,797,911,769
U,945,897,827,751,835,780,909,796,909,768
U,945,898,827,752,833,779,907,798,913,768
U,946,899,825,752,833,779,910,798,911,767
U,941,898,826,750,832,779,908,798,909,770
U,945,897,825,752,831,781,908,800,912,769
U,945,899,826,751,833,780,909,800,910,767
U,950,897,827,751,833,780,908,797,910,768
U,948,898,826,751,831,780,909,798,908,767
U,947,897,825,752,833,779,909,798,910,769
U,948,900,826,750,832,779,907,799,911,769
U,945,898,828,751,832,780,906,796,909,770
U,947,900,825,753,831,780,907,798,909,766
U,942,899,826,750,836,780,908,797,910,767
U,944,900,829,755,829,781,909,794,904,768
U,948,901,826,753,830,779,908,798,909,768
U,945,901,825,752,830,780,908,796,908,767
U,945,899,828,750,830,780,908,796,910,769
U,947,900,826,752,829,778,910,800,909,766
U,948,898,828,752,830,777,909,798,911,768
U,943,902,828,753,826,778,907,797,912,768
U,950,892,826,751,826,778,909,799,909,767
U,947,897,826,753,827,780,907,798,911,768
U,948,900,827,752,827,779,907,797,907,767
U,942,899,825,753,828,778,907,797,912,769
U,944,899,826,751,828,778,910,798,912,768
U,942,897,826,751,826,780,909,798,912,769
U,948,897,825,752,829,779,910,799,910,767
U,947,900,827,752,825,778,909,797,911,762
U,942,897,829,749,825,779,908,799,908,769
U,947,899,828,750,830,779,909,797,913,769
U,947,900,827,753,827,780,907,799,912,768
U,944,899,828,751,827,780,908,799,910,767
U,944,900,828,753,828,780,910,799,911,768
U,944,900,826,751,828,779,909,797,911,766
U,941,895,828,751,826,779,909,800,911,767
U,943,898,828,752,825,780,908,800,909,768
U,943,898,827,752,824,780,909,799,910,766
U,944,897,826,751,823,777,910,797,911,769
U,944,902,826,751,824,780,908,798,911,768
U,948,900,827,752,824,778,907,800,910,770
U,945,901,828,752,823,779,908,799,911,769
U,944,900,827,753,824,780,907,797,911,769
U,946,899,827,750,823,780,911,792,912,767
U,948,900,827,751,825,780,908,798,911,769
U,945,900,826,752,825,779,908,800,904,768
U,950,903,830,753,826,780,908,799,912,767
U,944,900,827,751,824,780,909,799,910,767
U,950,903,832,752,826,779,908,800,911,766
U,945,901,827,751,825,779,907,800,909,769
U,944,900,827,751,825,780,908,798,910,766
U,948,901,828,753,826,779,907,797,911,768
U,944,900,828,752,826,778,907,798,909,766
U,945,902,828,753,824,780,908,796,908,769
U,945,901,827,753,826,781,906,800,909,771
U,943,902,826,752,828,780,907,797,910,769
U,942,902,828,752,827,780,908,798,912,769
U,944,901,829,752,828,779,907,797,910,770
U,946,902,828,752,828,780,907,797,911,767
U,944,905,827,750,825,777,908,799,911,770
U,944,905,830,753,825,779,909,799,908,769
U,947,902,827,751,828,778,910,797,909,767
U,946,898,827,753,827,780,909,798,909,769
U,944,903,830,750,827,780,908,796,910,767
U,946,901,828,752,826,779,906,797,909,769
U,945,900,829,753,830,778,906,798,912,767
U,947,902,829,753,827,780,907,798,909,769
U,945,900,828,751,829,779,905,801,909,765
U,945,900,829,751,825,779,909,800,908,770
U,947,902,828,753,831,779,908,797,909,768
U,945,905,827,751,834,778,906,798,911,769
U,944,900,831,752,830,780,907,800,911,768
U,946,897,828,755,832,779,908,798,908,769
U,944,899,830,752,834,780,908,797,909,767
U,943,899,828,753,835,777,910,798,911,767
U,948,902,830,754,831,779,907,798,912,770
U,946,899,828,753,830,779,907,797,910,768
U,945,899,829,755,831,780,909,798,911,768
U,944,902,830,754,829,781,907,800,910,769
U,943,899,830,752,828,779,907,798,910,769
U,945,899,829,754,832,779,907,800,908,767
U,940,895,831,753,833,780,909,800,909,768
U,944,901,828,755,834,780,908,800,908,768
U,945,899,828,754,834,780,908,800,908,770
U,947,901,830,755,836,779,908,797,909,767
U,948,898,829,754,837,778,907,799,909,768
U,946,901,829,752,834,780,909,800,911,768
U,945,900,828,752,834,779,907,799,911,771
U,944,899,829,754,834,779,908,799,911,770
U,943,898,829,752,835,778,907,797,907,768
U,946,899,828,753,828,778,908,799,909,769
U,945,900,830,754,830,780,908,799,910,770
U,944,900,828,752,830,780,908,798,910,768
U,945,898,828,753,829,779,907,798,911,766
U,946,901,829,753,828,780,907,799,911,771
U,945,900,828,752,829,779,906,799,908,770
U,944,900,828,754,828,780,906,798,910,767
U,942,899,830,753,827,778,910,799,910,770
U,947,899,829,754,829,780,904,799,909,769
U,944,902,829,752,830,779,907,798,911,770
U,947,900,830,753,831,779,906,798,909,768
U,947,902,829,752,828,779,906,799,911,768
U,946,901,828,752,828,780,907,800,908,768
U,943,899,828,751,825,780,907,800,911,770
U,948,898,829,749,830,779,907,798,909,770
U,944,897,829,753,827,778,907,799,911,768
U,944,900,828,753,829,779,908,799,903,769
U,943,901,829,754,827,781,907,798,911,769
U,945,898,829,754,830,779,907,797,910,769
U,948,900,831,755,826,779,907,798,910,770
U,945,899,828,753,827,779,905,800,910,771
U,945,899,830,755,826,780,907,799,910,769
U,946,900,830,754,824,779,906,801,909,767
U,945,896,832,754,828,780,910,799,909,769
U,943,897,828,754,825,781,906,798,909,769
U,944,898,830,755,826,780,908,798,911,768
U,945,901,830,753,827,780,908,797,911,771
U,943,898,829,755,828,781,907,796,907,769
U,943,898,830,754,826,780,907,799,911,770
U,946,898,829,752,826,781,909,798,909,771
U,946,901,829,755,830,778,908,799,908,771
U,940,899,830,754,830,780,907,799,909,771
U,948,897,830,754,830,780,906,800,912,771
U,946,898,830,755,829,779,905,800,909,769
U,947,896,830,754,828,779,907,797,910,771
U,943,898,830,754,830,779,906,800,908,770
U,945,897,829,756,828,779,907,799,910,770
U,944,896,830,756,829,780,905,799,910,771
U,943,899,828,757,831,780,907,798,911,769
U,944,900,830,755,831,781,906,799,910,769
U,945,898,829,754,829,780,906,802,911,770
U,944,900,830,754,828,781,905,798,910,770
U,943,900,829,756,828,780,905,800,912,770
U,946,899,830,754,828,780,907,799,911,770
U,943,898,829,753,826,779,908,797,912,771
U,946,899,829,755,826,780,906,798,908,769
U,941,901,829,756,826,779,907,798,911,771
U,944,900,829,753,826,779,908,795,910,768
U,947,898,828,753,826,780,906,800,909,767
U,945,901,830,753,826,781,907,796,911,768
U,945,897,829,756,826,778,906,797,916,771
U,943,900,830,755,828,779,907,799,910,767
U,946,899,829,753,826,779,906,800,911,771
U,944,900,829,753,828,778,907,799,908,769
U,943,898,829,753,827,780,906,799,910,771
U,944,899,829,755,823,779,907,799,907,770
U,945,900,830,754,826,779,907,798,908,770
U,946,895,827,756,826,780,907,797,911,770
U,948,896,829,757,828,779,906,799,908,770
U,944,900,829,755,825,780,907,799,907,769
U,943,897,830,753,826,781,905,799,902,776
U,942,898,829,751,827,778,908,798,909,771
U,947,898,827,754,826,780,905,800,910,769
U,947,896,830,754,826,780,907,797,910,769
U,947,898,830,754,830,781,907,799,911,770
U,945,896,829,753,829,780,907,799,909,769
U,945,899,831,753,826,781,903,801,906,768
U,945,898,828,753,826,778,905,800,907,769
U,944,897,830,753,827,778,907,799,908,769
U,943,896,829,753,826,779,906,799,908,771
U,945,900,829,754,827,778,907,798,907,768
U,947,896,829,754,826,779,905,799,911,771
U,944,898,830,754,824,780,904,798,910,770
U,943,898,829,752,825,779,907,796,911,767
U,945,899,829,751,828,781,904,801,910,771
U,942,897,830,754,827,779,907,801,909,771
U,941,896,828,753,827,778,907,798,909,770
U,945,898,830,752,826,779,906,799,910,767
U,946,897,829,752,827,780,906,796,910,771
U,943,899,830,752,828,779,904,801,911,770
U,942,901,830,753,828,780,907,799,910,768
U,950,899,830,752,823,781,907,796,908,770
U,945,899,829,753,825,780,906,798,910,770
U,943,896,829,751,826,781,908,799,908,770
U,942,897,829,753,825,780,905,799,907,768
U,943,898,830,753,825,781,906,798,911,771
U,943,897,829,754,825,779,905,799,914,772
U,942,902,829,752,827,778,906,798,908,770
U,946,898,827,752,825,780,906,796,909,769
U,945,899,829,755,825,780,908,796,906,769
U,945,897,829,754,826,778,907,797,909,770
U,946,897,829,754,824,778,907,800,910,769
U,942,898,828,755,826,779,905,797,909,769
U,944,900,828,752,824,779,905,799,909,768
U,943,899,830,752,825,780,905,794,908,768
U,946,896,830,751,824,781,905,798,909,769
U,944,900,829,754,824,780,906,798,909,770
U,943,897,829,753,824,778,907,796,911,768
U,946,903,830,753,825,779,906,800,908,769
U,946,898,830,753,825,778,906,798,909,768
U,947,898,830,752,824,780,906,800,907,771
U,944,902,830,754,824,779,906,801,908,768
U,944,902,831,755,823,780,905,799,909,769
U,944,899,830,753,825,780,907,798,910,770
U,946,905,829,752,824,779,905,798,909,771
U,943,900,830,754,824,779,908,800,911,771
U,943,900,830,752,826,780,906,799,910,769
U,948,901,833,755,824,779,906,797,911,769
U,945,901,828,754,823,780,904,799,910,769
U,942,900,829,754,824,779,908,798,907,768
U,936,898,829,749,826,779,905,799,910,771
U,943,897,830,754,824,779,907,800,910,771
U,946,897,831,753,826,779,906,799,909,771
U,944,898,829,754,826,779,907,800,908,771
U,946,897,830,754,825,779,906,797,912,771
U,942,900,830,752,826,779,907,798,909,771
U,943,898,829,754,825,780,904,800,908,770
U,943,896,829,754,824,779,906,797,907,768
U,944,896,830,754,823,780,906,800,908,772
U,944,899,829,754,825,779,905,797,910,769
U,943,895,830,753,824,778,906,798,908,770
U,939,898,829,753,826,780,906,798,909,770
U,943,900,831,754,825,780,905,799,908,769
U,944,898,831,752,825,780,906,796,909,769
U,947,895,832,754,824,780,904,798,908,768
U,946,899,831,755,824,779,906,799,909,769
U,944,897,829,754,825,779,907,800,908,769
U,945,895,830,754,824,778,907,797,907,769
U,945,898,830,753,823,781,906,801,911,769
U,945,897,830,754,824,780,906,797,910,771
U,945,895,831,753,824,778,906,796,908,769
U,944,897,830,754,825,779,905,797,908,770
U,946,897,829,752,824,780,907,799,909,772
U,946,898,832,755,826,780,906,799,910,771
U,942,898,830,754,824,779,907,800,908,769
U,947,896,828,754,825,779,905,797,909,771
U,945,896,829,752,825,780,905,800,909,771
U,942,898,831,752,824,780,906,797,909,771
U,948,897,829,758,819,780,906,798,909,770
U,944,899,830,755,824,780,906,800,907,772
U,942,897,831,756,823,780,908,797,909,771
U,948,900,831,754,825,779,906,799,908,770
U,945,898,830,752,824,780,906,799,907,768
U,942,896,830,753,823,779,905,800,909,769
U,943,898,831,753,822,780,908,798,907,770
U,944,896,831,754,824,780,908,798,911,771
U,944,900,830,755,825,778,907,799,909,769
U,944,898,829,753,824,780,905,799,908,769
U,943,899,829,754,825,779,902,797,906,770
U,945,898,829,752,824,780,906,800,911,771
U,946,897,830,754,826,779,906,796,905,773
U,946,899,832,753,825,779,906,799,907,770
U,942,899,830,754,823,779,906,799,909,771
U,942,901,832,752,823,778,906,800,908,770
U,945,897,831,752,829,783,901,802,913,770
U,945,899,830,755,824,779,906,800,909,770
U,942,897,830,754,824,780,905,797,907,768
U,943,899,830,753,824,780,906,798,909,771
U,943,897,830,754,824,779,905,798,909,771
U,943,895,832,753,823,780,905,797,908,771
U,943,898,830,754,825,779,905,799,910,770
U,945,898,831,754,824,779,905,800,908,770
U,945,897,830,752,823,781,905,799,908,768
U,942,898,829,752,824,779,905,800,910,769
U,946,896,829,754,825,780,905,798,909,769
U,944,897,830,755,824,780,907,801,908,770
U,944,900,829,753,824,779,906,799,908,771
U,945,899,829,753,824,780,903,797,908,767
U,949,898,831,752,824,780,907,800,907,769
U,944,899,830,753,825,777,907,797,909,771
U,944,898,830,755,822,779,907,798,908,770
U,944,898,829,752,826,780,907,797,908,769
U,942,898,829,752,823,780,907,798,910,769
U,946,898,829,753,824,777,904,800,909,771
U,945,899,831,752,823,780,905,800,911,770
U,948,896,831,755,825,779,905,799,907,771
U,946,898,831,755,825,779,906,800,908,769
U,942,896,830,753,824,780,904,797,910,770
U,945,899,830,754,826,778,907,799,910,771
U,943,897,830,753,824,780,907,798,907,770
U,946,899,831,754,821,779,906,799,908,769
U,947,900,829,753,823,779,906,800,907,770
U,946,895,831,753,824,780,906,798,912,770
U,942,898,831,752,825,780,905,799,909,769
U,944,899,831,755,824,778,906,798,906,771
U,943,898,832,754,825,779,905,799,910,771
U,943,895,830,755,825,779,905,799,909,770
U,941,899,830,752,825,778,905,798,908,771
U,945,897,830,752,826,778,907,801,909,770
U,943,895,832,753,825,779,905,797,908,770
U,942,899,829,752,823,780,906,797,909,770
U,943,899,830,753,827,779,906,800,907,770
U,943,899,830,753,822,781,905,797,903,766
U,945,897,832,753,826,779,906,794,913,770
U,950,901,832,753,825,780,907,799,909,769
U,943,894,831,755,825,780,906,798,909,770
U,947,899,829,756,826,778,906,799,907,770
U,945,898,830,754,825,780,907,796,907,768
U,944,894,830,751,827,778,902,798,909,772
U,945,896,829,753,828,779,906,799,907,771
U,942,899,827,754,827,778,905,799,908,771
U,943,899,831,753,830,779,905,798,909,769
U,946,899,831,754,831,779,905,797,909,770
U,944,899,830,754,828,778,904,797,911,770
U,946,899,832,754,828,779,908,799,907,769
U,943,897,830,752,827,779,906,797,907,769
U,943,897,831,753,825,779,905,797,908,769
U,944,898,831,751,825,779,906,798,908,769
U,943,900,832,753,825,779,906,799,908,770
U,946,897,832,754,824,778,905,798,906,769
U,945,896,830,754,827,779,907,799,906,770
U,944,898,831,751,828,780,905,799,909,770
U,945,898,832,753,826,779,906,800,911,769
U,947,897,831,753,825,779,908,798,910,768
U,945,898,831,753,825,779,904,796,910,768
U,944,899,831,753,825,779,903,796,908,767
U,947,897,830,752,825,780,904,797,910,768
U,943,895,832,753,825,780,905,793,903,763
U,944,895,831,754,827,780,904,801,911,771
U,944,899,830,752,824,779,904,798,909,769
U,936,898,828,753,826,778,903,797,908,767
U,942,897,831,753,824,780,905,798,909,769
U,942,893,831,751,825,778,905,797,910,769
U,944,898,831,753,825,780,904,796,908,769
U,943,897,831,754,825,779,903,800,911,767
U,940,893,830,753,824,779,907,796,909,770
U,943,895,832,750,828,776,909,797,907,768
U,942,896,832,753,825,779,907,799,906,767
U,945,898,832,752,825,778,907,796,906,770
U,945,897,831,751,829,780,905,796,909,768
U,941,895,830,755,827,779,905,800,909,768
U,944,898,831,753,830,778,905,798,909,769
U,946,896,832,754,824,778,906,801,908,769
U,942,895,831,754,825,779,903,798,909,769
U,942,899,830,755,826,778,906,797,909,768
U,947,897,831,754,826,780,906,799,910,768
U,944,897,831,753,826,779,905,799,908,767
U,943,896,830,754,826,780,906,797,907,766
U,946,898,831,753,826,780,907,799,907,768
U,944,897,832,753,826,779,908,794,907,767
U,943,896,832,754,825,779,905,798,908,767
U,942,897,832,754,825,777,906,800,907,767
U,944,895,831,754,826,779,905,799,907,768
U,942,898,831,752,825,779,905,799,908,768
U,946,898,831,755,825,778,906,800,906,767
U,944,899,830,752,825,778,906,799,906,766
U,942,898,833,751,825,779,904,799,909,767
U,942,898,832,753,826,779,904,796,907,768
U,942,897,832,755,824,780,906,799,909,767
U,942,899,831,752,825,780,907,800,909,766
U,945,897,831,753,825,779,905,799,907,768
U,943,897,831,754,826,779,904,797,909,767
U,946,898,831,753,823,780,906,797,909,768
U,947,895,832,751,827,776,905,797,907,766
U,944,899,832,754,824,780,904,798,907,769
U,943,894,831,753,827,778,907,799,909,768
U,943,899,832,754,825,779,905,800,905,768
U,950,897,832,751,825,779,903,797,910,765
U,943,899,831,752,823,779,906,796,908,769
U,946,899,830,751,823,780,907,800,908,767
U,944,895,831,752,823,779,905,800,908,769
U,946,896,831,754,825,779,905,797,906,767
U,938,897,831,754,826,779,906,796,910,768
U,943,898,831,755,826,780,904,799,908,766
U,943,896,830,753,825,777,903,799,907,767
U,941,896,832,754,825,779,905,795,905,766
U,945,897,831,751,821,781,908,794,909,766
U,943,899,832,755,827,780,903,796,908,766
U,942,898,830,752,824,781,902,795,909,763
U,940,897,830,754,824,779,904,798,908,768
U,942,896,832,753,823,780,904,797,910,767
U,942,897,831,753,827,780,904,796,910,767
U,941,898,831,752,825,779,905,796,908,766
U,946,898,830,754,824,779,904,798,909,766
U,946,897,831,752,825,779,905,797,908,768
U,944,896,830,756,820,779,906,799,909,767
U,945,896,830,753,824,779,905,799,909,767
U,944,897,830,753,823,779,906,799,908,767
U,945,898,832,752,824,778,906,798,907,766
U,946,898,830,752,824,779,905,797,909,766
U,944,898,830,753,824,779,905,798,905,768
U,943,895,832,752,823,782,903,796,905,764
U,943,899,832,752,825,777,905,799,907,768
U,943,897,832,752,823,779,906,795,910,767
U,945,898,832,751,823,780,903,796,906,764
U,940,898,830,753,825,778,904,798,908,768
U,942,897,830,751,825,779,904,796,909,766
U,947,895,831,753,824,780,906,798,907,767
U,946,897,830,751,823,779,903,796,907,766
U,942,896,833,752,827,777,904,798,910,766
U,945,896,831,753,825,779,904,799,908,765
U,944,898,830,752,825,778,904,798,907,765
U,942,896,829,750,824,777,902,798,907,765
U,944,897,831,751,825,777,905,798,907,765
U,945,896,831,752,826,780,904,797,910,767
U,943,894,832,752,823,779,904,799,907,765
U,943,899,830,751,825,779,903,796,909,766
U,946,895,833,751,824,779,903,798,905,767
U,944,896,831,750,823,780,902,797,909,764
U,945,896,832,753,824,779,903,795,911,768
U,942,898,831,753,824,778,904,796,908,764
U,944,893,831,751,823,779,903,796,909,765
U,944,896,831,750,826,780,905,798,909,766
U,941,896,831,750,824,780,903,795,910,766
U,945,897,832,752,823,779,906,799,908,768
U,942,896,832,751,824,779,904,796,909,765
U,944,901,833,753,825,778,903,801,905,762
U,947,898,835,752,826,779,905,798,909,766
U,942,899,834,753,826,779,903,798,907,763
U,942,898,837,752,824,779,904,797,908,767
U,945,898,836,751,826,779,903,795,910,768
U,940,898,836,752,825,779,904,798,909,766
U,943,900,837,753,823,778,903,797,909,764
U,943,900,838,751,823,779,902,795,908,763
U,941,900,837,752,823,779,904,797,909,765
U,944,897,837,751,825,777,905,795,909,764
U,940,901,841,755,824,778,903,796,909,765
U,940,903,837,751,827,778,901,796,908,765
U,941,898,837,752,825,778,904,796,910,765
U,948,898,837,752,824,779,902,797,909,766
U,943,895,835,750,822,778,901,797,906,764
U,945,897,837,752,824,777,902,796,908,765
U,941,899,836,750,824,778,901,796,910,764
U,938,898,835,751,823,780,901,796,908,765
U,943,896,836,751,825,778,901,797,910,760
U,942,896,836,751,825,779,902,799,909,766
U,942,895,835,749,824,781,898,798,909,767
U,941,897,834,752,822,779,902,798,907,767
U,944,896,834,751,823,779,901,797,903,767
U,946,899,833,756,824,779,902,798,908,766
U,944,895,835,752,824,780,901,797,908,766
U,942,896,835,751,824,779,901,797,907,769
U,947,897,834,752,824,778,902,799,908,767
U,941,897,836,754,825,779,902,796,908,766
U,944,895,834,753,823,780,898,797,906,766
U,942,895,835,752,825,779,900,799,908,767
U,944,893,835,752,824,779,900,797,909,768
U,944,894,836,753,826,779,904,799,907,768
U,944,897,836,753,824,778,902,796,907,765
U,942,894,837,753,823,777,902,801,907,767
U,942,897,836,750,825,779,901,799,907,767
U,942,894,835,751,823,779,901,796,906,768
U,944,892,834,754,827,778,898,798,908,767
U,940,894,835,753,824,778,900,798,909,767
U,943,896,836,752,823,780,901,797,905,767
U,943,896,836,753,824,778,899,797,907,768
U,944,899,836,753,823,778,902,799,906,765
U,944,897,835,753,824,779,901,798,906,767
U,939,897,837,752,823,780,901,795,907,767
U,939,894,835,753,825,779,901,799,904,767
U,943,894,834,752,824,779,901,798,906,766
U,944,894,837,749,821,777,901,800,908,764
U,944,894,836,753,824,777,900,797,906,766
U,941,896,834,752,826,779,901,798,907,766
U,942,897,834,753,828,780,899,799,905,765
U,941,896,834,753,826,779,901,796,908,767
U,943,896,835,752,825,779,898,799,907,766
U,941,896,835,752,826,779,898,798,904,765
U,942,898,836,752,827,779,901,798,905,763
U,939,895,834,753,824,780,901,797,906,765
U,943,896,835,752,825,779,900,800,905,765
U,942,893,836,753,823,781,898,797,907,766
U,942,897,833,754,825,780,901,798,907,767
U,944,896,834,752,827,780,901,796,909,764
U,944,894,834,753,825,779,899,797,906,767
U,943,895,834,753,825,778,900,797,904,766
U,950,903,833,752,825,777,898,794,907,767
U,940,896,835,753,827,779,900,798,907,766
U,945,894,835,753,826,779,900,796,906,763
U,941,895,837,756,823,780,898,797,905,766
U,941,897,833,753,826,778,901,796,906,765
U,942,895,834,754,824,780,898,798,904,766
U,942,896,835,754,826,779,900,796,905,765
U,941,894,835,755,827,778,901,797,905,768
U,941,895,835,753,825,779,900,797,907,764
U,941,896,832,754,825,778,901,796,906,766
U,944,895,835,753,825,778,898,795,905,763
U,940,897,836,753,827,779,900,796,906,765
U,941,897,834,752,825,780,901,798,908,765
U,942,897,834,754,826,780,898,795,908,764
U,942,897,834,753,826,779,899,797,905,765
U,943,897,835,752,824,779,899,796,906,765
U,944,896,836,753,824,778,901,796,908,766
U,942,895,835,754,823,780,901,798,908,763
U,941,895,833,752,825,780,901,795,907,764
U,941,895,833,751,825,779,901,798,906,763
U,944,895,835,751,825,779,900,795,904,766
U,941,897,833,752,825,780,899,796,907,766
U,944,897,834,755,822,780,899,796,908,764
U,943,895,834,754,823,779,899,796,907,763
U,949,893,834,753,824,779,899,797,906,764
U,941,896,835,754,824,778,900,796,904,763
U,939,897,836,752,823,779,900,796,907,765
U,942,895,835,754,824,779,899,797,905,763
U,938,896,833,753,823,778,899,798,906,765
U,945,898,836,753,824,779,902,793,903,766
U,942,894,835,754,825,778,899,796,905,763
U,941,898,834,754,823,778,901,797,906,763
U,943,898,834,752,826,779,899,797,906,765
U,940,898,836,753,824,780,900,797,907,764
U,943,897,833,753,825,780,901,795,904,767
U,940,894,836,752,823,780,901,797,907,764
U,941,892,832,756,824,777,900,797,906,765
U,943,896,834,752,823,779,899,797,906,764
U,942,895,837,753,823,780,899,799,907,766
U,941,894,834,753,823,780,900,797,905,763
U,943,896,834,752,823,779,900,797,907,764
U,939,895,835,755,821,780,896,798,899,763
U,940,895,833,754,824,777,901,795,906,764
U,941,897,834,754,823,779,901,799,906,769
U,940,894,836,754,824,778,899,797,906,763
U,939,897,836,753,823,779,900,798,904,764
U,942,898,835,752,823,780,900,796,904,763
U,941,896,835,753,824,779,899,794,908,763
U,942,897,835,754,825,778,899,795,905,765
U,943,895,835,754,823,779,898,796,905,764
U,940,898,834,755,824,779,899,796,907,765
U,941,896,834,754,824,779,902,799,900,762
U,940,896,834,753,826,777,900,798,905,762
U,941,898,834,752,824,778,901,794,906,766
U,940,896,834,752,823,777,899,795,906,763
U,944,897,835,751,824,779,900,796,906,764
U,942,895,832,751,822,777,901,795,907,765
U,940,897,834,754,824,778,902,793,905,765
U,944,894,835,755,822,778,901,794,907,766
U,942,895,835,754,824,779,903,794,908,766
U,941,898,834,753,824,779,903,795,908,764
U,943,900,838,751,823,780,901,799,906,765
U,944,896,834,754,824,778,901,795,907,765
U,946,896,834,754,825,779,902,795,906,764
U,943,899,835,752,824,779,902,793,907,765
U,939,896,833,754,826,779,900,794,910,764
U,944,897,831,753,824,780,903,796,909,763
U,939,896,835,753,824,779,900,796,910,763
U,942,899,833,751,823,780,901,796,908,765
U,942,899,835,753,825,780,902,795,909,765
U,944,899,833,754,824,778,899,793,906,765
U,944,896,836,752,822,781,902,797,907,766
U,942,897,833,753,824,778,900,794,906,764
U,944,897,835,753,824,780,900,798,910,758
U,941,896,835,752,823,780,902,796,907,763
U,940,898,834,753,826,778,900,796,906,764
U,942,895,835,753,824,779,902,795,905,765
U,940,897,834,752,823,779,896,795,908,767
U,940,896,835,753,825,779,901,795,908,764
U,941,896,834,753,824,779,900,797,906,765
U,943,895,834,752,826,779,898,794,905,763
U,941,897,833,754,823,780,904,796,911,765
U,941,898,834,751,829,779,903,801,904,762
U,941,897,834,753,826,778,900,796,908,764
U,950,897,835,754,825,779,900,797,908,765
U,942,897,835,753,827,779,900,796,906,764
U,940,897,836,754,827,780,901,796,907,763
U,943,895,834,755,827,779,900,796,908,762
U,943,898,833,752,827,780,901,796,907,764
U,943,896,834,754,826,779,901,796,906,764
U,942,897,833,754,827,778,899,795,907,763
U,943,897,834,753,826,778,900,795,908,764
U,943,899,835,753,828,780,902,797,912,763
U,942,900,834,754,827,780,899,795,906,762
U,940,899,835,754,830,778,900,797,906,765
U,939,897,834,753,825,780,900,795,905,766
U,941,899,833,753,828,777,900,796,906,763
U,941,892,836,753,826,777,898,797,907,764
U,940,897,834,754,826,779,900,795,907,763
U,942,896,835,754,826,778,900,795,908,764
U,939,896,833,753,827,778,900,795,906,764
U,941,896,834,756,826,776,897,796,906,763
U,940,896,835,752,826,778,900,795,905,764
U,941,896,835,755,828,779,899,795,907,763
U,943,897,834,754,826,778,899,797,909,764
U,941,895,832,752,827,779,898,794,905,765
U,942,897,835,755,828,779,899,797,908,762
U,942,898,834,754,828,779,898,795,907,764
U,941,899,836,758,826,779,899,794,908,762
U,939,897,832,753,827,779,899,796,907,764
U,934,894,835,754,824,778,898,795,905,764
U,942,896,834,753,826,779,898,796,904,765
U,941,898,835,754,825,778,899,797,908,765
U,943,898,834,754,826,779,901,794,908,763
U,944,894,834,753,826,779,901,794,907,763
U,939,897,834,754,825,778,899,796,904,762
U,940,897,834,754,826,780,900,795,905,763
U,939,898,834,754,825,779,900,797,903,764
U,939,896,835,755,825,779,899,795,906,762
U,942,896,833,754,825,778,901,797,910,765
U,942,896,834,752,825,779,899,797,907,764
U,940,894,834,752,825,779,900,795,907,766
U,937,895,834,753,825,779,901,795,906,764
U,941,898,834,753,825,779,899,798,905,763
U,939,897,834,755,825,780,903,796,904,764
U,937,896,835,755,825,780,900,796,907,763
U,939,895,834,754,826,781,900,794,907,764
U,941,897,834,754,826,779,900,797,908,764
U,939,897,835,753,827,778,898,797,904,761
U,941,895,835,753,824,779,900,797,909,762
U,938,893,835,753,828,778,902,795,904,765
U,939,896,834,754,826,779,899,796,907,764
U,942,896,835,754,825,779,899,797,906,764
U,938,899,837,749,823,779,901,796,906,765
U,943,898,834,754,824,778,901,795,906,766
U,940,897,835,755,827,779,899,794,907,763
U,943,895,833,753,827,778,899,797,905,763
U,940,896,833,756,828,779,900,794,907,764
U,940,895,835,752,825,779,900,794,903,764
U,943,894,834,755,828,778,899,800,908,764
U,940,896,835,755,826,779,899,794,906,764
U,942,895,835,753,824,779,899,793,906,763
U,941,896,834,753,825,780,899,792,903,761
U,945,897,833,754,826,778,898,795,905,763
U,940,896,835,754,826,779,900,795,903,764
U,942,896,837,751,828,778,899,797,905,765
U,941,896,835,753,825,779,900,795,906,762
U,941,895,835,753,825,778,899,795,906,765
U,938,894,834,753,826,780,900,797,905,765
U,940,896,834,752,825,777,900,797,906,763
U,941,897,835,754,825,779,900,797,905,764
U,942,896,835,753,825,780,900,794,907,765
U,939,897,834,753,825,779,901,794,906,764
U,938,897,834,754,825,780,899,794,906,762
U,944,895,835,755,825,780,900,794,905,765
U,941,897,834,755,824,779,898,797,904,765
U,943,896,833,753,827,778,898,795,905,765
U,940,894,835,754,825,780,898,796,906,765
U,938,900,833,755,824,780,899,796,905,764
U,940,897,834,753,824,779,899,796,904,764
U,932,896,835,753,826,780,898,796,907,762
U,940,896,834,752,826,780,899,797,906,761
U,938,896,834,756,822,779,900,796,906,763
U,940,896,834,752,824,779,902,788,912,763
U,939,896,834,754,824,779,899,797,906,764
U,939,898,833,756,823,781,899,796,907,764
U,941,897,835,755,825,779,899,795,906,761
U,940,896,834,755,823,779,898,794,905,763
U,938,895,834,754,825,778,898,795,905,763
U,936,895,834,753,824,779,901,796,904,763
U,943,897,834,754,826,780,900,797,907,764
U,940,897,835,753,825,780,898,796,903,762
U,938,897,835,754,825,779,899,795,906,765
U,938,895,835,753,825,781,899,793,907,763
U,940,896,836,755,825,779,899,797,905,763
U,941,895,834,753,825,781,899,796,909,761
U,940,896,835,753,824,779,901,794,905,765
U,941,896,835,754,826,778,901,794,907,764
U,941,896,836,752,825,779,899,795,907,762
U,941,895,836,753,824,778,901,799,904,762
U,941,893,836,754,826,779,900,797,905,763
U,943,897,835,754,826,778,898,793,904,763
U,939,895,836,754,826,778,901,798,902,762
U,942,897,836,754,825,780,900,796,904,767
U,940,897,836,754,827,780,899,797,906,762
U,937,897,835,752,826,779,899,795,905,762
U,942,895,836,754,826,780,900,796,906,765
U,938,896,836,753,824,780,899,794,906,762
U,943,898,837,753,826,779,901,795,906,763
U,941,896,837,754,826,778,900,797,907,765
U,942,894,835,755,825,779,901,796,905,764
U,941,896,833,753,826,779,898,796,907,763
U,940,897,836,754,826,779,900,794,906,763
U,941,897,836,755,825,780,901,791,903,765
U,942,897,836,752,826,779,899,794,905,764
U,938,900,832,752,825,779,900,794,904,764
U,939,897,835,753,826,779,900,798,906,763
U,935,894,835,755,823,779,898,795,906,765
U,943,900,833,753,824,784,901,795,906,764
U,940,898,835,754,826,779,899,797,904,763
U,939,898,834,755,826,778,897,795,908,761
U,938,899,834,755,827,780,900,796,906,762
U,940,900,836,753,826,778,900,794,905,763
U,942,898,836,753,825,780,900,795,905,763
U,939,897,835,752,826,778,898,799,909,762
U,939,899,835,754,824,779,900,794,899,762
U,939,898,834,755,823,779,902,799,905,763
U,942,898,835,755,825,778,899,798,905,761
U,940,898,836,753,825,779,900,795,905,762
U,941,898,835,755,825,779,899,797,905,762
U,941,897,837,754,824,781,900,796,905,764
U,939,896,835,753,826,780,900,796,905,763
U,941,895,834,751,824,779,899,795,904,764
U,939,897,835,755,825,778,899,796,904,762
U,942,897,836,755,825,779,899,796,905,763
U,941,896,835,755,826,780,899,796,905,763
U,941,896,836,755,825,780,900,797,904,764
U,939,897,836,754,825,779,900,795,905,764
U,940,898,835,754,826,779,900,793,906,765
U,933,894,838,757,823,780,901,798,903,762
U,938,898,835,756,826,780,900,794,905,762
U,939,897,831,753,823,778,900,794,904,762
U,938,896,835,755,824,779,900,794,906,762
U,942,899,835,755,824,778,900,794,906,764
U,943,895,836,758,823,779,899,793,906,765
U,940,896,836,756,825,779,900,795,905,763
U,942,896,835,755,825,778,899,798,904,762
U,941,896,836,755,825,780,900,794,904,761
U,943,897,837,753,825,779,900,794,903,763
U,940,897,835,756,824,778,900,793,904,764
U,940,894,836,756,825,780,900,799,903,764
U,940,895,837,755,827,779,901,797,906,762
U,942,894,835,753,825,779,896,796,906,763
U,939,897,837,755,826,778,898,795,905,763
U,939,893,837,754,826,781,897,794,907,762
U,938,895,835,756,825,779,898,795,907,763
U,941,896,836,756,825,779,901,795,907,763
U,940,896,835,754,825,781,898,793,906,762
U,939,897,836,755,826,780,900,796,905,764
U,941,897,836,754,826,780,898,794,904,765
U,937,895,836,756,824,778,899,795,902,765
U,941,895,835,756,826,780,900,794,906,761
U,940,895,836,754,826,779,898,794,906,763
U,942,897,837,754,825,779,900,796,905,763
U,938,895,836,753,825,777,899,794,904,761
U,940,894,837,755,824,780,898,796,904,764
U,940,896,836,754,824,778,898,797,906,762
U,939,895,838,753,822,779,901,796,905,763
U,940,895,836,755,825,779,899,796,905,764
U,939,897,836,753,826,779,900,796,902,764
U,939,897,835,754,824,779,899,795,901,765
U,939,893,834,755,825,779,900,795,905,763
U,941,896,836,754,825,778,897,794,904,763
U,944,894,835,756,824,779,901,795,904,762
U,941,896,835,755,826,779,899,795,904,764
U,939,897,836,755,825,780,898,795,905,765
U,938,897,835,754,826,779,899,795,902,764
U,939,897,833,752,821,777,897,798,898,763
U,942,898,837,756,824,779,899,794,905,764
U,941,895,835,754,824,779,900,793,906,762
U,939,897,836,754,824,779,899,794,904,764
U,942,896,837,754,824,779,898,796,907,764
U,940,896,835,756,823,779,900,797,906,762
U,938,893,837,754,824,778,898,793,902,764
U,939,895,836,754,826,779,899,795,904,761
U,941,897,836,755,824,779,898,793,906,762
U,942,894,835,756,824,779,898,793,906,762
U,942,894,836,754,823,780,900,793,903,765
U,939,897,836,754,824,779,899,796,901,765
U,939,898,835,753,824,780,900,796,904,764
U,941,896,835,754,826,777,897,793,903,764
U,939,897,836,754,825,779,899,794,904,761
U,941,896,836,755,824,779,898,798,904,763
U,938,897,835,754,824,776,901,792,900,764
U,938,896,835,756,826,779,898,794,903,765
U,939,895,836,755,826,779,899,795,906,764
U,937,894,835,755,826,778,898,796,902,764
U,938,896,835,753,825,778,898,797,907,762
U,942,893,835,754,825,779,899,796,904,763
U,937,896,835,756,823,780,899,793,905,764
U,938,896,835,753,826,779,898,793,904,764
U,939,898,836,755,823,780,899,798,905,765
U,941,895,836,754,825,778,900,793,903,764
U,939,895,837,754,825,779,899,794,903,763
U,942,894,837,754,825,777,897,794,904,766
U,939,896,836,756,825,778,900,797,903,762
U,942,895,836,754,825,780,898,794,905,762
U,940,895,836,755,825,779,899,794,903,763
U,939,895,836,753,824,780,899,796,905,763
U,939,896,837,755,824,780,899,794,905,764
U,936,893,835,754,824,778,897,794,902,765
U,939,895,835,754,825,779,898,796,903,763
U,938,896,835,754,826,778,898,796,906,762
U,939,896,836,755,823,778,897,795,904,763
U,938,896,835,756,826,779,898,795,902,764
U,939,893,835,755,826,778,898,795,906,764
U,937,899,836,754,822,779,897,796,905,761
U,936,894,835,754,824,778,900,796,903,764
U,940,897,835,756,824,780,900,793,910,762
U,939,895,835,753,826,778,899,795,903,763
U,941,896,835,756,826,778,898,794,903,763
U,938,894,835,753,823,778,900,794,904,763
U,941,897,837,756,825,780,899,795,903,762
U,940,896,837,755,823,778,900,798,906,764
U,941,896,835,755,825,780,899,797,903,764
U,937,897,836,754,826,780,897,793,903,765
U,936,894,835,756,824,778,899,796,903,764
U,941,897,836,754,824,778,899,793,904,764
U,940,894,835,753,824,778,898,796,903,762
U,940,897,835,754,823,780,898,795,905,763
U,939,897,837,756,827,778,898,798,903,764
U,941,894,835,754,824,779,898,796,905,762
U,939,897,836,756,825,778,899,796,902,762
U,942,897,835,754,823,778,896,795,905,760
U,940,896,835,753,825,778,896,796,905,762
U,941,895,836,753,826,778,896,795,905,762
U,940,896,835,756,824,780,897,794,904,764
U,940,897,835,753,826,777,898,793,905,762
U,940,896,835,755,826,780,898,794,905,762
U,940,894,836,755,825,778,899,796,904,763
U,940,894,835,756,825,780,898,795,904,760
U,941,897,835,753,824,778,897,794,907,764
U,940,897,837,755,825,779,898,792,903,762
U,941,899,837,756,826,780,896,794,904,763
U,939,895,834,755,825,778,898,792,905,763
U,940,896,835,755,826,780,899,797,903,764
U,939,895,834,754,826,778,897,795,906,760
U,939,898,836,757,825,780,898,793,906,763
U,938,896,836,754,826,781,901,794,906,762
U,938,896,836,754,825,779,898,792,905,762
U,939,896,836,755,826,779,898,794,903,760
U,941,896,835,756,825,779,896,795,906,763
U,941,897,836,753,827,780,899,794,905,762
U,938,896,836,755,825,780,898,790,904,762
U,941,896,835,755,826,778,898,796,903,762
U,938,893,836,755,827,779,898,795,904,762
U,940,897,836,755,826,780,898,793,903,763
U,939,897,836,755,823,779,898,793,904,764
U,937,894,835,753,827,778,898,796,903,761
U,936,893,836,757,830,778,896,793,905,763
U,938,896,836,755,827,780,895,794,905,763
U,940,897,836,754,827,778,899,793,905,759
U,940,893,836,752,827,780,899,793,903,761
U,936,896,838,753,826,779,899,795,903,763
U,939,895,836,754,826,780,898,794,902,763
U,940,896,837,756,827,778,898,795,904,763
U,940,894,835,755,829,778,898,794,903,761
U,940,897,837,755,829,778,897,795,902,761
U,940,896,836,756,829,779,898,793,905,762
U,938,897,836,756,827,779,899,794,906,760
U,939,896,836,755,826,779,899,795,905,763
U,940,895,836,755,826,779,898,796,904,763
U,942,894,836,756,828,778,898,797,906,760
U,941,894,836,756,828,777,899,794,902,760
U,942,896,836,755,826,779,898,793,909,761
U,939,894,836,755,827,779,898,794,903,763
U,940,896,834,755,827,779,897,796,901,763
U,940,894,835,755,828,780,899,794,905,763
U,939,896,836,754,827,780,898,793,905,760
U,940,895,836,755,827,780,897,794,907,761
U,938,893,835,755,827,779,899,793,905,762
U,938,895,835,756,827,778,899,796,900,760
U,938,896,835,757,827,780,896,795,904,762
U,938,894,836,756,826,780,896,796,905,761
U,939,896,835,755,824,779,900,794,907,764
U,941,894,836,755,828,779,897,795,904,759
U,939,896,836,755,827,778,896,795,904,762
U,937,894,836,753,826,779,898,794,905,763
U,939,892,835,754,827,779,898,792,904,761
U,941,889,836,755,829,778,897,793,904,763
U,938,896,836,756,828,779,899,796,904,762
U,942,895,835,753,825,779,898,794,905,760
U,937,896,835,755,827,780,898,795,904,761
U,941,895,836,756,827,779,899,794,903,762
U,939,899,835,755,828,780,899,796,904,763
U,940,896,834,756,826,778,898,796,903,761
U,938,897,837,757,828,778,898,797,902,762
