V,938,892,828,730,823,776,898,783,902,744
V,939,895,829,728,824,776,899,784,903,748
V,939,892,825,731,824,778,899,782,903,745
V,942,893,830,730,822,778,898,783,902,746
V,940,895,829,731,823,775,900,784,903,747
V,939,892,828,729,823,777,899,784,903,743
V,938,893,829,731,821,775,897,783,903,747
V,940,893,828,731,823,778,899,783,902,745
V,939,893,829,730,825,778,897,785,905,745
V,939,893,830,731,823,776,899,785,902,744
V,939,896,828,731,823,778,901,782,905,747
V,938,894,830,730,824,777,899,785,900,746
V,937,893,828,730,823,777,898,784,905,748
V,939,893,829,729,825,777,899,784,903,745
V,938,896,829,729,823,776,898,784,903,745
V,940,894,829,731,824,776,898,784,902,747
V,938,893,828,731,824,777,899,783,903,746
V,937,894,829,730,825,776,898,784,905,745
V,939,893,829,731,824,778,899,782,903,744
V,933,899,824,730,823,776,898,785,903,747
V,938,894,828,731,826,776,897,783,901,748
V,937,892,830,732,826,776,898,783,904,748
V,937,895,830,728,826,778,897,784,905,746
V,939,895,829,730,823,776,900,782,904,746
V,939,896,828,731,824,776,899,784,905,746
V,937,896,829,731,827,778,898,782,902,746
V,937,893,829,730,824,777,899,783,904,744
V,936,895,828,731,826,775,899,785,902,746
V,936,896,830,730,825,777,900,785,903,746
V,938,893,830,729,826,776,896,782,899,747
V,938,893,829,730,825,776,898,784,903,746
V,940,893,830,729,826,777,900,783,903,746
V,943,897,830,730,824,776,897,782,904,745
V,940,893,829,728,826,776,900,785,903,748
V,941,893,828,729,827,778,897,783,902,747
V,938,895,830,732,824,778,898,783,903,747
V,938,893,829,732,825,776,899,783,902,747
V,944,894,830,730,824,776,897,784,904,748
V,939,896,830,729,826,778,898,785,901,748
V,940,893,830,732,824,778,898,782,902,746
V,941,893,829,731,824,777,897,784,901,745
V,938,892,829,728,823,776,897,782,903,747
V,941,894,830,729,825,776,898,783,902,748
V,941,894,828,732,824,777,898,785,902,746
V,939,896,828,730,826,776,898,783,903,745
V,939,894,830,729,825,776,897,781,907,746
V,941,893,829,730,825,776,899,785,902,746
V,939,895,828,731,823,777,899,785,903,746
V,940,895,830,731,824,777,899,783,903,747
V,940,894,830,730,823,778,897,783,902,747
V,941,896,829,730,824,778,897,785,904,748
V,942,894,829,731,824,777,897,786,905,746
V,938,894,828,730,825,777,898,784,904,747
V,937,892,829,730,826,777,898,785,902,746
V,942,894,829,731,823,777,897,785,903,745
V,939,893,830,732,826,776,895,788,901,745
V,938,896,828,731,823,776,897,784,903,747
V,939,896,828,731,823,778,899,783,904,746
V,936,892,829,732,826,778,898,782,905,748
V,936,892,830,731,824,776,897,782,904,748
V,937,895,830,730,823,776,900,783,902,745
V,937,892,828,732,825,777,898,783,901,749
V,937,896,830,732,825,778,898,785,905,745
V,939,896,830,731,824,777,899,785,902,746
V,939,894,828,731,823,776,900,784,904,747
V,939,895,829,730,825,775,897,785,900,745
V,937,894,831,731,823,777,896,783,903,747
V,938,896,829,729,826,777,901,784,902,747
V,937,895,828,732,825,777,898,784,904,747
V,940,894,829,730,823,776,900,784,904,747
V,933,895,829,731,824,776,899,783,903,747
V,938,894,830,732,825,778,898,783,904,741
V,935,896,829,730,823,775,898,784,902,747
V,938,893,829,731,824,777,899,784,901,747
V,939,896,829,732,823,778,897,783,904,747
V,939,892,830,733,825,778,899,784,904,746
V,939,895,829,730,822,777,895,782,902,748
V,940,894,830,731,824,776,898,782,904,745
V,939,896,830,731,823,775,897,786,901,747
V,939,892,830,732,824,777,896,782,903,744
V,940,894,830,731,823,777,897,783,897,744
V,939,895,830,732,822,777,897,783,903,745
V,942,892,829,731,823,777,897,784,903,747
V,939,893,827,732,823,777,898,784,904,747
V,940,894,830,732,824,777,898,783,904,746
V,935,893,829,731,823,776,900,786,904,746
V,938,893,830,731,823,776,900,782,904,747
V,939,892,831,729,825,776,898,784,903,745
V,939,894,831,732,824,776,899,786,903,745
V,940,896,829,731,822,777,897,783,903,748
V,938,895,829,730,822,776,897,782,902,745
V,942,890,830,731,822,776,899,785,904,747
V,938,895,828,732,823,775,899,784,902,746
V,938,893,828,731,824,776,896,783,903,748
V,939,895,828,732,823,776,897,784,902,747
V,938,894,829,731,823,777,898,784,901,747
V,940,893,828,732,821,775,899,785,905,747
V,938,894,829,730,824,777,898,784,902,745
V,941,895,828,730,823,777,898,783,902,747
V,941,892,828,730,821,777,899,783,905,746
V,941,894,829,732,821,778,897,781,906,749
V,940,895,829,731,824,777,898,783,904,747
V,937,894,829,730,822,778,898,782,902,749
V,938,894,828,731,823,777,896,785,902,745
V,938,894,830,731,823,777,897,785,902,747
V,940,894,828,733,823,776,897,783,901,747
V,940,893,829,732,823,778,898,784,903,742
V,940,895,828,732,822,777,899,786,903,745
V,940,894,830,732,823,778,898,785,906,747
V,940,893,830,730,824,777,898,782,903,747
V,937,893,829,731,822,776,897,784,901,746
V,938,893,830,733,825,775,898,784,900,748
V,940,892,827,731,825,776,900,783,902,747
V,940,896,829,731,825,777,899,785,902,745
V,937,895,827,732,824,779,897,783,904,746
V,938,894,828,731,823,776,901,782,905,746
V,940,892,829,733,824,777,897,784,903,746
V,933,897,832,730,824,778,898,782,904,744
V,939,893,829,732,823,777,897,783,901,749
V,940,897,828,730,824,777,896,784,903,747
V,941,892,829,732,823,777,899,785,904,747
V,938,894,829,730,823,778,897,785,901,748
V,938,894,829,731,824,777,897,783,903,746
V,938,894,829,728,823,775,900,790,901,746
V,940,893,829,730,824,776,897,783,904,746
V,939,893,830,732,824,778,899,784,901,743
V,938,895,828,731,823,776,898,782,901,747
V,939,892,829,731,824,777,897,783,903,746
V,937,895,829,732,822,778,897,785,903,745
V,935,894,830,732,822,777,898,783,903,747
V,936,892,830,730,823,778,897,781,903,746
V,939,895,829,732,823,776,897,784,904,746
V,940,895,829,731,823,776,897,784,902,746
V,939,892,830,731,826,774,897,786,903,747
V,941,895,829,731,825,777,898,783,902,746
V,938,894,829,731,823,777,897,782,904,746
V,938,892,830,732,823,778,897,784,903,747
V,940,893,829,732,825,778,898,786,902,745
V,936,892,829,730,825,778,897,783,903,746
V,936,895,827,731,825,775,898,784,903,745
V,941,895,830,730,826,777,899,782,904,747
V,939,894,829,731,823,776,899,782,903,747
V,938,896,828,733,823,776,896,784,904,745
V,940,895,828,732,825,776,898,783,901,744
V,940,893,828,732,823,777,898,782,904,747
V,939,893,829,731,822,777,896,783,901,747
V,939,893,828,731,823,776,898,783,902,747
V,939,895,827,731,823,774,896,786,904,748
V,939,896,828,731,824,778,897,782,902,745
V,939,893,830,731,823,777,897,786,904,745
V,938,892,829,729,825,777,897,784,904,746
V,937,895,829,731,823,778,899,785,904,748
V,937,894,829,732,824,777,898,784,903,748
V,939,892,829,732,823,776,900,782,903,745
V,938,894,830,731,823,778,898,783,902,748
V,937,891,828,731,824,779,899,784,903,746
V,935,894,830,732,824,775,897,783,903,745
V,940,893,830,731,825,776,894,786,905,747
V,938,894,829,730,824,777,897,783,903,745
V,938,897,830,732,824,777,899,784,904,746
V,935,895,829,732,823,776,898,783,903,746
V,940,893,830,731,824,776,898,785,899,748
V,934,892,831,730,824,776,897,783,903,747
V,940,895,829,732,825,776,896,782,903,747
V,938,893,830,732,822,777,897,783,904,744
V,938,895,829,730,824,777,896,785,903,744
V,940,895,827,730,826,777,896,785,903,747
V,940,894,829,731,826,778,898,785,903,746
V,939,894,830,732,825,777,898,783,901,747
V,941,895,829,732,825,777,896,782,902,744
V,938,893,830,731,825,777,897,785,903,747
V,939,894,828,731,827,777,897,784,901,747
V,937,893,831,730,825,775,898,783,902,746
V,938,894,830,732,823,776,898,782,903,744
V,939,893,829,731,826,776,899,783,901,746
V,937,894,830,732,826,778,896,783,904,747
V,939,892,829,731,825,776,897,785,901,744
V,937,892,828,732,827,776,898,784,900,748
V,938,894,829,731,825,776,898,785,904,746
V,940,895,829,731,822,777,899,785,901,745
V,938,895,829,733,824,776,899,781,903,745
V,938,895,828,730,824,777,897,784,902,747
V,938,894,828,731,824,777,897,782,901,744
V,945,895,830,728,825,776,897,785,904,746
V,937,895,829,731,823,778,898,783,903,746
V,943,896,829,733,823,778,895,782,902,747
V,937,892,830,731,823,774,897,783,903,746
V,940,895,827,733,823,776,896,783,902,747
V,940,894,830,736,829,777,897,784,900,746
V,937,895,829,731,823,777,897,784,899,745
V,937,894,830,732,824,775,897,783,901,746
V,940,894,829,731,823,776,899,783,900,745
V,940,893,828,732,823,777,895,784,901,745
V,937,894,828,732,823,777,898,782,902,744
V,939,895,828,732,823,777,899,784,904,745
V,939,894,829,731,824,778,897,784,902,746
V,939,891,830,732,822,776,898,784,904,748
V,935,892,829,732,823,775,898,783,902,747
V,937,894,829,732,822,779,893,787,907,745
V,940,892,830,731,822,778,896,784,902,746
V,940,893,827,731,823,775,898,784,901,746
V,940,894,830,732,822,778,896,781,904,745
V,938,891,829,731,823,777,897,783,903,744
V,940,895,829,730,822,777,898,784,902,746
V,937,894,829,730,823,777,896,785,900,746
V,937,893,829,731,824,775,897,785,902,747
V,937,893,831,733,823,777,895,783,901,745
V,938,895,829,730,822,777,899,784,902,744
V,937,894,828,731,823,776,897,784,901,748
V,941,892,830,731,822,778,898,783,903,746
V,941,896,829,732,822,775,897,785,904,744
V,940,893,830,733,821,775,895,782,901,747
V,936,891,830,732,821,777,900,783,903,744
V,940,892,829,732,820,776,897,784,903,746
V,937,895,827,730,821,776,896,783,905,744
V,940,894,829,731,822,777,898,783,902,746
V,938,892,830,732,823,777,899,783,902,746
V,937,893,830,731,824,776,898,785,903,746
V,937,893,829,731,823,778,896,784,902,746
V,938,892,828,730,822,777,898,784,901,745
V,935,891,828,731,822,776,897,784,904,746
V,941,893,830,732,821,777,896,783,903,745
V,940,895,828,733,821,776,900,783,904,745
V,936,893,830,730,820,777,897,784,904,747
V,940,895,828,733,822,776,897,783,904,746
V,939,894,828,731,823,776,897,784,903,746
V,937,893,830,732,822,776,898,782,901,746
V,938,893,828,730,823,776,897,782,902,744
V,940,893,830,730,823,778,896,784,905,746
V,938,893,829,732,824,776,897,784,901,748
V,934,893,831,732,822,777,897,783,904,747
V,937,895,830,732,823,777,897,782,903,745
V,940,895,830,731,820,777,899,785,902,746
V,942,894,829,732,824,777,897,783,901,746
V,937,894,829,731,824,776,898,784,901,747
V,936,896,828,731,824,777,896,785,904,746
V,936,896,829,733,824,776,895,784,901,747
V,937,895,828,732,824,777,898,783,902,744
V,941,894,830,732,823,776,897,785,903,745
V,938,893,829,734,820,777,896,783,903,745
V,937,894,828,732,823,777,898,782,902,746
V,937,893,829,730,821,775,901,788,900,746
V,938,894,829,732,822,776,898,782,905,747
V,940,895,830,732,823,776,895,784,901,746
V,940,895,830,733,821,776,895,786,901,748
V,941,893,829,732,821,776,896,786,901,747
V,940,896,830,730,822,778,898,786,903,747
V,935,895,828,733,820,777,897,782,902,746
V,939,893,828,731,822,777,897,785,900,747
V,937,895,830,732,819,777,898,784,899,746
V,937,892,830,732,821,778,898,784,901,746
V,939,893,827,731,818,779,896,784,902,744
V,939,894,829,733,819,778,897,783,902,745
V,938,896,829,733,818,778,895,789,901,748
V,939,892,829,733,819,778,898,784,902,745
V,939,894,828,732,818,777,895,783,901,746
V,940,892,829,732,818,778,899,786,900,746
V,935,894,829,732,819,777,898,782,901,746
V,936,891,828,731,819,775,895,785,901,745
V,938,895,827,732,820,777,898,781,903,746
V,940,895,829,731,821,777,898,785,902,747
V,941,893,827,732,818,777,896,784,901,745
V,939,893,829,733,819,778,898,783,902,747
V,939,894,830,732,819,775,898,784,901,746
V,938,893,829,733,820,778,897,783,900,745
V,939,893,829,730,820,776,897,785,902,744
V,937,894,829,731,818,776,897,784,903,745
V,939,893,828,733,817,777,897,785,902,746
V,939,892,827,731,819,776,897,783,903,747
V,939,895,829,731,817,776,897,783,904,747
V,937,892,828,731,818,777,898,784,902,746
V,937,894,828,732,819,778,898,783,902,746
V,939,892,829,732,819,778,896,784,901,747
V,939,892,830,732,820,776,896,784,902,746
V,935,895,830,733,817,778,897,783,904,746
V,938,895,830,731,818,777,898,785,904,746
V,937,894,829,731,820,778,899,784,902,746
V,939,895,829,733,821,779,898,785,903,745
V,939,895,829,733,819,777,897,782,903,745
V,938,895,829,732,821,776,897,784,899,743
V,934,893,829,731,818,777,896,782,904,746
V,937,892,829,732,819,777,898,782,902,747
V,937,895,828,731,821,775,895,783,900,746
V,936,893,829,733,820,777,896,781,900,747
V,935,893,829,734,820,777,897,786,899,746
V,936,893,829,732,818,776,898,783,902,745
V,939,895,830,733,820,777,896,785,902,747
V,938,894,828,732,818,776,898,784,903,743
V,937,895,830,733,818,776,898,782,899,745
V,937,893,829,731,819,777,896,785,903,746
V,937,895,828,733,821,777,897,783,901,746
V,940,894,830,733,821,778,896,786,900,747
V,938,896,829,732,820,776,897,785,903,744
V,940,893,829,732,818,776,897,783,903,745
V,939,894,829,732,819,778,896,784,903,745
V,940,896,830,733,818,777,897,782,904,746
V,940,896,832,733,820,776,898,784,902,745
V,938,893,830,732,820,776,896,782,899,745
V,939,893,828,731,819,779,898,784,901,746
V,936,896,828,733,820,776,897,782,901,746
V,937,893,829,732,820,777,897,781,902,747
V,938,892,832,735,819,778,895,783,902,745
V,940,894,829,733,818,777,895,784,902,745
V,939,895,829,731,820,776,895,786,903,748
V,940,895,829,733,820,776,898,785,903,747
V,938,894,829,733,820,778,897,784,903,745
V,934,890,826,733,818,778,898,782,903,747
V,939,893,831,732,819,778,896,783,903,745
V,938,894,830,732,820,776,899,785,903,744
V,940,892,830,732,818,778,897,784,902,747
V,939,892,829,733,819,777,895,782,902,746
V,936,895,830,734,820,777,896,781,901,747
V,941,892,830,733,819,777,896,785,903,746
V,935,895,829,732,820,777,898,783,904,746
V,940,892,831,734,819,777,898,784,903,745
V,937,894,829,733,819,777,897,782,902,745
V,939,897,829,733,818,776,898,784,901,745
V,937,893,831,733,819,777,897,783,903,746
V,937,894,831,732,820,776,897,783,903,745
V,937,895,830,735,819,777,897,785,903,745
V,937,895,829,732,820,777,896,784,901,747
V,937,894,829,734,818,777,897,781,902,743
V,938,891,830,732,818,776,899,785,904,747
V,937,895,829,732,819,777,896,782,903,747
V,935,898,827,735,821,776,896,783,899,745
V,936,893,828,734,820,777,896,785,902,744
V,938,894,829,733,819,778,898,783,902,746
V,940,892,829,736,817,776,898,782,902,745
V,936,894,828,735,818,777,897,785,903,747
V,939,893,829,733,819,776,898,784,902,750
V,935,895,829,734,818,776,898,785,903,746
V,939,895,830,733,820,776,896,785,901,748
V,936,894,829,733,819,776,895,783,902,745
V,938,893,830,734,820,777,897,783,901,744
V,936,892,829,732,819,776,897,783,898,746
V,937,894,830,734,818,776,900,779,904,743
V,937,895,828,733,819,776,896,784,903,746
V,936,893,830,734,818,775,896,784,903,745
V,937,893,830,733,821,776,897,782,904,746
V,938,894,829,733,819,777,896,784,900,746
V,939,894,829,732,819,777,896,783,902,745
V,938,894,830,733,818,778,897,785,900,744
V,940,895,831,733,819,777,895,783,901,745
V,931,888,826,736,820,775,897,784,901,745
V,937,893,830,733,819,777,895,782,903,746
V,938,894,830,732,818,777,897,782,901,745
V,939,892,830,733,819,777,896,785,902,746
V,935,896,828,735,819,776,896,785,902,746
V,940,892,830,734,818,777,897,782,903,745
V,939,892,828,731,820,776,897,782,904,746
V,938,894,829,733,819,777,896,784,902,747
V,939,894,829,733,819,778,897,786,898,748
V,939,892,831,735,820,775,899,782,903,746
V,937,894,827,734,819,777,897,783,902,746
V,940,896,829,733,820,776,898,782,901,745
V,935,892,829,733,820,776,897,783,902,746
V,937,894,830,733,819,775,896,782,903,744
V,936,897,829,735,818,778,896,784,899,745
V,935,894,829,732,818,776,896,785,903,747
V,939,892,830,732,817,778,895,783,903,745
V,939,895,830,733,818,776,896,785,901,746
V,936,895,829,734,819,777,896,784,902,747
V,940,895,831,734,817,778,896,782,902,746
V,937,892,829,734,821,781,894,780,903,742
V,937,895,830,733,819,777,894,784,902,745
V,938,893,830,733,820,777,897,786,896,745
V,938,897,829,733,820,776,897,782,902,745
V,938,894,830,734,820,776,898,783,899,747
V,939,892,830,734,819,776,896,782,902,747
V,936,894,830,733,819,779,898,784,901,746
V,939,894,831,733,818,776,897,783,901,746
V,937,895,830,733,820,776,897,784,903,746
V,933,894,829,736,819,779,896,782,899,743
V,938,892,829,735,817,775,895,783,902,745
V,938,893,830,734,819,777,895,782,901,745
V,938,894,828,734,818,777,897,783,903,745
V,940,894,831,734,818,776,897,783,901,743
V,935,893,830,734,818,776,897,783,901,746
V,935,895,830,734,819,777,898,785,900,744
V,938,895,830,734,817,775,899,786,905,747
V,938,896,830,733,820,777,898,784,901,745
V,938,895,830,735,818,776,896,785,902,743
V,938,896,830,736,818,776,895,782,900,743
V,938,894,828,735,818,777,896,783,901,744
V,937,893,831,734,818,776,897,783,900,745
V,939,895,830,731,820,776,894,782,902,745
V,937,895,829,734,820,777,895,782,903,746
V,937,895,830,733,818,778,896,788,906,751
V,935,895,830,733,819,777,895,784,901,745
V,938,894,829,735,819,777,896,786,904,744
V,935,893,829,735,819,776,897,782,902,745
V,931,899,829,734,819,776,896,782,901,746
V,940,893,831,735,819,778,897,784,901,746
V,939,893,829,733,817,776,894,781,902,746
V,939,893,829,733,819,778,896,785,901,745
V,936,894,830,735,820,778,894,785,904,743
V,940,893,830,734,821,777,895,782,904,746
V,938,894,829,735,819,777,895,785,902,745
V,937,895,830,736,819,776,894,781,900,747
V,938,894,829,733,821,776,895,785,903,744
V,936,896,829,736,821,777,896,784,902,743
V,938,895,830,735,821,777,899,782,900,747
V,939,894,829,734,822,776,897,782,902,744
V,937,893,829,735,823,777,896,783,902,746
V,938,896,829,734,820,778,896,783,899,744
V,939,891,829,733,823,777,897,783,901,745
V,937,895,830,736,821,778,896,783,901,745
V,936,893,831,733,823,777,896,781,901,744
V,938,895,831,733,821,778,896,783,904,743
V,935,893,830,736,823,776,896,783,902,745
V,939,894,828,736,822,778,896,781,901,744
V,936,895,830,736,822,776,894,785,904,746
V,937,895,831,736,823,776,896,784,901,742
V,937,895,830,735,821,777,894,785,903,743
V,937,894,829,736,821,777,896,784,901,745
V,938,893,829,737,822,776,895,782,899,743
V,938,895,829,736,822,776,896,784,900,746
V,936,891,830,734,822,776,897,785,903,744
V,939,893,831,736,822,777,896,784,900,743
V,938,895,829,735,820,778,895,784,903,745
V,936,892,831,733,820,776,897,783,901,745
V,935,893,829,736,822,776,893,781,904,743
V,938,895,830,735,821,776,895,782,900,745
V,938,894,830,735,821,777,895,783,902,746
V,938,894,830,735,820,777,895,785,901,745
V,938,894,829,736,821,777,896,783,903,745
V,936,893,830,736,821,776,896,784,900,745
V,935,894,829,734,822,777,896,785,903,742
V,938,895,829,735,820,776,894,785,903,746
V,937,893,829,735,821,778,897,782,900,744
V,937,895,828,734,822,775,900,781,902,743
V,938,895,830,736,822,777,898,782,900,745
V,935,893,828,735,821,776,897,783,901,743
V,937,893,829,735,821,776,892,785,902,745
V,936,895,831,735,821,777,896,782,901,749
V,939,894,829,736,819,777,895,783,904,743
V,935,894,830,733,819,777,895,783,898,745
V,940,893,830,735,820,776,894,782,901,745
V,938,894,830,735,821,777,896,784,899,745
V,934,894,829,734,821,776,896,785,902,743
V,938,893,829,734,821,777,895,784,900,745
V,938,896,828,734,817,778,894,785,900,743
V,934,896,829,736,819,777,895,783,900,746
V,938,892,830,734,820,778,894,782,900,746
V,939,894,829,736,818,776,894,784,902,745
V,938,896,830,733,819,777,896,782,900,744
V,935,894,831,735,818,776,897,783,905,743
V,938,895,829,735,820,777,896,783,901,744
V,936,896,828,734,821,777,895,783,902,744
V,936,894,829,735,819,777,895,783,900,742
V,938,894,830,736,820,775,892,779,900,743
V,936,894,830,734,820,777,895,783,903,743
V,939,894,829,735,821,777,897,783,899,743
V,937,895,829,736,824,778,895,784,899,743
V,936,893,831,736,820,776,895,783,902,745
V,937,895,828,733,821,776,897,784,903,744
V,936,895,830,735,820,776,894,782,901,744
V,936,895,829,737,820,776,896,785,904,743
V,935,895,829,736,819,777,896,782,900,745
V,933,893,829,733,821,776,895,783,902,745
V,939,893,829,736,819,777,895,782,901,744
V,935,896,831,736,819,777,894,784,901,743
V,936,892,830,735,821,777,896,783,902,743
V,937,892,831,737,820,778,894,784,903,744
V,939,893,829,735,818,777,896,781,903,744
V,935,895,830,734,818,779,895,783,902,743
V,940,893,830,735,819,777,895,782,900,745
V,936,893,829,733,820,776,896,787,905,744
V,939,892,830,736,819,776,896,784,901,741
V,937,893,830,736,820,777,892,780,900,743
V,936,894,829,734,820,776,894,781,902,742
V,940,894,830,735,819,777,895,783,900,744
V,936,894,830,734,819,778,894,782,900,744
V,938,893,829,734,820,776,897,781,900,743
V,938,894,829,734,818,776,896,781,900,743
V,937,894,831,734,818,778,895,783,903,744
V,939,896,831,734,821,778,897,782,901,744
V,937,893,830,736,820,776,896,782,902,745
V,938,896,829,734,821,776,894,782,899,745
V,935,895,829,735,819,777,894,783,899,742
V,938,893,831,734,822,776,899,782,900,743
V,936,895,830,736,819,777,895,784,902,744
V,937,893,830,736,817,778,895,784,898,746
V,938,894,829,735,820,778,896,784,901,744
V,936,893,829,735,819,777,893,784,903,746
V,936,894,830,735,819,778,896,783,901,744
V,933,891,828,739,815,777,893,782,902,743
V,937,893,830,734,820,777,895,782,900,744
V,936,893,830,735,820,777,894,783,902,742
V,936,895,830,737,819,777,896,783,901,743
V,934,894,829,736,820,777,894,785,900,742
V,936,895,829,735,818,778,895,784,903,746
V,935,894,829,735,819,778,897,781,903,744
V,933,895,830,734,819,776,894,784,902,743
V,938,894,829,736,819,776,895,781,901,746
V,939,893,831,734,820,777,896,782,901,745
V,934,895,829,736,820,776,894,785,902,745
V,937,893,830,734,820,777,896,785,900,745
V,938,893,831,734,818,776,895,784,902,746
V,939,895,831,734,821,777,897,782,901,745
V,937,894,829,737,818,776,897,784,900,745
V,935,894,830,735,820,775,897,782,902,745
V,934,895,828,736,819,777,896,784,900,744
V,936,895,830,736,819,777,894,782,902,743
V,938,893,829,735,819,777,894,782,901,744
V,935,893,829,736,821,777,895,784,903,745
V,936,895,830,737,819,775,895,782,900,744
V,938,892,830,736,819,776,896,783,901,745
V,941,895,832,736,818,778,895,781,903,742
V,937,895,830,737,819,777,894,783,902,745
V,936,895,829,737,819,778,895,783,900,745
V,937,893,830,736,819,777,895,786,900,746
V,937,894,831,734,822,776,896,782,899,743
V,936,894,830,735,820,776,895,784,901,744
V,940,893,829,734,820,778,894,783,898,743
V,938,892,831,736,820,777,897,783,902,742
V,939,895,831,737,818,775,895,785,903,744
V,937,893,830,735,821,776,897,783,901,743
V,937,894,830,736,820,777,894,782,899,745
V,935,896,830,736,818,778,894,781,903,745
V,935,891,829,735,820,777,895,783,903,747
V,937,893,830,734,820,777,894,782,899,743
V,934,896,829,734,820,777,895,782,902,743
V,937,892,830,735,817,777,894,781,902,743
V,933,893,830,735,820,776,895,781,900,744
V,938,894,829,736,820,777,894,782,901,743
V,937,894,830,736,820,778,897,785,899,745
V,934,893,831,736,819,776,895,782,899,744
V,936,893,831,737,817,777,896,784,899,741
V,939,895,830,735,818,778,894,781,899,743
V,938,892,829,737,819,776,895,783,903,746
V,938,895,830,734,819,777,894,781,899,745
V,936,893,828,734,820,775,894,784,902,745
V,938,894,831,736,820,777,895,781,899,743
V,937,895,828,738,818,779,895,783,901,745
V,937,894,831,736,820,777,895,783,898,742
V,935,893,830,735,818,777,896,782,898,743
V,939,892,831,736,820,777,895,782,902,744
V,938,895,830,737,820,777,894,783,902,744
V,938,895,829,734,820,776,896,785,900,743
V,935,893,829,735,816,777,894,784,900,744
V,937,895,829,734,818,776,894,785,901,744
V,936,893,829,734,819,776,897,783,901,744
V,936,893,831,734,820,776,895,785,899,745
V,935,893,831,736,818,777,896,786,903,742
V,941,893,828,732,818,776,894,784,903,744
V,938,893,829,737,819,776,894,784,902,743
V,938,896,829,734,819,779,895,784,902,744
V,938,893,830,735,818,776,895,784,901,743
V,937,893,831,736,818,778,897,784,901,742
V,935,895,830,736,817,778,895,784,900,742
V,936,893,830,736,818,777,895,782,901,745
V,936,895,830,737,818,776,896,784,902,743
V,935,894,830,735,817,776,893,782,901,744
V,939,893,829,735,820,777,895,783,900,744
V,936,895,829,734,820,777,896,782,901,744
V,934,894,830,735,819,777,894,782,901,744
V,939,893,832,737,818,778,895,783,899,744
V,931,892,827,738,818,776,894,784,901,742
V,938,893,829,737,818,776,894,784,900,745
V,937,894,830,736,820,776,896,784,902,744
V,938,893,831,736,818,778,891,785,900,746
V,936,895,829,735,818,778,896,782,900,744
V,938,893,830,735,819,777,895,783,903,746
V,934,897,831,735,819,778,896,781,898,743
V,936,894,830,736,820,778,894,783,898,744
V,937,893,829,735,820,776,894,782,902,745
V,938,894,830,734,820,775,893,783,900,741
V,935,893,830,737,820,777,895,782,899,743
V,936,895,831,736,820,778,896,782,901,743
V,938,894,830,734,817,777,895,784,902,745
V,935,895,830,735,820,776,896,783,901,741
V,936,895,830,735,819,777,896,782,900,743
V,938,894,829,734,821,777,895,781,900,745
V,936,892,831,736,820,777,896,783,902,744
V,937,892,831,735,819,777,894,783,903,743
V,937,893,829,733,819,777,894,783,902,743
V,938,894,831,734,819,776,895,781,902,744
V,935,894,831,735,818,777,895,784,898,745
V,935,895,830,735,820,776,894,784,902,744
V,938,895,830,736,820,778,893,785,903,745
V,937,894,831,737,819,775,894,784,899,741
V,938,895,830,735,817,776,895,782,901,747
V,937,894,830,735,820,776,894,777,898,748
V,940,896,830,736,820,778,895,782,898,743
V,936,894,829,737,818,778,894,785,903,743
V,933,895,831,734,823,780,896,780,900,744
V,936,895,830,736,820,776,895,782,902,745
V,937,894,831,737,818,776,894,782,903,744
V,935,896,829,735,818,777,895,784,901,744
V,935,896,830,736,820,778,893,781,901,745
V,937,894,830,735,817,776,894,782,901,744
V,935,894,831,736,820,777,896,782,900,743
V,938,895,831,735,818,777,891,780,899,742
V,936,894,830,735,819,777,894,782,901,743
V,935,894,832,735,820,778,893,784,901,742
V,935,891,829,735,817,776,896,782,900,743
V,937,893,830,736,820,778,895,784,899,742
V,936,894,831,735,819,777,896,782,901,746
V,938,894,831,735,817,776,895,784,902,743
V,935,892,832,733,819,777,895,782,900,743
V,937,893,830,737,817,777,896,783,899,743
V,936,894,830,736,819,777,897,782,900,743
V,937,894,831,736,818,778,893,785,900,746
V,939,893,830,737,818,777,894,782,901,746
V,938,891,831,737,818,776,892,782,897,747
V,936,893,831,736,820,777,895,783,902,743
V,941,896,832,736,816,778,895,784,899,744
V,935,896,831,738,818,776,894,782,900,743
V,939,895,832,736,819,776,892,782,901,743
V,938,893,830,736,818,778,895,784,901,743
V,937,893,832,736,819,778,894,782,901,745
V,935,895,831,737,818,775,894,784,902,743
V,933,894,830,735,821,776,897,785,902,743
V,937,893,831,736,819,776,896,783,900,742
V,933,894,830,735,819,776,896,784,900,744
V,936,892,830,736,819,775,895,781,900,745
V,937,893,831,735,817,777,894,783,900,743
V,937,892,831,734,819,778,895,783,899,743
V,939,897,831,736,818,776,893,784,901,745
V,936,893,829,737,818,776,895,784,900,745
V,941,889,833,732,822,779,895,784,900,745
V,937,892,830,736,819,777,894,784,899,743
V,935,896,831,737,821,777,894,782,900,745
V,935,894,830,735,820,778,894,781,902,744
V,937,893,830,736,819,777,896,782,901,741
V,934,894,830,737,819,777,893,784,902,742
V,938,893,831,736,819,777,894,783,898,745
V,934,896,831,736,820,777,893,782,899,743
V,937,892,831,737,819,775,893,782,901,744
V,936,893,831,736,819,777,895,782,902,745
V,940,891,831,736,819,777,895,782,899,744
V,938,894,829,735,818,777,896,781,902,745
V,934,896,833,738,818,777,893,782,901,743
V,936,893,831,735,820,777,894,782,901,743
V,937,893,830,735,820,776,893,785,898,743
V,937,893,831,736,819,777,893,786,900,744
V,938,893,830,736,821,776,893,781,903,742
V,936,894,832,737,818,776,896,785,903,746
V,936,893,831,735,818,777,895,784,900,745
V,936,894,831,737,820,777,893,782,900,746
V,938,892,829,737,818,775,894,783,902,744
V,938,898,833,737,815,779,895,784,901,746
V,935,892,831,735,820,777,894,783,901,745
V,938,894,831,738,820,778,894,785,901,743
V,936,894,831,736,818,777,895,783,901,745
V,936,894,831,736,821,777,894,782,900,743
V,940,891,829,733,818,776,895,784,899,745
V,938,895,830,737,819,777,894,784,900,744
V,938,894,831,736,819,777,894,785,901,742
V,936,895,831,736,821,776,896,781,899,746
V,940,896,829,735,821,776,894,783,899,744
V,936,893,831,735,820,777,894,784,902,743
V,935,893,830,737,819,777,894,782,901,745
V,937,894,831,737,819,777,894,781,900,744
V,936,896,830,738,821,776,894,783,900,744
V,938,895,829,737,820,776,896,782,899,744
V,937,894,832,736,819,778,895,782,901,743
V,938,895,831,735,820,776,892,782,900,747
V,939,894,829,736,819,778,895,784,901,744
V,935,893,830,735,819,776,894,783,901,742
V,935,893,831,735,818,777,896,783,900,742
V,936,894,831,736,821,777,895,780,897,744
V,937,892,829,735,819,777,895,783,900,744
V,937,893,832,735,819,777,894,783,898,745
V,935,892,832,735,819,774,895,781,900,742
V,935,895,832,736,820,776,894,782,900,744
V,934,894,831,735,820,777,893,782,900,745
V,930,896,830,735,818,776,894,782,900,745
V,935,893,831,736,819,777,893,783,901,744
V,937,895,832,737,819,776,893,784,901,743
V,937,891,832,736,818,777,895,781,899,743
V,936,896,830,737,819,777,894,784,900,745
V,935,895,830,736,820,777,895,784,900,743
V,936,892,831,735,818,778,893,782,902,745
V,936,893,831,737,817,775,895,783,901,745
V,934,893,831,736,818,776,895,781,899,743
V,937,894,830,737,818,776,895,782,901,742
V,935,895,830,737,820,776,896,782,898,742
V,935,894,831,736,819,775,895,784,900,743
V,938,892,831,738,822,777,894,781,902,745
V,939,895,830,736,818,778,893,782,900,745
V,936,895,831,737,820,775,893,784,902,743
V,937,894,832,735,822,775,896,785,901,745
V,936,894,830,737,819,776,895,783,902,744
V,937,895,831,737,820,777,894,782,899,742
V,936,894,832,737,818,776,897,782,899,744
V,937,895,831,736,819,777,895,783,902,739
V,937,895,830,735,819,777,894,783,904,744
V,939,896,829,738,820,776,895,784,902,743
V,938,894,830,737,819,775,898,783,900,742
V,936,895,832,736,819,777,894,784,900,745
V,943,897,832,735,821,776,893,781,902,742
V,938,894,832,736,819,778,896,784,903,743
V,939,896,831,734,819,777,894,783,899,745
V,937,892,831,736,820,776,893,782,903,742
V,935,894,831,735,820,777,895,784,899,744
V,937,894,831,736,819,780,893,783,901,745
V,936,895,831,736,818,776,894,784,901,743
V,934,895,832,735,820,776,894,784,898,742
V,944,891,830,736,818,776,895,782,902,744
V,937,895,831,737,819,777,895,784,901,743
V,935,891,830,736,819,776,895,783,899,743
V,937,895,831,737,820,777,894,783,901,743
V,935,895,830,735,821,777,895,788,899,743
V,936,893,831,737,820,778,894,784,899,743
V,938,894,830,736,819,777,893,785,903,745
V,943,891,831,735,819,777,893,781,902,744
V,935,892,832,737,819,777,895,783,900,742
V,934,893,832,736,818,776,893,783,901,743
V,935,895,832,738,819,776,891,781,900,742
V,935,893,831,738,821,777,893,784,901,744
V,937,892,831,736,820,778,894,783,899,743
V,934,893,831,738,819,776,892,784,900,742
V,934,894,831,735,819,777,893,784,900,744
V,936,896,831,736,819,777,892,782,901,746
V,937,894,831,736,820,777,893,783,899,743
V,937,894,831,736,823,777,896,784,899,744
V,938,895,831,735,819,777,894,783,901,745
V,937,892,831,737,820,775,894,781,904,746
V,938,893,830,737,821,778,894,785,900,745
V,937,893,831,735,819,776,894,785,897,742
V,936,894,831,738,821,777,892,782,902,745
V,936,893,830,736,820,778,896,784,902,746
V,935,892,831,736,820,777,893,781,900,743
V,937,894,830,737,821,777,894,783,901,744
V,934,895,832,736,820,776,895,782,900,746
V,937,895,830,735,821,777,896,785,900,743
V,935,893,832,738,822,776,894,784,895,748
V,935,894,831,737,820,777,894,783,900,742
V,938,893,830,738,822,778,892,782,897,746
V,934,894,830,735,819,778,896,785,900,743
V,938,894,830,735,820,777,894,785,900,744
V,938,893,831,737,821,778,896,783,902,745
V,930,895,835,733,820,775,895,781,899,744
V,936,893,831,735,821,777,893,784,900,744
V,938,893,831,734,821,776,895,784,900,743
V,936,895,830,736,819,777,893,783,901,745
V,936,894,832,737,819,777,895,784,903,744
V,937,892,829,736,821,777,893,781,901,744
V,936,892,831,738,820,776,892,785,900,740
V,936,894,831,736,819,777,893,782,900,743
V,933,894,832,737,818,777,895,781,898,742
V,938,896,829,735,821,776,894,784,900,743
V,938,891,832,732,819,776,893,783,900,743
V,935,892,829,735,821,775,894,782,900,743
V,938,897,830,738,821,779,896,781,902,744
V,936,894,830,737,822,777,894,783,901,743
V,937,893,829,735,820,775,893,783,898,743
V,935,893,833,738,821,776,894,782,900,745
V,936,895,830,738,820,778,893,782,898,745
V,934,893,831,736,820,775,894,783,901,746
V,939,894,831,736,822,776,895,781,898,742
V,933,894,832,737,821,777,892,783,899,745
V,938,892,831,736,820,777,894,783,901,745
V,940,893,833,738,819,776,894,784,900,743
V,937,893,832,736,821,776,894,782,899,744
V,932,893,832,734,820,776,893,783,898,745
V,936,894,832,736,822,776,894,784,902,746
V,936,894,831,738,819,776,894,783,900,745
V,935,891,830,736,819,776,893,783,899,744
V,934,894,830,736,820,776,894,782,899,745
V,938,893,830,738,822,775,893,782,901,745
V,933,894,830,735,822,777,891,782,902,744
V,939,896,832,738,821,777,893,781,900,743
V,934,891,831,738,821,777,893,782,900,742
V,934,896,832,738,821,778,894,785,902,743
V,935,894,831,736,821,776,894,781,899,744
V,936,893,830,736,822,777,892,782,900,745
V,935,894,831,736,821,777,893,782,900,744
V,937,895,830,737,821,776,895,783,900,744
V,935,893,831,737,821,777,894,784,900,744
V,938,892,831,738,821,780,889,785,901,744
V,937,893,832,737,821,778,892,783,901,741
V,937,894,831,735,821,776,894,782,900,745
V,937,893,831,737,822,776,895,782,900,744
V,935,894,832,735,821,778,893,784,902,744
V,934,894,830,738,822,776,893,783,900,742
V,934,895,832,737,821,776,892,783,899,742
V,936,893,831,736,821,776,893,785,899,744
V,931,895,832,736,819,777,894,782,902,745
V,937,894,830,738,820,778,893,782,899,745
V,933,893,829,738,820,775,893,784,898,745
V,938,893,831,736,819,775,892,785,899,745
V,937,892,832,735,819,777,894,784,901,742
V,935,895,831,738,819,776,893,785,897,745
V,936,894,832,736,819,778,894,782,900,744
V,935,894,831,736,821,777,893,783,901,746
V,935,892,832,737,821,777,894,781,901,743
V,937,894,831,737,821,776,894,784,903,743
V,934,895,831,739,821,778,894,782,901,745
V,935,896,831,737,821,776,893,782,897,744
V,937,895,833,738,821,776,894,783,901,744
V,936,893,831,737,821,776,894,782,901,745
V,935,895,832,737,821,777,894,783,900,745
V,934,895,832,738,820,776,893,782,900,745
V,935,896,832,737,820,777,891,785,904,745
V,938,896,831,737,820,778,894,784,901,745
V,936,892,832,739,821,777,893,784,901,744
V,933,895,830,736,820,776,893,784,902,744
V,937,892,830,738,819,776,894,781,899,742
V,938,893,833,738,818,777,895,782,900,744
V,934,895,832,738,820,777,893,784,901,744
V,937,894,832,738,820,777,893,781,900,746
V,934,894,832,739,821,777,895,782,900,743
V,934,895,832,738,820,775,893,783,899,745
V,933,894,832,736,820,778,892,784,901,743
V,936,892,832,738,821,777,894,782,899,744
V,933,892,832,737,819,777,893,783,898,745
V,936,893,830,739,821,777,892,782,902,744
V,937,895,832,738,821,776,894,784,901,745
V,937,894,831,737,821,776,897,785,903,748
V,934,895,832,738,820,777,894,783,901,743
V,940,893,831,740,819,778,893,783,900,743
V,935,895,831,737,820,776,893,784,899,744
V,937,895,831,736,819,777,892,782,900,742
V,934,895,832,737,819,776,893,783,900,745
V,937,895,833,737,821,778,893,782,899,743
V,936,895,832,737,819,777,893,783,900,744
V,937,894,832,738,820,777,894,782,899,744
V,938,893,831,738,819,778,894,781,900,744
V,934,894,832,738,820,775,893,785,902,742
V,937,893,832,738,820,778,893,782,899,746
V,936,894,832,738,821,777,894,781,899,744
V,935,894,832,738,818,776,894,784,897,742
V,934,895,830,737,819,778,894,783,900,743
V,938,894,831,738,821,778,895,785,901,744
V,934,892,831,738,819,776,895,782,899,744
V,934,893,831,737,818,776,894,784,899,743
V,932,893,832,740,817,776,893,781,898,743
V,935,892,831,737,819,776,894,783,901,744
V,934,895,833,738,820,776,893,782,902,743
V,933,889,831,739,820,776,894,784,899,745
V,935,893,831,737,819,777,893,784,901,744
V,935,893,831,738,819,776,894,783,901,744
V,936,894,833,736,820,777,894,784,901,744
V,936,892,832,738,820,777,894,782,902,746
V,938,892,833,738,819,777,895,784,901,745
V,938,892,832,737,818,776,894,784,898,746
V,933,892,832,739,817,777,892,782,900,744
V,936,895,832,737,820,776,894,785,900,745
V,935,893,832,738,821,778,893,781,899,743
V,933,894,833,738,820,777,894,783,901,743
V,934,893,832,738,819,777,893,781,899,741
V,935,892,831,737,818,776,892,784,901,744
V,937,892,830,738,819,776,894,784,901,743
V,935,895,832,740,821,778,895,781,897,745
V,937,893,833,737,819,776,894,784,901,744
V,937,894,833,735,819,777,894,782,900,745
V,936,894,833,739,820,776,893,785,901,745
V,937,894,832,735,818,779,894,779,899,745
V,936,894,832,738,819,777,893,782,901,743
V,937,896,832,736,820,776,894,782,898,745
V,937,893,832,738,818,777,890,780,903,744
V,933,893,832,737,820,776,894,784,902,743
V,935,894,832,736,819,776,893,784,898,743
V,933,895,832,739,818,776,891,782,899,743
V,932,894,831,738,819,776,895,781,901,744
V,936,895,833,740,819,777,895,785,901,747
V,937,894,832,740,817,775,894,785,901,743
V,936,893,831,738,819,777,894,785,898,744
V,934,892,832,740,821,776,893,784,899,742
V,938,894,833,739,821,776,894,785,899,745
V,934,893,830,738,818,778,893,785,899,743
V,934,892,833,737,818,777,892,785,901,745
V,935,895,832,738,818,778,892,783,898,744
V,936,895,831,740,819,776,894,783,899,744
V,930,893,832,740,820,778,893,782,901,745
V,936,892,831,737,819,777,892,783,901,745
V,936,894,833,738,819,778,893,780,898,740
V,937,893,832,739,820,776,893,782,899,743
V,936,895,831,738,820,776,893,784,899,743
V,936,895,832,738,820,776,894,782,899,744
V,936,892,832,740,816,778,893,781,898,743
V,936,894,833,739,819,777,893,784,900,743
V,934,895,831,739,820,778,894,784,898,744
V,935,893,831,738,821,776,891,782,899,743
V,935,894,832,738,819,778,893,781,900,744
V,936,894,832,740,819,776,892,783,903,742
V,937,895,831,739,820,776,892,783,901,745
V,932,895,828,742,820,775,893,784,899,744
V,937,895,831,738,821,777,894,783,901,743
V,932,894,829,740,818,776,892,784,901,744
V,932,893,833,738,818,777,893,782,901,744
V,937,894,833,737,820,777,893,786,898,742
V,936,893,833,737,818,779,895,785,900,745
V,935,894,832,739,818,777,893,786,899,745
V,934,894,833,740,819,778,892,783,900,744
V,936,896,833,739,818,777,893,785,900,746
V,937,892,832,738,820,778,894,785,901,744
V,932,892,832,738,819,776,893,784,900,743
V,936,895,832,739,819,778,893,783,901,745
V,934,893,832,739,820,777,893,781,901,743
V,935,894,833,740,820,776,892,782,899,742
V,938,892,831,737,820,776,892,784,900,742
V,934,895,830,740,818,777,892,782,899,743
V,933,895,831,738,819,777,893,785,899,745
V,936,895,833,737,820,777,893,783,900,743
V,936,894,833,738,817,777,892,784,898,742
V,935,896,830,738,820,778,893,783,900,743
V,935,894,832,740,818,778,892,780,901,744
V,937,896,833,739,818,778,891,783,901,744
V,932,895,832,739,820,776,895,777,898,748
V,934,894,832,739,818,777,891,783,901,745
V,936,893,832,739,818,777,893,784,900,746
V,932,893,832,739,822,777,893,782,901,742
V,937,895,833,740,818,776,892,784,900,745
V,935,894,833,738,818,778,892,784,899,744
V,936,895,831,738,819,775,894,782,900,746
V,933,894,832,738,820,777,892,783,902,744
V,936,894,832,738,820,779,891,780,899,743
V,936,893,832,739,817,777,893,784,900,744
V,936,895,833,739,818,777,893,783,898,745
V,930,896,832,738,818,777,894,782,900,743
V,937,895,832,739,819,777,893,784,900,742
V,936,894,831,739,820,778,892,782,900,742
V,932,894,832,740,819,776,893,783,901,744
V,936,894,832,740,819,778,891,784,901,743
V,934,891,830,738,817,778,891,784,902,743
V,936,895,833,739,820,778,893,782,898,744
V,935,892,831,737,820,778,893,782,900,743
V,933,896,831,741,821,778,893,786,899,744
V,936,892,832,738,818,774,892,782,903,741
V,931,893,833,739,818,776,892,780,901,743
V,936,894,831,739,816,777,893,783,901,740
V,938,892,833,741,818,777,892,781,900,744
V,934,896,831,739,818,778,894,785,900,744
V,934,895,830,739,819,778,893,783,900,741
V,933,894,833,738,819,778,893,784,900,743
V,937,895,833,738,819,775,892,782,903,743
V,933,895,833,738,819,778,894,784,900,744
V,933,894,832,740,818,778,892,785,897,742
V,941,889,832,739,819,778,892,783,900,745
V,935,893,833,738,819,778,893,784,901,742
V,931,891,832,739,818,774,891,781,901,745
V,934,894,833,740,820,777,892,781,899,744
V,934,893,832,739,817,777,890,782,897,743
V,933,892,833,739,819,776,893,783,900,743
V,934,894,832,739,819,777,894,783,901,742
V,933,892,835,739,818,776,892,784,900,744
V,932,895,832,739,816,776,887,781,903,741
V,934,894,831,739,818,776,890,782,898,743
V,935,895,832,738,818,778,892,783,898,744
V,934,896,834,739,820,777,892,783,899,744
V,934,894,832,738,819,776,891,781,899,743
V,934,893,832,737,819,777,891,784,900,745
V,933,892,831,737,819,777,892,782,901,743
V,934,893,831,740,816,777,892,782,900,744
V,933,894,833,737,820,777,893,783,899,743
V,935,893,833,739,820,777,893,782,898,744
V,935,894,833,734,820,779,891,780,899,742
V,935,893,833,739,819,778,891,783,902,743
V,935,895,831,739,819,777,891,783,898,742
V,936,894,833,739,818,776,891,783,897,745
V,931,895,832,740,818,778,891,783,901,744
V,934,891,833,738,819,776,893,784,897,744
V,932,895,833,738,819,778,891,784,899,745
V,935,893,833,738,817,777,892,783,900,744
V,931,892,834,739,818,777,890,783,901,743
V,934,895,833,738,819,776,892,781,899,743
V,935,894,833,739,819,777,892,786,900,747
V,932,893,833,737,819,777,891,780,901,741
V,931,893,833,739,818,777,891,781,899,744
V,934,894,832,739,817,778,892,782,900,745
V,932,894,833,739,819,777,892,780,901,744
V,931,892,833,739,819,777,889,782,898,745
V,931,892,833,738,820,776,893,783,898,745
V,935,894,833,737,817,779,890,789,897,743
V,936,895,832,740,820,776,892,784,898,743
V,934,893,831,738,818,777,895,783,898,743
V,934,892,833,739,818,776,891,784,899,743
V,932,891,833,739,820,777,892,782,899,743
V,931,894,832,740,820,776,890,782,900,744
V,932,892,833,737,818,776,893,784,899,742
V,930,892,834,740,820,777,891,784,897,743
V,934,894,831,738,819,775,893,782,897,745
V,935,893,833,739,819,777,892,784,897,741
V,935,893,832,739,818,778,889,782,901,745
V,931,894,834,740,823,777,892,781,899,745
V,932,894,833,739,823,777,891,782,898,744
V,937,894,833,739,823,777,893,781,899,744
V,935,894,831,738,822,778,892,782,901,743
V,934,896,832,742,823,777,892,784,900,744
V,935,895,833,739,823,777,891,784,900,744
V,935,894,833,737,823,778,890,784,900,744
V,933,892,833,739,822,779,891,781,899,743
V,933,892,833,739,821,778,891,785,901,743
V,934,895,833,738,822,777,892,782,901,742
V,935,894,832,738,823,777,890,784,902,745
V,936,893,833,738,821,778,892,782,898,743
V,932,894,833,739,820,777,892,782,899,744
V,933,895,833,738,821,777,890,781,898,744
V,931,894,832,738,820,777,892,781,901,741
V,932,894,833,738,819,776,891,785,901,744
V,936,895,833,739,820,777,892,783,900,744
V,934,891,833,737,819,777,891,781,899,744
V,933,894,833,740,819,777,890,784,897,744
V,935,893,833,739,820,777,893,782,898,743
V,931,893,832,739,821,776,893,782,899,743
V,933,894,832,739,820,776,893,784,898,744
