I,896,858,834,764,818,788,881,785,874,754
I,916,909,951,826,927,814,897,799,777,726
I,917,907,952,826,927,815,897,799,776,726
I,912,909,952,826,928,815,897,796,777,726
I,918,910,952,828,929,814,897,797,776,727
I,914,908,951,827,927,814,897,798,776,726
I,915,909,952,826,929,814,897,797,775,726
I,916,909,952,827,929,815,896,798,775,727
I,914,908,952,825,928,814,894,798,776,727
I,912,908,951,829,934,815,897,796,775,727
I,913,907,952,824,929,815,896,798,775,725
I,915,907,953,826,928,815,897,796,776,726
I,913,907,951,826,928,814,897,796,775,724
I,916,907,952,824,929,814,895,796,774,726
I,914,907,952,826,929,813,896,797,776,725
I,914,905,950,825,928,812,894,795,773,724
I,913,909,951,825,928,814,894,796,775,725
I,913,905,950,824,926,813,894,795,772,725
I,912,905,950,825,926,814,895,796,774,725
I,915,905,951,825,927,814,895,794,774,726
I,913,906,950,824,925,815,894,796,773,724
I,912,905,952,825,926,814,892,794,773,725
I,913,904,951,826,928,814,892,796,774,725
I,913,901,953,825,923,813,890,794,774,726
I,913,902,953,826,927,813,889,794,773,726
I,905,903,954,826,926,813,889,795,772,726
I,913,902,952,824,925,814,886,796,772,725
I,909,901,951,826,923,814,882,794,772,723
I,911,900,951,825,923,815,879,795,774,724
I,912,901,951,825,926,815,875,796,771,725
I,910,900,950,824,925,815,873,793,771,725
I,915,897,951,825,921,816,869,794,770,724
I,910,896,948,823,922,817,863,796,771,724
I,916,897,949,824,916,816,860,795,771,724
I,913,899,948,823,914,818,849,796,771,726
I,910,895,947,821,911,819,847,794,770,724
I,908,893,950,822,911,817,847,796,770,725
I,925,891,951,821,913,818,846,794,769,724
I,919,890,954,821,909,819,846,794,769,725
I,917,884,956,821,909,817,846,792,770,724
I,916,886,956,821,907,818,841,793,771,723
I,914,890,959,821,907,818,844,793,770,724
I,915,884,942,828,902,822,843,791,769,723
I,915,878,944,828,899,821,843,791,769,723
I,916,875,944,831,904,821,843,791,768,725
I,902,879,945,833,904,822,842,792,768,725
I,903,875,944,835,900,825,841,792,768,726
I,909,879,944,838,903,824,842,792,765,726
I,911,880,944,838,901,824,841,794,767,726
I,911,880,943,838,899,825,842,793,765,728
I,914,876,943,839,898,825,843,794,766,727
I,911,882,941,842,902,826,841,794,767,726
I,912,882,940,840,901,827,841,793,768,724
I,915,880,939,841,901,826,841,795,766,728
I,921,882,939,840,905,825,841,796,765,727
I,917,881,939,839,902,826,842,796,766,728
I,915,884,939,839,901,827,841,796,764,727
I,916,882,938,840,902,827,841,797,765,729
I,915,883,937,842,898,827,840,798,764,728
I,915,884,939,841,898,827,841,797,766,728
I,917,881,938,840,903,828,842,797,767,729
I,916,883,937,841,901,829,842,799,765,730
I,917,880,937,843,901,829,842,799,766,730
I,917,884,938,842,907,829,843,799,766,730
I,916,882,936,842,904,828,841,800,765,729
I,915,883,937,841,901,829,842,799,766,729
I,916,883,938,842,899,829,841,798,765,731
I,916,880,938,843,899,826,841,800,765,732
I,914,882,939,842,898,828,841,798,766,731
I,913,881,939,842,905,827,841,797,765,731
I,914,882,938,841,903,828,840,800,764,731
I,914,882,937,842,902,830,842,800,766,730
I,914,881,937,839,906,829,841,800,765,731
I,913,881,937,841,906,828,841,799,765,730
I,913,884,938,841,902,827,840,800,766,730
I,914,881,938,842,901,829,840,800,766,732
I,916,883,936,841,900,827,840,801,765,731
I,916,880,938,842,900,828,840,800,766,732
I,913,883,938,842,901,828,840,800,766,732
I,916,881,937,840,903,828,840,800,766,730
I,912,881,938,840,904,829,839,801,765,731
I,914,882,937,840,905,829,840,800,766,732
I,915,878,936,842,903,828,840,801,763,732
I,916,884,936,841,903,828,841,801,766,733
I,914,883,938,840,904,828,842,800,766,734
I,912,881,938,840,906,828,842,801,766,732
I,912,882,938,843,904,826,843,797,763,733
I,911,884,937,839,907,826,847,800,766,733
I,914,882,939,840,908,828,848,800,767,731
I,912,880,939,840,908,827,851,799,767,732
I,912,881,939,840,907,828,854,801,766,732
I,912,882,939,840,907,827,861,799,767,731
I,917,880,938,840,909,828,862,800,765,732
I,913,883,939,841,909,827,863,800,767,733
I,912,882,938,841,910,828,867,799,767,731
I,912,881,940,839,909,827,865,798,767,731
I,912,883,937,839,912,827,870,800,767,731
I,912,882,936,839,914,827,870,799,767,731
I,911,881,938,839,913,826,870,800,766,730
I,913,882,937,841,909,827,869,798,765,731
I,913,882,938,839,912,827,868,800,767,731
I,912,881,937,840,912,827,869,798,766,733
I,911,882,938,840,913,827,868,799,766,733
I,915,884,938,840,915,826,869,799,766,731
I,912,882,938,840,914,827,869,798,766,732
I,910,883,937,840,912,828,870,799,767,730
I,909,884,940,838,914,827,868,799,766,732
I,912,881,939,840,913,826,867,800,766,731
I,911,883,939,840,912,826,868,800,766,730
I,915,885,939,840,914,827,867,799,766,732
I,912,885,939,836,911,824,869,799,766,732
I,912,882,938,838,913,825,869,800,766,732
I,911,882,938,839,913,824,867,799,767,731
I,912,881,940,840,911,826,867,799,767,732
I,907,881,941,840,911,826,866,799,765,731
I,910,880,940,839,912,826,867,799,767,731
I,910,881,939,837,911,827,867,798,766,732
I,912,880,938,838,913,826,865,798,767,730
I,913,879,938,837,912,825,865,799,766,731
I,908,880,940,839,911,824,867,799,767,730
I,909,878,940,838,911,824,865,798,767,731
I,909,880,939,838,911,826,866,797,767,730
I,911,881,939,837,910,825,864,798,765,731
I,910,879,939,841,911,825,865,799,768,730
I,910,880,940,837,910,826,863,798,765,730
I,909,881,941,837,910,824,864,798,765,731
I,910,879,940,837,910,824,863,798,764,731
I,908,880,939,838,909,824,864,799,765,729
I,914,884,938,840,909,825,863,799,766,732
I,907,881,938,837,910,824,863,799,766,731
I,908,877,939,838,909,823,863,799,766,729
I,910,884,938,837,907,825,862,797,766,732
I,911,878,940,838,910,824,862,799,765,731
I,910,881,940,837,909,825,862,798,765,731
I,910,879,937,837,908,824,862,798,765,731
I,910,879,939,838,908,825,863,798,765,731
I,908,880,939,838,908,824,863,796,764,728
I,912,876,939,839,910,822,863,798,764,729
I,909,881,939,837,907,823,863,797,765,730
I,911,880,939,838,909,824,862,797,765,731
I,910,878,937,839,908,824,862,798,765,731
I,911,880,939,836,908,823,862,797,765,730
I,907,880,938,838,908,824,862,799,764,730
I,907,882,940,836,906,825,861,798,763,731
I,907,881,940,837,910,823,860,799,763,730
I,908,881,939,838,910,824,861,799,763,730
I,912,882,938,839,909,823,861,797,764,731
I,908,880,939,837,908,824,860,798,764,731
I,908,880,939,838,907,822,860,797,763,729
I,911,881,938,837,907,823,860,797,764,730
I,910,880,939,837,907,823,861,798,764,731
I,908,879,939,838,908,823,861,799,761,730
I,911,880,939,838,906,823,860,798,762,730
I,909,877,940,837,908,823,861,798,763,730
I,909,880,939,837,906,824,861,798,765,731
I,912,877,943,835,904,824,861,799,763,731
I,911,878,937,838,907,823,860,797,764,731
I,912,881,940,837,908,823,861,797,764,731
I,912,882,942,837,907,825,858,799,763,731
I,911,877,939,836,905,823,860,799,764,730
I,908,879,939,837,908,824,860,797,762,729
I,910,879,939,838,907,824,860,798,763,730
I,911,879,939,838,907,824,860,799,762,731
I,912,880,939,837,908,824,860,797,763,730
I,917,876,939,838,907,823,860,798,764,730
I,909,877,938,837,905,824,861,798,764,730
I,912,877,939,837,903,823,860,798,763,731
I,909,879,938,838,908,822,861,798,762,730
I,908,877,939,835,905,825,861,797,763,730
I,911,877,938,834,907,823,860,798,763,730
I,910,877,939,837,909,823,860,798,764,731
I,910,878,939,836,908,823,861,798,764,731
I,910,879,937,836,908,824,860,797,763,731
I,909,878,937,838,908,824,860,798,764,730
I,909,879,939,836,906,823,860,797,763,730
I,908,878,936,836,909,825,861,797,762,731
I,910,878,937,837,909,823,861,797,763,731
I,909,877,939,836,909,824,860,798,763,731
I,912,878,938,836,907,824,861,798,764,734
I,909,879,936,837,908,823,860,799,763,730
I,907,879,937,835,908,823,860,797,764,731
I,909,880,938,837,909,822,861,798,764,730
I,912,878,939,836,909,824,860,797,763,731
I,910,877,939,835,908,824,861,798,763,730
I,912,879,938,838,907,824,860,799,763,731
I,911,877,937,836,906,823,859,797,764,731
I,909,879,937,834,910,824,859,798,764,732
I,913,878,936,837,909,823,862,798,764,731
I,910,879,937,837,909,823,860,798,763,730
I,909,876,937,836,905,823,861,798,763,730
I,909,877,937,836,907,824,862,799,762,731
I,909,879,938,837,907,823,862,798,762,731
I,911,879,937,837,906,823,862,798,763,730
I,911,874,938,835,907,823,860,799,763,731
I,910,879,938,836,907,824,863,798,763,728
I,911,878,939,838,906,824,859,798,764,730
I,909,878,936,838,908,823,859,798,763,731
I,910,878,938,838,908,823,858,798,764,730
I,909,879,937,837,907,823,859,797,763,730
I,910,877,936,836,907,824,856,797,763,731
I,911,877,937,837,910,826,862,796,765,730
I,911,877,938,837,906,824,860,798,764,730
I,911,878,937,838,906,822,859,798,764,731
I,911,878,938,837,906,824,859,799,764,731
I,909,879,937,836,907,823,858,797,764,728
I,908,879,938,836,906,823,859,798,764,730
I,911,877,937,837,906,822,859,798,762,730
I,908,879,938,836,907,824,858,798,763,731
I,908,877,937,837,904,824,860,798,764,731
I,909,879,938,837,908,824,858,797,764,731
I,909,876,938,838,906,823,859,798,763,730
I,912,878,937,838,907,824,859,797,763,729
I,913,878,937,838,907,824,859,798,763,730
I,913,878,937,838,905,825,859,797,761,731
I,910,879,934,837,907,823,859,798,764,731
I,911,877,936,836,908,823,860,798,763,731
I,911,880,937,839,905,824,860,797,763,730
I,909,877,937,836,907,824,861,798,762,733
I,912,878,937,837,908,823,859,797,765,730
I,912,879,936,837,905,823,859,798,763,731
I,909,877,937,836,907,822,859,799,762,731
I,910,878,938,838,906,821,859,797,764,730
I,907,872,936,838,906,824,858,798,763,730
I,909,878,938,837,907,823,860,798,763,730
I,912,879,939,837,906,822,859,798,763,731
I,915,875,940,835,907,823,858,798,764,730
I,910,877,937,837,906,824,859,799,764,730
I,910,878,938,838,906,823,858,797,763,731
I,910,878,936,837,906,821,858,799,762,732
I,912,879,938,837,907,824,859,798,764,731
I,911,878,938,836,906,823,860,798,763,730
I,912,879,936,838,907,824,858,798,764,732
I,910,878,938,836,907,823,857,799,762,732
I,911,877,937,835,908,824,858,797,762,729
I,910,877,937,837,908,824,859,798,763,730
I,908,876,932,834,908,823,860,798,764,731
I,911,878,938,836,908,823,860,797,764,730
I,912,877,938,836,908,823,858,798,764,731
I,913,877,935,836,908,825,859,797,762,732
I,911,880,937,836,907,823,860,798,764,729
I,908,875,938,837,907,823,859,798,764,730
I,910,877,938,836,909,823,858,797,765,730
I,912,878,937,838,908,824,859,798,763,731
I,911,876,937,836,907,825,860,798,761,731
I,911,878,937,837,908,823,859,798,763,731
I,911,878,934,837,909,823,859,798,764,730
I,914,878,937,836,909,823,859,799,763,732
I,912,877,938,836,911,823,860,798,763,732
I,913,876,936,837,907,823,859,798,764,731
I,910,879,936,837,908,824,859,798,764,732
I,912,878,936,837,906,824,860,799,766,729
I,911,876,935,837,907,822,859,798,761,731
I,909,878,936,836,908,824,859,798,762,730
I,913,876,937,837,908,824,859,799,762,730
I,908,878,938,837,907,822,859,798,764,730
I,909,876,935,838,906,824,857,798,763,730
I,912,876,936,836,906,824,859,798,764,731
I,910,876,936,837,909,824,858,799,765,731
I,910,877,937,836,908,823,860,798,763,732
I,910,875,940,839,906,824,858,797,763,731
I,910,878,936,837,907,823,859,798,763,730
I,914,876,936,836,906,822,858,798,763,731
I,910,876,936,836,908,824,858,797,763,731
I,911,876,937,837,908,822,859,798,765,731
I,911,876,937,836,907,823,859,797,762,732
I,916,874,937,835,907,821,859,798,762,730
I,908,877,937,837,907,822,859,798,762,729
I,913,879,936,836,907,823,859,797,763,731
I,911,878,937,837,908,823,858,798,764,731
I,909,877,936,837,908,823,861,795,764,732
I,909,879,936,837,906,824,860,797,764,731
I,911,877,935,837,906,823,858,798,764,731
I,911,876,936,836,908,824,857,798,763,731
I,912,876,936,835,906,822,859,797,763,730
I,910,877,937,836,907,823,860,798,763,732
I,911,878,935,836,906,823,860,798,765,731
I,909,875,937,836,904,822,860,798,763,731
I,910,878,936,837,908,823,859,798,764,731
I,909,878,934,837,906,825,860,798,763,732
I,912,878,937,837,906,824,859,797,763,730
I,914,880,937,837,908,824,860,798,763,731
I,912,876,937,838,908,824,858,798,764,731
I,911,877,935,837,907,821,860,798,763,731
I,912,877,935,835,908,823,860,798,765,731
I,909,875,935,835,907,824,859,798,764,731
I,911,877,935,836,907,824,861,800,764,731
I,912,877,937,836,907,824,860,798,764,732
I,910,878,935,837,908,824,860,797,763,732
I,910,880,936,837,909,822,858,797,762,732
I,911,877,935,837,905,820,860,796,761,731
I,911,878,937,836,905,824,858,798,763,731
I,909,877,937,837,908,824,860,797,765,731
I,911,877,934,838,908,822,859,798,763,732
I,907,878,937,837,907,824,860,798,764,731
I,910,877,935,836,907,823,859,798,763,729
I,909,878,938,836,906,823,859,798,763,732
I,911,875,934,835,906,823,859,798,763,732
I,913,878,936,836,907,823,859,796,764,731
I,912,877,937,837,908,822,858,797,762,733
I,910,878,934,838,906,823,860,797,763,731
I,912,874,937,837,908,824,860,799,765,731
I,914,878,937,834,909,823,859,798,763,733
I,912,877,937,838,906,823,860,797,765,732
I,911,876,936,837,906,823,859,799,763,731
I,912,877,934,837,907,821,860,798,764,732
I,910,876,937,837,908,824,861,797,765,732
I,911,877,936,837,907,823,864,799,763,731
I,911,877,936,837,909,823,865,797,764,730
I,913,876,936,837,908,824,869,799,764,731
I,910,877,934,837,907,824,869,798,763,732
I,912,876,936,836,908,824,864,797,764,732
I,913,877,932,834,907,823,867,798,764,732
I,913,874,937,836,906,822,867,798,763,732
I,914,877,936,836,909,824,864,799,764,731
I,911,876,936,837,908,824,866,798,765,732
I,911,876,936,836,907,824,865,797,763,731
I,913,878,937,837,906,824,865,798,763,732
I,912,876,935,837,907,824,868,798,765,731
I,914,877,936,837,907,824,867,798,763,731
I,911,878,936,836,908,823,867,799,765,731
I,916,875,935,837,908,824,866,797,764,731
I,912,877,937,836,908,823,868,798,764,732
I,909,875,937,837,907,823,866,798,763,732
I,913,876,936,836,908,823,866,798,763,735
I,912,879,936,837,909,823,865,798,764,732
I,910,877,935,836,910,823,865,798,764,731
I,909,875,937,837,909,824,865,798,764,732
I,910,876,934,838,906,823,865,797,764,732
I,911,877,935,836,908,823,864,799,767,729
I,918,878,935,837,907,824,865,798,764,731
I,910,878,937,837,909,824,866,798,763,731
I,912,877,937,836,906,825,863,798,763,732
I,910,879,935,837,907,823,862,797,764,731
I,913,878,937,836,908,823,864,798,763,732
I,915,878,935,836,908,823,863,798,763,731
I,910,877,936,836,909,822,863,799,764,733
I,913,876,936,835,908,823,862,798,764,731
I,910,878,936,836,909,823,862,798,764,731
I,913,877,936,838,913,823,864,798,763,730
I,911,877,936,837,908,822,863,798,763,733
I,910,875,935,837,907,823,863,799,764,732
I,913,878,935,838,914,824,860,800,763,733
I,914,878,936,836,911,823,863,796,764,732
I,911,878,937,838,910,824,865,799,763,731
I,914,877,936,838,912,823,866,798,765,732
I,916,875,936,838,909,823,866,799,765,730
I,913,878,937,835,912,824,866,799,765,732
I,914,876,936,837,910,825,865,799,763,732
I,912,875,936,837,910,825,865,799,763,733
I,915,875,938,838,910,821,863,799,763,732
I,912,877,936,837,907,823,865,799,765,732
I,914,878,936,837,909,823,864,797,763,731
I,909,879,934,836,907,823,863,797,764,732
I,914,878,937,836,908,824,864,799,763,731
I,910,874,934,835,909,824,864,798,764,731
I,915,877,936,837,909,824,865,799,763,734
I,910,876,936,836,909,823,864,799,764,731
I,913,876,936,836,907,824,864,798,764,732
I,913,878,937,837,912,823,865,798,762,730
I,912,876,935,836,907,823,865,800,763,732
I,914,876,935,837,908,824,864,800,764,731
I,913,876,935,838,906,823,864,799,764,732
I,907,875,935,836,906,824,865,797,763,733
I,913,876,937,838,908,824,864,798,763,733
I,910,876,936,836,907,823,864,799,764,731
I,912,877,936,836,909,823,865,799,763,732
I,912,878,937,837,907,823,864,800,762,733
I,912,876,936,837,907,823,864,799,763,733
I,911,876,936,836,906,822,864,799,764,732
I,912,877,936,837,907,824,865,800,764,730
I,913,879,935,837,907,825,865,799,762,731
I,911,878,935,838,909,823,865,798,764,732
I,911,879,936,837,908,824,865,799,763,733
I,911,879,936,833,904,824,866,798,765,733
I,912,876,936,836,907,824,864,798,763,731
I,914,876,934,836,906,823,865,799,763,733
I,912,877,935,837,908,824,865,798,763,731
I,912,877,935,836,909,823,864,800,763,732
I,913,877,935,836,906,826,866,797,764,732
I,913,879,935,837,906,823,864,798,762,732
I,912,878,936,836,908,822,862,799,765,732
I,914,876,936,837,908,823,864,798,764,732
I,913,878,936,837,906,823,862,800,765,732
I,912,878,937,836,908,823,865,799,765,732
I,912,875,935,837,908,823,864,798,764,733
I,910,876,937,832,910,823,864,799,764,733
I,907,877,936,837,907,823,864,799,763,732
I,913,878,936,836,906,822,865,799,763,733
I,912,876,936,838,908,824,865,798,763,733
I,914,876,935,837,909,824,865,798,763,732
I,911,878,937,836,907,822,865,798,762,732
I,914,877,935,837,907,823,864,799,764,732
I,911,876,933,836,907,823,863,798,765,732
I,909,877,937,836,908,824,864,798,764,731
I,914,877,937,836,906,824,862,799,763,733
I,906,882,939,834,907,824,864,799,763,732
I,912,877,935,836,905,821,863,798,763,733
I,913,877,936,837,904,823,863,798,763,732
I,913,875,935,835,906,823,864,799,764,733
I,914,877,936,836,908,824,864,799,765,731
I,912,878,936,838,906,823,864,798,764,733
I,909,877,936,835,911,824,863,797,761,734
I,912,877,934,836,907,824,863,798,764,732
I,912,877,936,835,905,824,864,798,764,731
I,911,878,936,836,907,825,863,799,764,732
I,912,877,935,837,906,824,864,799,763,731
I,914,878,936,836,905,824,865,799,766,731
I,909,878,935,837,909,824,864,798,764,732
I,913,878,936,835,908,823,865,798,765,733
I,911,878,936,837,907,824,864,798,765,732
I,911,876,935,837,905,824,865,798,765,731
I,913,878,936,836,907,824,864,798,764,734
I,911,877,934,837,907,823,863,800,763,733
I,915,876,935,835,906,823,864,798,763,733
I,912,877,935,836,907,823,863,798,766,732
I,913,878,936,837,908,823,865,798,765,733
I,912,878,935,835,908,823,863,799,763,732
I,913,877,935,835,907,823,865,799,764,732
I,915,879,936,835,907,824,863,798,764,730
I,914,878,936,834,909,823,864,799,763,733
I,911,874,936,836,907,824,864,799,765,733
I,913,878,935,837,910,824,864,799,764,733
I,912,879,935,837,909,823,864,799,765,732
I,913,877,936,837,914,821,864,796,762,731
I,914,878,936,836,907,824,865,798,764,732
I,912,879,936,836,908,822,863,799,763,733
I,912,877,936,835,909,823,865,799,765,732
I,911,876,937,834,907,822,864,800,764,733
I,909,876,936,835,908,823,865,799,764,733
I,911,876,938,836,909,823,866,799,764,732
I,913,879,934,837,908,824,865,799,762,731
I,912,881,934,834,906,824,864,799,763,732
I,913,876,935,837,909,823,864,799,764,732
I,916,878,935,835,908,824,865,799,765,733
I,911,878,935,837,907,823,864,797,763,734
I,915,875,938,836,907,824,864,800,763,733
I,912,876,936,836,907,823,863,799,764,734
I,914,879,936,837,906,824,864,800,765,733
I,911,876,936,834,908,824,863,799,765,732
I,912,878,933,836,908,823,864,799,763,733
I,912,874,938,836,906,824,864,798,764,732
I,912,876,935,835,908,823,864,799,764,732
I,914,877,935,835,907,823,866,799,765,732
I,914,876,934,837,908,823,865,798,764,733
I,910,877,936,836,907,824,865,798,765,734
I,912,876,935,837,905,824,863,798,764,732
I,912,876,935,837,907,824,865,799,765,733
I,912,875,935,836,906,824,867,799,759,735
I,909,876,935,836,909,823,867,798,764,733
I,912,875,935,836,908,822,866,798,765,732
I,912,877,935,835,907,823,866,799,763,732
I,912,875,934,836,907,825,866,800,763,736
I,911,877,935,837,905,824,866,798,764,733
I,912,877,934,837,910,823,865,800,764,732
I,914,875,935,835,907,823,866,799,764,734
I,913,876,936,836,909,824,866,799,763,732
I,914,875,936,836,906,824,866,799,764,733
I,912,877,935,836,907,822,867,800,768,730
I,909,872,935,836,908,824,867,799,763,733
I,911,876,936,836,906,823,869,799,765,732
I,911,875,936,838,908,822,869,799,763,732
I,911,875,935,835,908,823,868,798,763,734
I,911,877,935,835,906,823,868,798,763,732
I,910,871,936,836,908,823,869,799,764,734
I,911,876,936,836,908,824,867,799,763,733
I,912,877,935,835,906,824,867,799,765,733
I,913,877,937,836,908,824,868,800,764,732
I,912,876,936,837,908,823,867,798,764,733
I,911,876,935,834,906,821,867,799,764,732
I,912,874,935,837,906,823,868,799,766,733
I,910,875,933,835,908,824,866,798,764,732
I,909,875,934,837,910,825,867,799,763,733
I,913,875,935,835,907,823,867,799,763,734
I,913,874,934,836,906,823,866,799,767,733
I,913,876,935,837,907,824,867,799,765,733
I,912,875,933,836,910,823,865,798,765,734
I,914,876,935,836,907,823,866,799,764,733
I,912,876,936,836,909,825,867,798,764,731
I,913,877,936,836,908,823,867,800,761,735
I,911,877,936,835,906,823,868,799,765,733
I,911,874,934,836,908,824,867,800,763,734
I,912,874,936,836,906,823,868,798,764,733
I,912,877,936,835,907,823,869,799,765,732
I,913,875,935,837,908,824,868,799,764,734
I,914,876,934,836,908,822,868,798,763,734
I,912,874,935,836,907,824,867,799,764,733
I,912,876,935,837,906,823,869,799,763,734
I,909,879,935,834,906,823,868,799,763,734
I,911,874,935,837,907,824,869,800,764,733
I,913,875,934,835,908,823,869,798,764,733
I,909,875,935,836,908,823,869,799,764,733
I,909,877,935,836,905,823,869,801,765,734
I,909,879,936,836,906,823,870,800,764,734
I,912,876,934,835,908,824,869,798,763,733
I,913,874,935,835,906,823,869,799,764,733
I,914,876,936,836,908,823,869,797,763,734
I,911,877,934,836,904,823,869,798,763,733
I,910,876,937,834,902,823,866,799,763,733
I,912,875,934,836,906,823,869,800,766,733
I,911,876,935,835,905,823,869,799,764,733
I,910,877,935,835,908,823,869,799,764,732
I,911,876,933,837,905,822,870,798,764,733
I,909,875,934,837,909,823,869,800,764,732
I,912,875,933,836,908,823,869,796,763,734
I,909,874,935,835,908,824,869,799,765,732
I,912,877,935,837,908,823,866,799,764,733
I,910,875,935,836,909,822,866,798,767,733
I,912,876,935,837,907,823,867,799,764,733
I,910,880,939,833,906,822,867,799,764,732
I,910,873,937,837,906,824,868,799,763,733
I,912,874,934,833,908,826,870,799,765,732
I,911,875,936,835,907,823,868,799,764,732
I,910,877,936,836,907,822,864,799,765,733
I,910,876,935,835,907,823,867,799,763,732
I,909,875,935,836,905,824,866,799,766,734
I,911,874,934,835,908,823,866,799,764,732
I,911,874,934,836,908,824,865,799,763,732
I,915,877,935,836,907,824,866,800,764,734
I,911,878,934,836,909,823,865,800,762,734
I,909,877,936,836,906,823,866,800,761,735
I,912,875,936,836,906,823,866,799,763,732
I,913,875,933,834,906,823,866,799,765,733
I,911,877,935,833,906,822,867,799,764,734
I,913,876,936,837,906,824,865,799,765,732
I,911,877,935,836,905,824,865,799,766,733
I,909,875,936,834,908,824,866,799,764,734
I,912,876,936,836,908,823,867,799,765,734
I,914,878,938,837,908,824,867,799,764,732
I,910,876,935,836,906,823,864,798,764,734
I,912,875,934,835,905,822,866,798,762,734
I,911,876,935,835,907,823,866,799,765,733
I,918,877,930,836,906,823,866,798,764,733
I,909,876,935,837,905,822,866,799,763,734
I,911,877,936,835,906,824,866,799,764,733
I,911,876,935,837,907,823,867,799,763,733
I,913,878,937,835,905,824,866,799,764,732
I,913,877,936,836,903,821,868,798,762,733
I,907,877,938,835,907,822,865,799,764,732
I,910,876,934,837,905,823,864,800,765,733
I,912,876,933,835,906,823,866,800,764,733
I,909,875,934,837,906,823,866,800,764,732
I,912,874,935,836,905,823,866,800,765,733
I,911,875,935,835,907,822,863,800,764,734
I,912,876,934,836,907,823,866,799,765,732
I,914,874,934,838,907,824,866,799,765,733
I,911,877,934,835,906,823,866,800,764,732
I,913,873,934,837,904,824,865,799,764,734
I,912,877,934,836,906,824,865,800,765,733
I,911,877,934,835,908,823,865,800,764,733
I,911,875,935,836,905,824,866,799,763,733
I,912,876,935,835,907,824,865,800,765,734
I,908,876,933,836,907,824,866,799,764,734
I,913,877,936,836,906,823,866,800,765,733
I,912,876,935,835,906,823,866,798,764,732
I,912,875,935,835,906,823,865,798,763,732
I,911,875,935,836,907,824,867,799,764,734
I,911,877,935,836,906,822,865,799,765,734
I,910,873,934,837,906,823,867,799,765,734
I,911,874,934,836,906,823,867,799,765,734
I,910,877,935,836,904,823,866,800,765,734
I,910,873,936,835,906,824,866,798,765,732
I,909,876,937,836,907,822,865,798,764,733
I,911,875,934,835,907,823,864,799,765,733
I,912,876,934,836,907,823,864,799,764,733
I,909,876,935,835,907,823,864,799,764,733
I,911,876,934,836,908,822,864,797,765,730
I,911,874,934,835,906,823,864,799,765,732
I,910,877,934,838,907,823,864,798,763,733
I,909,876,934,837,906,823,863,798,765,732
I,911,876,933,837,907,823,864,799,764,733
I,912,876,934,836,904,824,864,800,763,733
I,910,877,935,834,906,823,863,799,764,731
I,911,877,934,837,907,823,864,799,764,734
I,913,876,935,838,904,821,863,801,766,734
I,909,879,933,835,906,824,864,798,763,734
I,912,876,935,835,906,823,864,800,764,734
I,910,877,936,835,906,824,863,800,765,732
I,909,874,935,835,908,823,863,799,766,733
I,909,875,934,836,906,823,864,799,762,734
I,911,878,935,837,907,823,864,798,765,732
I,908,876,935,834,907,825,864,798,765,734
I,913,875,934,834,907,822,864,800,764,733
I,911,876,934,835,905,822,863,799,765,735
I,909,876,934,836,906,823,864,798,764,733
I,913,875,934,835,907,824,864,801,764,734
I,910,875,935,837,908,823,865,798,764,734
I,913,876,934,837,908,823,865,800,764,733
I,913,875,935,836,907,822,865,800,764,732
I,909,877,935,836,905,821,864,799,764,734
I,912,875,934,834,908,825,864,797,763,734
I,909,876,935,836,908,823,864,800,763,732
I,915,875,935,836,907,823,863,799,764,733
I,910,877,935,836,907,822,864,799,766,733
I,907,877,935,838,906,823,865,798,764,733
I,909,876,936,836,908,823,864,800,765,733
I,913,876,936,836,907,823,864,799,763,733
I,911,874,933,834,905,823,864,800,765,733
I,909,870,931,832,903,821,864,800,765,733
I,911,876,933,836,905,822,865,799,764,732
I,912,877,935,836,905,823,864,799,764,734
I,908,876,931,832,910,823,865,798,763,734
I,911,876,935,836,907,824,864,799,764,733
I,909,875,934,836,907,824,864,799,764,733
I,909,876,935,835,906,822,864,799,765,733
I,912,876,935,834,908,823,865,798,764,734
I,911,876,934,836,907,822,864,799,761,733
I,913,875,937,839,906,824,864,799,765,734
I,910,877,933,834,908,823,863,800,765,733
I,911,875,934,836,907,823,864,799,765,734
I,909,875,935,835,907,824,862,799,763,734
I,912,879,934,835,906,824,864,798,764,734
I,909,877,933,833,903,823,864,799,763,733
I,909,876,934,835,906,823,864,799,764,733
I,913,877,935,836,906,824,864,798,764,734
I,908,877,935,835,908,823,863,798,763,732
I,912,877,934,834,907,823,864,799,764,733
I,911,880,934,835,907,823,863,799,764,734
I,913,879,939,832,906,823,864,799,764,733
I,909,878,933,835,906,823,863,800,765,733
I,910,876,934,835,907,823,863,800,763,733
I,911,880,934,835,906,823,864,799,764,733
I,909,878,934,836,905,824,864,799,765,734
I,911,878,935,837,905,823,866,799,764,733
I,909,877,934,834,909,821,862,802,763,733
I,912,878,935,836,906,823,864,800,765,734
I,911,879,934,836,905,822,866,800,761,736
I,910,878,933,833,906,822,864,799,764,734
I,909,877,933,835,907,823,865,798,765,733
I,910,879,934,834,907,824,865,800,764,734
I,911,878,933,836,905,823,864,799,764,733
I,911,878,933,834,907,824,866,799,765,734
I,910,878,935,835,907,822,864,798,764,733
I,911,879,933,836,905,823,865,799,761,733
I,912,877,935,835,906,822,866,799,764,732
I,910,877,933,834,906,822,865,799,765,733
I,912,877,935,835,906,821,865,799,764,734
I,910,878,935,834,905,824,865,799,764,733
I,913,877,934,835,905,824,865,800,764,733
I,911,876,935,835,907,822,866,797,765,734
I,911,879,934,835,906,823,865,799,764,733
I,909,879,933,836,907,822,865,798,765,733
I,910,880,934,832,907,822,865,799,765,733
I,911,879,936,836,906,824,864,799,764,734
I,911,879,935,835,907,823,866,799,765,734
I,907,880,938,835,906,823,864,798,765,734
I,909,877,934,836,903,825,863,798,764,734
I,910,878,935,835,907,821,860,799,766,734
I,911,877,934,834,905,823,859,798,762,734
I,911,878,933,835,906,822,859,800,765,733
I,910,879,935,836,906,823,860,800,764,732
I,908,879,935,836,905,822,861,797,764,733
I,909,876,935,835,906,822,860,799,764,734
I,909,877,934,836,906,823,860,799,765,734
I,913,877,935,835,907,823,861,799,765,733
I,913,877,935,835,906,823,860,799,764,733
I,910,877,934,835,905,823,860,799,765,734
I,912,876,933,836,906,823,859,798,764,733
I,910,876,932,836,907,822,859,797,765,731
I,907,880,931,834,906,822,860,799,764,733
I,910,878,934,834,906,823,859,798,765,733
I,909,879,932,836,905,823,860,800,765,734
I,911,878,934,835,907,823,860,796,760,733
I,906,878,935,836,906,823,860,797,763,734
I,912,875,935,835,904,823,859,800,764,733
I,907,879,934,836,907,822,859,799,765,733
I,909,878,935,836,907,823,859,798,765,733
I,910,879,937,836,905,822,860,798,764,733
I,910,879,933,836,904,823,860,798,765,733
I,909,882,935,835,907,823,860,799,765,734
I,911,878,934,837,903,822,859,799,765,733
I,910,877,935,835,907,822,860,799,764,733
I,911,877,933,836,905,822,859,799,763,732
I,908,879,933,836,906,823,860,799,764,734
I,908,879,935,836,904,822,860,798,767,734
I,911,879,934,836,904,823,859,799,763,732
I,908,875,934,835,905,822,860,800,764,731
I,910,878,933,835,906,824,859,798,764,732
I,911,879,934,835,907,824,859,798,766,734
I,913,877,934,834,908,824,860,799,765,733
I,911,878,934,834,905,824,860,798,765,733
I,910,877,935,834,906,822,860,798,765,734
I,909,879,934,835,903,822,859,798,766,732
I,910,882,934,835,907,823,859,798,764,734
I,910,877,933,835,907,822,860,799,765,732
I,910,877,933,836,902,823,859,799,765,732
I,910,878,933,835,904,823,859,799,763,733
I,911,878,934,836,907,823,860,800,766,734
I,911,879,934,836,904,824,860,799,765,733
I,909,880,934,836,905,823,859,799,765,733
I,911,878,932,835,908,821,860,799,765,735
I,911,880,932,835,906,823,858,798,764,733
I,914,883,936,836,905,822,859,798,764,734
I,911,878,933,835,905,823,861,799,764,733
I,911,878,932,834,905,823,859,800,766,733
I,908,877,934,834,904,823,860,799,766,735
I,912,879,934,835,905,823,860,799,765,733
I,909,879,933,833,906,823,860,799,765,733
I,911,878,934,833,907,822,861,798,767,734
I,908,878,933,835,904,822,859,798,764,734
I,911,875,932,835,907,821,859,800,765,733
I,914,875,934,837,905,822,859,799,765,734
I,908,879,932,836,905,823,858,798,766,732
I,909,878,932,834,907,823,860,798,765,733
I,911,875,933,834,907,823,859,799,764,734
I,909,878,932,835,907,822,859,798,764,734
I,911,877,932,835,906,822,859,799,764,734
I,908,876,934,834,905,824,860,799,765,733
I,910,878,933,835,906,823,858,800,765,735
I,909,878,934,834,904,822,860,799,766,733
I,911,878,931,836,905,823,859,800,763,733
I,910,878,933,834,904,823,859,799,765,733
I,912,877,934,835,906,823,857,799,765,733
I,911,877,933,835,907,824,858,800,764,733
I,909,877,933,836,907,824,858,798,766,734
I,910,877,935,835,904,823,858,799,765,734
I,912,878,932,835,905,823,858,799,764,733
I,913,876,932,835,908,822,858,799,765,733
I,909,877,932,835,906,823,858,798,765,734
I,909,878,933,835,905,822,859,799,765,735
I,910,875,933,836,904,823,858,798,765,733
I,911,877,934,834,904,822,858,799,764,733
I,912,877,932,835,905,822,859,799,762,733
I,910,878,934,836,906,823,858,799,765,734
I,910,878,933,835,906,823,859,799,766,733
I,908,878,933,835,906,823,857,800,766,732
I,911,875,933,834,905,823,859,799,766,734
I,910,876,932,835,905,821,858,799,765,735
I,907,878,932,836,906,822,859,799,764,733
I,911,877,934,835,906,822,859,799,766,734
I,908,875,933,836,906,822,858,799,766,734
I,907,878,933,836,904,822,859,799,766,732
I,909,876,933,834,904,822,858,798,764,735
I,909,877,932,834,904,821,857,799,765,732
I,909,876,933,835,906,823,857,799,765,734
I,908,878,932,833,905,823,857,799,765,733
I,910,873,931,835,906,822,858,799,764,734
I,909,877,933,837,905,822,859,799,765,734
I,910,877,933,836,907,822,858,800,765,733
I,908,876,931,836,905,824,858,798,765,733
I,908,876,932,833,904,823,858,799,765,733
I,908,876,930,835,904,824,857,798,763,733
I,910,877,932,836,905,823,858,800,766,733
I,912,876,932,836,905,823,859,798,764,734
I,910,876,931,836,906,823,857,798,766,733
I,910,875,932,834,907,823,859,798,765,733
I,908,876,932,833,906,822,858,800,766,734
I,911,878,933,836,905,822,858,799,764,735
I,908,877,930,834,907,824,859,798,765,732
I,909,878,932,835,905,823,859,799,764,733
I,909,878,929,836,905,823,858,798,765,734
I,907,878,931,836,904,822,858,797,764,734
I,907,877,932,837,905,822,858,799,765,733
I,908,876,931,834,904,824,859,797,764,734
I,913,875,933,834,905,823,859,799,764,733
I,909,877,931,834,905,823,858,799,764,733
I,911,875,931,834,907,822,857,799,764,734
I,910,876,931,836,904,823,858,799,765,736
I,909,877,932,834,907,822,857,800,764,737
I,909,875,932,834,906,823,857,799,766,739
I,907,877,932,836,903,823,858,799,765,738
I,912,875,928,834,906,824,859,799,765,738
I,906,875,932,835,907,824,857,799,766,738
I,906,875,932,834,905,823,857,798,765,737
I,909,876,932,836,906,823,858,800,766,737
I,907,876,933,835,904,823,858,798,765,736
I,908,877,932,837,904,822,859,798,765,737
I,906,874,931,834,906,822,858,799,766,738
I,906,877,932,835,906,823,857,797,766,737
I,907,875,932,834,905,823,858,799,765,737
I,909,875,932,835,907,823,858,798,766,738
I,905,875,932,834,904,823,859,799,765,737
I,910,877,931,833,904,823,858,799,765,737
I,907,874,933,835,906,824,859,798,766,736
I,909,875,932,835,905,824,858,800,765,738
I,906,877,928,835,902,822,859,799,766,737
I,905,875,933,835,906,822,857,799,765,737
I,909,875,932,834,903,823,858,800,766,736
I,910,876,931,836,905,822,857,798,766,737
I,911,875,931,833,904,823,857,799,766,738
I,910,875,932,834,902,821,858,799,767,739
I,907,874,933,835,904,823,858,798,765,737
I,906,877,932,835,906,823,858,799,765,737
I,907,876,932,835,905,823,858,800,765,737
I,910,875,932,835,907,822,859,798,767,737
I,907,876,932,836,905,822,858,799,766,736
I,907,877,932,837,905,822,858,799,766,737
I,906,875,931,835,904,822,858,799,765,736
I,908,876,932,836,906,823,859,799,765,738
I,906,875,931,834,904,822,857,799,767,737
I,908,876,932,835,905,823,859,799,766,737
I,911,875,930,835,905,824,857,798,764,736
I,907,875,932,834,904,822,859,797,765,738
I,908,875,934,836,907,822,858,800,765,736
I,909,877,932,835,904,824,859,799,764,736
I,909,875,931,836,904,823,858,799,764,737
I,909,879,929,840,910,822,858,799,765,737
I,909,876,932,834,904,822,857,799,766,736
I,906,878,932,836,903,824,858,798,764,738
I,908,876,932,835,906,822,858,799,763,737
I,910,876,931,833,904,822,858,799,766,737
I,906,876,932,834,904,824,858,800,765,738
I,910,877,931,834,906,823,859,798,764,737
I,905,877,932,835,903,822,858,799,765,737
I,907,875,932,835,905,823,857,799,766,738
I,909,875,931,834,903,821,858,800,764,737
I,910,875,931,834,906,822,856,799,765,737
I,908,877,932,835,906,823,858,799,765,738
I,907,875,931,836,903,822,858,799,764,737
I,906,876,933,835,904,822,859,798,764,738
I,907,876,933,836,904,820,857,799,764,737
I,908,876,930,835,905,823,858,799,764,736
I,907,876,931,834,905,821,858,799,764,737
I,908,874,931,833,903,823,857,798,765,736
I,909,875,932,834,904,822,858,799,764,738
I,907,876,932,835,905,823,858,799,764,736
I,907,875,931,835,905,822,858,799,766,738
I,909,876,932,834,905,823,858,799,764,737
I,906,876,932,837,903,824,858,798,764,736
I,909,875,931,835,903,822,857,799,764,737
I,909,877,932,835,905,822,857,801,767,736
I,909,875,931,834,905,823,859,799,765,738
I,908,878,930,834,905,820,858,799,764,737
I,907,877,931,834,904,823,858,798,764,737
I,907,877,932,835,905,821,858,797,764,737
I,908,875,932,836,904,822,856,799,766,736
I,909,876,933,836,905,821,857,799,764,736
I,907,876,932,834,906,823,860,797,765,736
I,907,876,930,833,904,823,857,799,765,737
I,908,874,931,835,904,823,858,800,765,738
I,907,877,932,835,905,822,858,798,764,736
I,907,874,932,835,906,822,859,798,767,738
I,907,877,932,834,904,822,857,798,765,737
I,906,875,931,835,904,822,858,799,764,736
I,909,876,931,834,905,822,858,797,766,736
I,910,874,932,835,903,822,858,799,765,737
I,909,876,933,835,904,822,858,798,764,738
I,910,871,932,834,904,822,857,799,765,737
I,907,877,932,835,905,822,857,799,766,738
I,909,876,933,834,904,821,856,798,763,738
I,908,877,932,835,904,822,857,798,761,735
I,906,875,932,834,903,822,857,798,764,738
I,911,875,930,834,903,822,857,799,763,736
I,908,877,933,836,905,821,858,798,765,737
I,907,874,931,835,903,820,859,797,765,736
I,907,875,932,835,904,821,858,799,765,737
I,907,875,931,834,903,822,858,799,766,735
I,910,877,932,834,904,822,858,799,764,737
I,909,875,931,836,903,822,858,799,765,738
I,910,877,931,834,906,823,857,799,764,737
I,909,877,932,835,902,821,857,798,766,735
I,908,876,931,834,904,822,857,799,766,737
I,908,877,932,834,906,823,856,798,765,737
I,905,875,931,835,905,823,857,800,766,736
I,904,870,932,834,903,821,858,798,764,737
I,907,877,932,832,903,821,858,799,766,738
I,910,877,931,834,903,822,858,799,764,738
I,909,875,930,835,903,822,858,800,766,737
I,906,876,932,835,903,822,857,800,766,738
I,908,878,932,835,905,823,856,800,765,738
I,908,875,932,834,906,823,857,799,766,738
I,910,875,931,836,903,821,858,799,764,737
I,909,876,930,834,903,823,859,799,765,738
I,904,877,931,835,901,822,859,800,766,737
I,908,875,931,835,905,822,858,799,764,738
I,909,877,932,835,906,822,857,798,764,736
I,908,876,932,835,904,821,858,798,765,737
I,907,877,932,835,903,822,859,798,766,737
I,907,877,931,833,905,823,858,797,766,738
I,907,875,931,835,904,822,857,799,764,737
I,910,875,932,835,904,822,858,799,765,736
I,909,875,933,834,903,821,857,798,765,736
I,907,877,931,834,903,822,858,798,766,737
I,909,878,933,835,904,823,857,799,766,738
I,909,876,932,834,904,823,858,799,764,737
I,909,876,933,835,904,821,859,798,764,737
I,908,877,932,833,903,822,857,799,766,738
I,909,875,931,835,903,821,858,799,765,738
I,904,875,932,834,903,822,857,798,765,737
I,910,876,935,834,904,823,857,798,764,737
I,907,876,931,835,903,823,858,799,764,736
I,906,875,931,835,905,821,858,798,764,738
I,909,875,929,833,904,823,858,798,764,737
I,907,877,933,832,903,821,860,798,765,736
I,907,877,930,834,905,822,858,798,766,737
I,907,877,932,835,904,820,858,798,766,737
I,908,877,932,834,905,822,858,799,765,735
I,909,875,932,834,905,821,859,799,765,737
I,909,876,932,835,904,822,858,798,766,736
I,910,876,932,835,902,821,859,799,766,737
I,905,876,932,835,904,823,858,799,766,737
I,907,878,931,835,903,821,857,798,763,736
I,908,877,933,833,905,822,859,799,766,737
I,908,876,932,834,903,821,859,798,764,737
I,908,877,931,834,904,821,857,799,766,737
I,909,876,930,834,904,821,858,798,766,737
I,907,877,933,835,904,821,858,799,766,736
I,905,878,932,833,905,822,858,798,764,736
I,908,875,932,834,905,822,859,799,767,737
I,909,877,930,834,904,822,859,798,765,737
I,908,876,930,834,905,821,859,799,765,737
I,908,876,932,835,905,822,859,798,765,736
I,909,875,931,833,905,822,857,798,765,736
I,906,876,933,835,903,821,858,799,764,736
I,908,875,931,834,904,821,859,798,765,737
I,908,877,931,833,904,821,858,800,765,737
I,906,876,932,834,905,821,857,799,765,737
I,908,876,932,835,905,821,858,798,766,737
I,906,874,932,834,905,822,858,797,766,736
I,910,876,933,835,904,822,858,798,764,736
I,906,874,929,833,905,821,857,798,766,737
I,906,877,931,834,904,822,859,799,766,737
I,907,874,932,835,903,821,858,798,766,735
I,907,876,931,834,905,822,858,798,765,737
I,908,877,932,836,903,822,858,798,764,736
I,907,876,933,833,904,822,857,797,766,737
I,906,876,930,835,904,821,858,798,765,736
I,907,878,932,834,905,821,858,798,764,736
I,909,875,931,835,903,821,857,797,765,736
I,907,877,933,833,903,822,857,798,764,736
I,906,877,932,834,905,822,858,799,765,737
I,907,877,932,835,904,822,858,796,764,735
I,905,876,932,835,905,820,859,799,765,737
I,908,877,932,834,904,822,857,798,765,737
I,907,876,932,834,904,822,857,797,763,738
I,908,877,932,834,903,821,858,798,765,737
I,906,877,932,835,903,821,858,799,764,737
I,905,877,931,833,904,821,858,798,765,736
I,908,877,932,834,904,822,859,798,765,738
I,907,875,933,835,905,821,858,797,764,735
I,907,877,931,834,905,822,858,799,766,737
I,906,875,931,836,902,822,859,798,767,736
I,909,875,932,833,902,821,858,799,766,736
I,906,875,932,833,903,821,859,797,764,737
I,906,876,933,832,902,822,857,799,766,736
I,909,876,932,833,902,822,858,799,765,736
I,908,875,932,835,903,820,858,799,764,736
I,908,876,932,835,905,822,859,798,766,737
I,908,878,931,834,905,822,857,799,766,736
I,902,877,932,833,903,822,857,797,766,736
I,909,876,933,834,905,822,857,799,766,737
I,907,876,930,834,903,821,858,798,765,737
I,906,877,929,834,904,823,858,800,765,736
I,908,876,932,835,906,821,859,797,765,738
I,908,877,932,835,904,822,858,798,766,736
I,906,878,931,833,903,821,858,800,765,736
I,907,877,931,834,904,821,858,799,766,737
I,907,877,932,834,905,821,857,798,764,738
I,908,877,931,834,904,820,858,798,764,737
I,908,875,931,834,904,822,859,799,764,738
I,908,877,931,834,904,822,859,799,766,736
I,909,877,932,834,901,821,858,800,766,738
I,906,875,933,835,903,821,859,798,764,738
I,906,876,932,835,903,822,859,798,765,736
I,908,876,932,835,904,822,858,799,764,736
I,906,877,931,832,904,821,857,798,766,737
I,907,878,932,834,904,821,858,799,766,736
I,908,876,933,834,904,821,859,798,764,736
I,907,876,933,833,905,821,857,798,766,737
I,905,878,931,835,904,821,858,799,765,737
I,908,878,932,835,904,821,858,799,765,737
I,907,877,932,834,903,821,858,798,765,736
I,908,876,931,833,904,822,858,798,766,737
I,906,877,932,834,905,820,859,799,765,737
I,907,877,934,836,905,820,858,798,766,737
I,909,875,931,834,904,822,858,799,764,736
I,905,877,933,832,904,822,859,799,764,736
I,909,878,933,835,904,822,858,799,766,735
I,907,877,932,834,904,822,859,800,766,738
I,908,876,931,834,905,820,858,799,766,735
I,906,876,931,834,904,821,858,798,765,737
I,909,877,932,834,905,822,858,799,765,736
I,905,876,929,833,904,821,859,798,765,736
I,906,875,927,833,904,822,857,797,765,735
I,908,878,932,834,902,821,858,798,766,736
I,906,878,932,833,902,822,859,799,766,737
I,908,876,933,836,903,820,858,797,766,737
I,907,876,932,832,902,821,858,799,765,735
I,908,877,932,833,904,821,858,799,766,736
I,908,875,931,833,903,820,858,798,765,737
I,907,878,931,835,903,821,859,797,765,737
I,905,875,933,834,905,821,858,798,765,736
I,903,876,932,833,904,821,857,799,765,736
I,908,877,932,834,902,822,858,798,765,733
I,908,878,933,833,905,821,859,798,766,736
I,908,877,931,834,905,821,857,797,766,737
I,905,878,931,833,903,822,857,798,765,736
I,906,875,931,835,904,821,858,798,765,735
I,908,876,932,833,902,820,857,797,765,735
I,905,875,931,834,903,821,857,798,765,735
I,908,877,932,835,904,821,858,798,766,736
I,906,876,932,834,905,822,858,798,765,735
I,909,880,930,834,899,821,859,798,765,737
I,908,878,932,834,903,820,858,798,765,737
I,907,876,932,834,904,821,858,798,766,738
I,908,876,933,835,904,821,859,798,767,736
I,907,878,930,834,905,820,858,798,766,736
I,905,876,932,834,904,822,858,798,765,737
I,908,876,932,833,903,821,856,799,766,735
I,905,878,931,835,903,821,858,798,765,734
I,907,878,932,833,903,822,858,798,766,736
