F,879,856,870,811,793,782,749,781,767,726
F,879,857,870,811,795,781,749,781,767,725
F,879,857,870,811,794,782,749,781,766,727
F,879,857,871,811,794,782,749,780,766,726
F,879,856,870,811,795,782,748,780,767,725
F,879,857,871,811,794,782,748,781,766,726
F,880,857,870,811,795,782,749,781,766,726
F,878,857,870,811,794,782,749,780,765,726
F,879,857,870,810,794,782,748,781,766,726
F,879,856,870,810,794,782,749,781,766,725
F,879,857,870,811,795,782,749,781,766,726
F,877,857,869,811,795,782,749,781,766,726
F,879,857,870,811,795,782,748,781,765,725
F,878,856,870,811,795,782,749,781,765,726
F,880,855,869,811,795,782,749,781,766,726
F,879,857,870,811,796,782,749,781,766,726
F,880,856,870,811,795,782,748,782,765,726
F,876,856,870,811,796,782,748,781,764,725
F,879,856,870,811,794,783,748,781,765,726
F,881,856,869,811,794,783,748,781,765,726
F,880,856,869,811,797,783,748,781,764,725
F,880,857,871,811,795,783,749,781,765,725
F,880,856,871,811,796,783,748,780,765,725
F,880,856,870,811,797,783,749,780,764,726
F,877,857,871,811,798,783,748,781,764,725
F,879,857,870,811,798,783,748,781,765,725
F,880,856,870,811,797,783,747,780,765,725
F,880,856,871,810,797,783,748,781,764,725
F,879,856,870,810,797,784,749,782,765,725
F,879,857,870,811,797,783,748,781,765,726
F,880,857,871,811,796,783,749,781,765,725
F,880,856,870,810,796,783,746,781,766,726
F,879,856,871,811,796,783,748,781,765,725
F,875,858,870,811,795,784,747,781,764,725
F,878,856,870,810,796,783,748,781,765,725
F,880,856,871,810,795,783,748,781,764,725
F,880,856,870,811,795,783,748,781,764,725
F,879,858,870,811,795,783,748,780,765,725
F,879,856,869,810,795,784,748,780,764,724
F,881,857,870,811,795,783,748,781,765,725
F,879,855,870,811,795,784,748,781,765,724
F,880,857,871,811,795,783,747,780,765,724
F,880,857,871,811,796,784,748,781,764,724
F,876,856,870,811,795,783,748,781,764,725
F,878,856,871,812,796,784,748,781,764,725
F,879,857,870,810,795,784,748,781,764,726
F,878,856,870,811,795,784,747,782,765,725
F,880,856,871,812,795,785,747,782,764,725
F,880,854,871,812,793,784,748,783,765,726
F,878,855,871,812,793,786,747,782,765,726
F,880,857,870,812,793,784,748,781,765,726
F,879,857,870,812,794,785,747,783,765,725
F,881,857,870,813,794,786,748,783,765,725
F,881,856,870,812,794,785,748,782,765,726
F,879,857,870,812,793,786,748,782,765,726
F,879,856,870,812,794,786,748,783,766,726
F,879,856,870,812,794,785,749,784,767,725
F,882,856,869,811,794,786,748,781,765,726
F,879,857,871,811,793,786,747,781,765,725
F,882,856,869,811,794,786,748,782,766,726
F,879,856,868,812,793,785,748,782,764,725
F,876,854,869,813,795,786,747,782,765,726
F,883,856,869,812,793,786,748,782,765,726
F,880,857,870,812,793,785,748,782,766,726
F,875,855,872,811,794,784,748,782,765,725
F,881,857,870,812,793,785,748,782,765,726
F,882,856,870,812,793,785,747,781,764,726
F,880,856,869,812,794,784,748,781,766,724
F,879,857,870,811,794,785,747,781,765,725
F,881,856,870,811,794,785,748,781,765,726
F,880,856,869,812,794,785,747,782,765,726
F,881,856,870,812,793,785,747,781,764,725
F,883,857,869,812,793,786,748,782,765,726
F,878,856,869,811,793,785,747,781,765,726
F,881,858,868,812,792,785,747,782,764,725
F,882,856,868,812,793,785,748,782,765,725
F,882,856,869,812,793,785,747,781,765,726
F,881,857,870,811,793,785,748,782,765,725
F,889,855,871,813,791,787,747,781,765,726
F,879,856,870,812,795,784,749,783,764,724
F,877,857,870,812,793,785,748,781,765,725
F,880,856,869,811,793,785,748,782,766,725
F,882,857,869,812,793,784,748,781,765,726
F,881,857,870,812,793,785,747,780,765,725
F,879,856,870,812,794,785,748,781,766,725
F,880,857,869,811,794,784,748,781,765,725
F,881,856,870,811,795,784,748,781,766,725
F,873,856,868,812,795,784,747,781,765,726
F,881,856,869,811,794,784,748,781,765,726
F,885,854,871,810,792,784,748,781,765,725
F,880,856,869,810,795,784,748,781,765,724
F,880,857,869,812,794,783,748,781,765,725
F,880,856,869,811,794,785,748,782,765,725
F,882,856,869,812,794,785,748,783,766,723
F,881,856,868,811,795,785,748,782,765,725
F,879,856,869,812,795,784,748,782,765,725
F,880,854,869,812,796,785,748,782,765,725
F,879,857,869,812,796,785,748,782,766,726
F,879,857,870,812,795,784,747,781,766,724
F,882,856,869,812,796,785,748,781,765,725
F,878,856,870,812,795,785,748,781,765,725
F,880,856,869,812,795,785,748,781,765,725
F,881,856,869,812,795,785,748,782,765,725
F,881,856,867,810,794,785,748,781,765,725
F,882,857,870,810,798,784,746,780,764,725
F,879,856,869,812,796,785,748,782,765,725
F,883,857,869,811,796,786,748,781,765,726
F,882,855,869,811,797,784,748,782,766,725
F,887,859,871,813,797,785,748,781,765,725
F,883,855,869,811,797,784,748,782,765,725
F,881,856,869,811,797,785,747,781,765,725
F,880,854,866,812,797,785,748,781,765,725
F,876,855,869,812,796,785,748,781,765,726
F,879,857,869,811,797,785,748,782,765,725
F,879,857,869,811,799,784,748,781,764,725
F,878,856,869,811,798,785,747,782,764,725
F,879,857,869,811,797,784,747,781,765,726
F,883,854,868,811,798,786,748,781,765,725
F,879,859,868,812,796,785,748,780,765,725
F,881,857,869,812,798,785,748,781,764,726
F,881,857,868,812,797,785,748,782,765,726
F,882,856,869,811,797,786,748,781,765,725
F,881,855,869,812,798,785,747,782,765,724
F,881,858,868,811,797,785,748,782,765,725
F,882,856,868,812,797,785,748,781,764,723
F,879,856,869,810,797,785,748,781,764,725
F,881,857,869,812,798,784,747,781,765,727
F,879,857,869,811,800,785,747,781,765,724
F,881,854,869,809,800,785,748,781,765,725
F,881,855,870,811,800,785,747,781,764,724
F,881,855,870,811,801,785,746,782,764,724
F,883,857,869,812,805,784,748,781,765,724
F,878,856,869,812,802,785,748,781,765,725
F,881,856,869,814,798,787,748,780,765,724
F,880,856,869,812,801,784,747,782,765,725
F,882,855,869,812,802,785,747,782,763,724
F,883,855,869,812,801,786,747,782,763,725
F,882,857,871,812,802,786,747,782,763,723
F,883,856,869,813,802,786,747,783,763,725
F,879,857,869,814,801,787,745,782,764,724
F,880,857,868,814,801,787,747,782,763,724
F,884,855,868,814,800,787,747,783,763,725
F,882,855,869,813,800,787,747,783,761,726
F,883,857,869,813,799,787,746,783,763,725
F,882,858,869,813,800,786,747,782,762,724
F,883,856,869,813,801,785,748,782,763,725
F,883,857,869,813,799,787,746,783,762,724
F,880,856,868,814,798,787,747,782,763,725
F,880,856,870,814,796,787,747,783,763,724
F,878,856,869,813,796,789,745,785,762,725
F,881,856,869,813,796,787,746,782,762,725
F,880,856,869,812,796,786,746,782,763,725
F,880,856,870,813,796,787,746,782,763,724
F,881,855,868,813,797,787,746,782,762,725
F,881,855,869,813,799,787,746,783,762,724
F,876,857,868,812,796,786,747,783,763,724
F,881,856,869,812,798,787,746,782,763,725
F,880,856,871,811,795,787,746,782,761,724
F,883,857,869,811,797,787,746,782,762,724
F,872,853,867,809,799,787,746,782,763,725
F,881,857,868,812,800,786,746,781,763,725
F,878,857,869,812,795,786,745,783,762,725
F,882,857,870,813,795,787,747,782,762,724
F,878,857,869,812,795,787,747,783,763,724
F,882,857,868,813,794,786,747,781,762,725
F,885,857,870,813,794,787,746,782,763,723
F,883,855,869,814,795,788,747,783,762,723
F,882,852,868,813,794,787,746,782,761,724
F,879,857,867,813,795,788,747,782,762,726
F,880,856,868,812,795,787,746,781,763,725
F,879,855,868,813,793,788,747,782,763,724
F,877,858,868,814,795,788,746,782,762,726
F,882,855,868,813,793,788,746,782,763,725
F,880,857,869,813,793,787,747,781,763,724
F,887,856,869,813,794,788,746,781,762,725
F,878,856,869,812,793,786,747,783,763,724
F,882,857,868,813,793,787,747,782,762,725
F,876,852,869,813,794,788,746,782,762,725
F,883,854,869,812,794,788,747,782,761,724
F,879,857,869,813,794,787,747,783,762,723
F,879,856,868,813,794,787,747,782,762,724
F,884,855,869,813,794,788,747,782,762,724
F,884,856,868,812,794,787,747,781,761,724
F,880,856,868,812,794,788,746,782,761,725
F,878,856,868,813,794,787,747,782,763,725
F,881,856,868,814,793,787,746,781,762,724
F,882,857,869,813,793,788,746,782,762,725
F,881,856,869,812,794,788,746,783,762,724
F,881,857,868,811,793,788,747,782,763,724
F,882,856,869,813,793,787,747,781,761,724
F,881,857,868,813,795,788,747,781,763,724
F,883,857,869,811,794,787,747,782,762,724
F,881,857,870,813,794,787,745,782,763,724
F,878,860,867,812,794,788,747,782,763,724
F,874,858,871,811,792,786,747,781,763,724
F,880,858,869,812,793,787,748,779,759,725
F,879,861,870,813,793,787,747,781,762,724
F,879,858,868,812,800,786,748,781,762,724
F,884,858,869,813,795,786,748,779,761,724
F,881,859,868,813,795,786,748,781,760,724
F,891,858,869,812,795,787,747,780,760,723
F,879,859,868,811,794,786,749,781,762,724
F,879,858,869,812,795,786,748,781,760,722
F,882,859,870,813,795,785,747,780,762,724
F,878,858,868,812,795,785,747,781,762,723
F,879,858,868,812,797,785,749,780,761,723
F,882,857,869,812,797,786,749,781,762,723
F,881,858,868,812,798,786,749,780,762,724
F,880,860,869,813,795,788,748,781,761,724
F,880,857,869,812,796,786,749,780,761,724
F,880,859,868,812,795,785,749,778,759,725
F,879,857,868,812,796,785,749,780,761,724
F,879,859,869,812,796,785,749,780,763,723
F,880,856,868,812,795,785,748,781,761,724
F,882,858,868,812,795,785,748,780,761,723
F,883,858,868,812,794,785,748,778,761,722
F,883,859,869,812,795,785,749,780,761,723
F,883,856,869,812,795,785,749,781,762,723
F,880,858,869,811,794,785,748,779,760,723
F,882,858,868,812,793,786,749,779,760,723
F,882,858,869,812,795,786,748,779,761,723
F,879,857,868,812,797,785,749,780,760,723
F,877,859,867,812,795,785,748,779,761,723
F,880,857,869,812,795,785,748,780,761,724
F,881,858,869,812,794,785,749,780,760,723
F,883,858,869,811,794,785,749,781,758,723
F,879,857,869,811,795,785,749,780,761,723
F,881,857,868,812,794,785,748,780,761,723
F,880,858,869,812,794,786,748,779,760,724
F,879,857,869,811,793,786,748,780,761,723
F,878,858,869,812,795,784,749,779,761,723
F,876,860,868,812,795,785,749,779,760,723
F,882,858,868,811,795,785,749,779,761,723
F,882,858,868,812,794,785,748,779,760,724
F,882,855,869,811,794,785,748,779,759,723
F,881,858,868,811,794,785,747,779,759,724
F,881,857,869,812,795,784,749,780,760,723
F,878,857,868,810,793,784,748,779,761,723
F,881,858,869,811,794,784,751,777,760,724
F,880,858,868,811,795,785,749,779,760,722
F,879,858,868,812,794,786,747,780,760,723
F,878,857,869,812,792,786,748,780,760,723
F,881,858,869,812,793,785,748,780,761,723
F,882,857,869,811,793,785,747,780,760,722
F,878,858,868,811,793,785,748,779,761,723
F,880,857,869,811,792,786,749,779,761,721
F,880,857,868,811,793,786,749,780,760,723
F,882,857,869,810,793,785,748,779,760,723
F,881,858,869,811,793,785,749,780,761,722
F,883,857,868,812,792,785,748,779,760,722
F,881,858,869,811,792,786,747,780,761,723
F,879,857,868,810,791,786,748,779,761,722
F,885,858,868,811,791,785,748,779,760,723
F,879,858,868,812,792,786,748,779,760,722
F,877,859,868,811,792,785,748,780,761,723
F,882,857,869,811,792,785,749,779,760,724
F,882,856,868,811,793,785,749,779,761,723
F,880,856,868,811,792,785,749,779,761,723
F,883,858,868,811,792,785,749,779,760,724
F,881,858,869,811,792,786,748,779,761,723
F,878,858,869,812,792,785,748,779,760,723
F,879,855,869,811,792,785,749,779,761,722
F,882,857,869,811,793,785,749,780,760,722
F,883,857,869,811,792,785,749,779,761,723
F,879,856,868,811,793,785,748,779,761,723
F,881,857,869,809,794,786,748,781,762,723
F,880,860,867,812,792,786,747,780,760,723
F,879,856,869,811,794,785,748,780,761,723
F,882,856,867,810,792,784,748,778,760,722
F,880,858,869,811,792,786,748,779,760,721
F,884,857,868,812,792,786,748,778,761,722
F,883,858,868,811,793,785,749,778,760,723
F,878,859,869,811,792,785,748,779,761,723
F,882,856,868,811,792,785,748,779,760,723
F,882,857,868,810,793,785,749,779,761,722
F,876,856,868,811,793,785,749,779,760,722
F,880,857,868,810,792,784,746,779,760,723
F,881,857,869,811,791,785,748,779,761,722
F,882,857,869,811,793,786,749,779,761,722
F,884,857,869,811,792,786,747,779,760,722
F,882,858,869,810,793,785,748,780,761,723
F,881,857,868,810,793,786,748,779,761,723
F,882,856,869,811,791,784,748,779,760,723
F,880,857,868,811,792,786,749,780,759,723
F,882,857,868,810,792,786,749,780,760,722
F,881,855,868,811,792,785,748,779,760,723
F,881,857,869,811,793,786,748,779,760,722
F,881,858,868,810,793,786,749,779,760,722
F,881,856,869,811,792,786,749,780,760,722
F,881,858,867,810,793,786,748,780,760,722
F,883,854,868,812,792,786,748,780,761,722
F,884,857,869,811,792,785,748,779,761,722
F,882,857,868,811,793,786,748,779,760,722
F,884,857,868,811,793,786,748,779,760,722
F,881,857,868,811,793,786,748,779,760,722
F,883,856,869,811,792,786,749,779,761,722
F,881,857,868,811,792,786,748,780,760,723
F,881,857,868,810,791,785,749,780,761,723
F,883,857,868,812,793,785,748,780,760,721
F,882,858,869,811,791,785,748,779,760,722
F,881,857,868,811,791,785,748,779,760,722
F,880,857,869,811,791,786,749,780,761,722
F,882,856,869,810,792,786,748,780,761,723
F,889,855,867,809,790,784,748,779,760,722
F,883,858,868,810,790,785,748,779,761,722
F,884,856,868,810,791,786,748,780,761,723
F,879,856,869,811,791,785,748,779,760,723
F,882,857,869,810,790,785,749,780,760,722
F,889,854,869,810,791,785,749,779,760,722
F,884,857,868,811,791,785,748,779,760,722
F,883,857,868,811,791,785,749,780,761,723
F,879,857,869,811,791,785,749,780,761,722
F,881,857,869,811,792,786,749,779,760,723
F,881,856,866,811,792,786,748,779,759,723
F,883,857,868,810,792,786,749,779,761,722
F,883,858,868,810,791,785,748,779,760,723
F,881,856,868,810,791,786,748,779,760,723
F,874,857,870,812,792,786,748,780,760,722
F,882,857,869,810,792,786,748,779,760,723
F,879,858,869,809,790,786,748,779,760,723
F,878,857,869,811,792,786,749,780,761,722
F,882,857,869,810,792,785,748,779,760,723
F,883,856,868,811,792,785,748,779,760,722
F,881,856,868,810,791,785,748,779,760,722
F,883,856,869,811,792,786,748,781,760,723
F,880,857,869,810,792,785,748,778,760,723
F,880,857,868,809,792,786,748,779,760,722
F,880,857,869,810,793,786,749,780,760,722
F,883,855,868,811,793,786,749,781,760,721
F,876,858,868,810,793,785,748,779,760,722
F,884,859,868,809,793,785,748,780,760,722
F,880,858,869,810,793,786,749,780,759,722
F,888,859,867,810,792,786,747,779,760,722
F,881,857,869,810,793,785,748,778,759,722
F,880,856,869,810,793,786,748,779,761,722
F,882,857,870,810,793,786,749,780,760,722
F,882,856,868,810,794,785,747,780,761,722
F,889,856,869,810,793,785,748,779,761,723
F,882,856,869,811,794,786,748,779,759,722
F,880,855,870,809,793,786,749,780,760,723
F,883,855,870,810,794,786,748,780,760,722
F,880,856,868,810,794,786,748,779,760,722
F,881,857,869,810,794,787,748,780,761,723
F,884,857,870,810,794,785,748,780,760,723
F,879,857,868,810,797,785,748,779,758,722
F,888,858,868,810,798,785,749,779,761,722
F,883,856,870,810,801,785,748,778,760,723
F,878,857,870,810,799,785,749,780,760,723
F,882,856,870,810,799,786,748,779,761,723
F,878,856,871,811,797,786,748,780,760,723
F,880,857,869,810,799,786,748,779,760,723
F,882,857,869,810,797,786,748,779,759,723
F,882,856,870,809,798,787,748,779,760,722
F,880,856,870,811,799,786,749,779,760,723
F,881,856,870,810,797,786,749,780,760,722
F,882,857,870,810,797,785,748,779,760,723
F,881,857,870,810,797,786,749,780,760,722
F,880,857,869,809,798,786,748,779,760,722
F,881,858,868,810,798,786,749,779,760,723
F,881,857,869,810,796,786,749,779,760,723
F,879,856,869,809,797,786,748,779,760,722
F,878,856,869,809,797,786,748,779,760,722
F,882,856,870,809,798,786,749,779,760,722
F,881,856,869,809,797,786,749,780,761,722
F,882,856,869,809,796,786,748,779,761,722
F,880,857,869,809,797,785,749,781,760,721
F,879,857,869,810,797,786,748,782,760,723
F,881,857,870,811,797,786,749,780,759,719
F,883,859,870,810,798,785,749,779,760,723
F,881,858,870,810,798,787,748,780,760,723
F,881,856,869,809,797,786,749,779,760,722
F,875,856,871,809,796,786,748,779,761,722
F,880,856,871,810,798,786,748,779,761,722
F,881,857,870,809,798,786,748,780,761,723
F,880,857,870,809,797,786,748,779,760,722
F,880,857,871,810,797,786,748,780,760,722
F,880,857,870,809,797,786,748,779,760,722
F,879,857,871,810,797,785,749,777,763,722
F,884,857,870,810,797,786,748,780,760,722
F,880,856,871,809,797,786,748,779,760,721
F,881,857,872,809,797,786,749,780,760,723
F,882,857,870,809,798,786,749,780,760,722
F,879,857,870,810,798,785,749,779,760,722
F,879,857,871,810,797,786,748,780,761,722
F,881,857,871,810,796,786,749,779,761,723
F,878,856,870,809,796,786,748,779,761,722
F,881,856,869,810,798,786,748,780,761,722
F,878,856,871,810,797,786,748,779,761,722
F,880,856,871,810,796,786,749,779,760,722
F,881,856,872,811,796,787,749,779,760,722
F,879,856,871,809,797,786,748,780,760,722
F,881,857,871,809,797,785,749,780,760,722
F,880,857,870,810,798,785,749,779,760,721
F,880,857,871,809,798,785,748,780,760,723
F,880,857,871,809,796,786,748,780,760,722
F,879,856,869,808,796,785,749,779,761,723
F,879,858,869,809,797,786,748,780,760,723
F,880,858,872,810,799,786,749,779,760,722
F,882,857,871,808,797,786,749,780,760,721
F,885,854,870,809,797,786,749,780,760,722
F,880,856,871,809,798,785,749,779,759,723
F,881,856,870,809,797,786,749,779,760,722
F,882,856,871,808,798,786,748,779,760,722
F,880,855,871,809,798,786,749,779,760,722
F,878,857,871,809,798,786,748,780,762,723
F,882,857,870,809,798,785,749,779,761,723
F,879,857,871,809,797,786,748,779,760,722
F,879,857,871,807,797,786,748,779,760,723
F,879,857,871,809,798,786,747,779,761,722
F,879,858,871,809,795,786,749,779,760,722
F,880,857,871,809,798,785,748,780,759,723
F,880,857,871,810,797,786,748,780,760,722
F,882,856,871,809,797,786,748,780,761,724
F,879,858,870,810,797,786,749,780,760,722
F,880,857,871,809,796,786,747,779,761,723
F,881,857,872,809,796,786,748,780,760,723
F,882,856,871,809,797,785,749,781,760,722
F,879,857,870,809,797,787,748,779,760,723
F,881,857,870,809,798,786,748,780,761,722
F,882,858,871,809,797,786,749,780,759,724
F,880,857,872,808,798,786,748,779,760,722
F,881,857,872,809,799,786,749,779,760,722
F,880,857,871,809,799,786,748,779,760,723
F,879,857,871,809,798,786,749,779,760,723
F,881,857,872,809,798,786,749,779,760,723
F,881,857,871,809,798,786,748,779,761,723
F,882,857,871,809,797,786,749,779,761,722
F,881,856,871,809,798,786,749,779,761,722
F,881,856,872,810,796,787,749,779,760,723
F,880,857,872,809,799,786,748,780,760,722
F,881,857,871,808,797,786,748,779,761,722
F,880,856,871,808,798,786,749,779,760,723
F,880,856,871,809,796,786,748,779,761,723
F,875,858,872,809,796,786,749,779,760,723
F,878,855,872,809,795,785,749,780,760,723
F,879,858,871,808,796,786,749,780,760,723
F,881,858,871,809,796,785,749,779,760,722
F,878,858,873,809,795,786,748,779,760,722
F,877,858,870,807,797,784,749,779,761,721
F,874,858,872,809,796,786,748,779,761,721
F,880,858,873,808,796,786,748,779,760,723
F,878,856,872,809,796,787,748,779,761,723
F,880,858,872,809,796,786,748,779,760,722
F,882,857,872,809,796,786,747,779,760,722
F,880,855,872,807,795,787,747,778,759,722
F,881,857,871,809,795,786,748,779,760,723
F,874,855,872,809,796,787,749,779,761,722
F,881,858,871,809,796,786,749,779,760,723
F,878,857,872,808,795,786,748,779,760,722
F,881,858,873,808,796,786,749,779,760,723
F,882,855,874,808,795,787,748,781,760,722
F,881,856,873,808,796,785,749,778,759,723
F,881,857,873,808,796,787,749,780,762,722
F,881,857,872,808,795,786,749,779,760,723
F,879,857,873,809,796,786,748,780,760,722
F,881,858,872,807,796,786,748,780,760,722
F,880,856,872,809,795,786,749,779,761,722
F,880,858,873,808,795,786,749,779,760,723
F,883,857,872,808,795,786,749,779,760,723
F,885,857,873,807,796,785,748,780,760,722
F,881,857,873,809,796,786,749,780,760,722
F,878,857,872,808,796,786,748,780,761,722
F,881,857,872,809,796,786,748,779,760,723
F,879,857,872,809,795,786,749,780,761,722
F,881,857,872,808,796,786,749,780,761,722
F,880,856,872,808,795,786,749,779,761,722
F,882,857,872,808,796,785,749,778,761,721
F,878,858,873,808,795,787,749,780,760,722
F,882,857,872,808,795,786,749,779,760,723
F,880,858,873,808,796,785,750,779,760,723
F,881,858,872,808,796,785,750,779,761,721
F,881,854,872,808,796,786,749,779,760,723
F,883,859,869,807,797,787,747,780,759,723
F,882,856,872,808,795,786,748,779,760,721
F,881,857,872,808,795,786,749,779,761,722
F,882,857,873,809,796,787,749,778,760,722
F,879,857,873,807,795,787,749,780,762,723
F,881,857,872,808,797,786,749,779,760,722
F,881,857,872,808,796,786,749,778,760,723
F,881,858,872,808,796,786,747,779,761,721
F,881,859,872,808,796,787,749,779,760,722
F,880,857,872,808,796,786,749,779,761,723
F,880,855,872,807,798,786,748,780,760,722
F,881,857,873,807,795,785,748,779,760,722
F,877,856,872,808,796,786,749,780,760,722
F,879,855,872,809,797,785,747,778,759,722
F,878,858,873,807,797,785,749,779,759,722
F,879,857,873,808,796,786,748,780,760,722
F,881,858,873,807,795,786,749,779,760,722
F,881,857,873,807,797,786,748,779,761,722
F,879,858,873,809,797,787,749,780,760,723
F,880,858,873,808,797,786,749,779,760,722
F,879,858,873,807,796,786,749,779,759,721
F,879,858,873,809,797,787,749,779,761,723
F,884,855,873,809,795,786,749,780,760,722
F,880,856,873,807,796,786,749,779,761,723
F,880,858,872,808,796,786,749,780,759,723
F,877,857,872,807,796,786,748,779,760,722
F,882,856,871,809,793,788,749,779,761,722
F,880,859,874,809,795,786,748,779,761,723
F,880,859,873,808,796,786,749,781,760,722
F,878,857,872,808,797,786,749,779,761,722
F,879,858,872,808,796,786,749,778,761,722
F,879,858,873,807,794,785,749,779,760,722
F,872,857,872,807,796,786,749,780,761,722
F,879,857,871,808,796,786,749,779,760,722
F,878,857,872,807,797,786,749,779,760,722
F,880,858,872,808,795,786,748,779,760,722
F,887,860,873,808,796,786,749,780,760,723
F,881,858,872,808,796,786,748,779,760,723
F,879,857,873,808,797,786,749,779,760,722
F,882,857,871,808,796,787,748,779,760,723
F,880,856,872,807,796,786,750,779,761,722
F,878,858,872,808,795,786,748,778,760,722
F,879,857,872,808,797,786,748,778,761,723
F,879,857,872,808,795,786,749,778,760,722
F,880,858,872,808,796,786,749,780,759,722
F,880,858,873,808,796,786,749,779,759,722
F,886,856,872,808,796,786,749,779,761,721
F,878,857,873,807,797,786,749,779,760,722
F,880,858,873,808,798,786,748,779,760,723
F,880,857,873,808,798,786,749,779,761,724
F,881,857,871,807,799,786,749,779,760,722
F,880,858,872,808,797,786,748,780,760,722
F,880,858,873,808,798,786,749,779,760,723
F,878,857,873,808,798,787,748,779,761,722
F,879,858,873,807,798,786,748,779,760,722
F,882,857,872,808,797,786,748,779,761,722
F,878,857,872,808,796,787,749,780,760,722
F,881,856,873,807,797,787,749,779,762,722
F,881,856,873,807,797,785,749,780,761,721
F,883,857,875,809,797,787,749,780,761,723
F,881,858,873,808,798,786,749,779,760,722
F,878,857,873,808,798,786,748,779,761,722
F,881,855,873,808,797,787,749,780,760,722
F,879,857,871,807,795,787,749,779,760,722
F,878,857,873,808,797,786,749,779,760,721
F,880,857,872,805,795,786,749,779,758,722
F,880,857,873,807,797,786,748,779,761,723
F,881,857,873,807,797,787,749,780,760,723
F,878,857,873,808,797,786,749,779,761,723
F,877,857,872,808,798,786,749,779,761,723
F,881,857,872,808,797,786,749,780,759,722
F,881,858,873,808,798,786,748,779,760,722
F,878,858,874,807,796,787,749,779,760,723
F,878,858,873,808,797,786,748,780,761,722
F,878,857,874,807,796,786,749,780,760,722
F,880,859,872,808,797,786,748,779,760,721
F,880,856,874,807,796,786,748,780,760,722
F,880,856,873,808,797,785,749,778,759,722
F,879,857,872,808,796,786,749,780,760,722
F,878,857,873,808,797,786,749,780,760,721
F,880,857,873,808,797,786,749,780,761,722
F,879,857,873,808,797,786,749,780,759,723
F,885,859,874,809,798,785,749,779,760,722
F,881,857,873,809,797,786,749,779,760,722
F,878,857,873,807,797,786,748,779,761,723
F,881,857,873,808,796,786,748,778,761,722
F,885,859,872,807,795,786,749,779,760,721
F,881,857,874,808,795,785,749,780,760,722
F,881,856,874,808,795,786,749,779,760,722
F,878,857,874,806,795,786,749,779,759,722
F,880,856,873,808,796,786,749,780,761,721
F,879,856,873,808,796,787,749,779,760,722
F,880,857,873,807,795,786,747,779,761,722
F,877,858,873,807,796,785,748,779,760,723
F,879,857,873,807,796,786,749,779,759,722
F,879,857,873,808,795,786,749,779,761,721
F,879,854,873,808,795,786,749,780,761,722
F,878,857,873,808,795,786,749,779,760,723
F,881,856,874,808,795,786,749,780,761,724
F,881,858,874,807,795,786,749,779,760,723
F,880,857,874,808,795,786,749,779,760,722
F,881,857,872,807,796,786,748,779,760,722
F,880,856,873,808,795,786,748,780,761,723
F,880,856,874,808,796,786,749,780,760,722
F,880,857,873,808,795,786,749,779,760,723
F,876,858,873,806,795,787,749,779,760,721
F,880,857,873,809,796,787,749,780,760,722
F,880,857,873,808,796,786,749,780,761,723
F,878,856,873,808,796,786,749,779,760,722
F,879,857,873,808,795,786,749,779,760,722
F,882,857,873,807,795,786,748,780,761,722
F,881,856,873,808,794,787,749,779,760,722
F,881,855,872,808,795,786,749,779,760,723
F,878,856,873,807,792,786,749,779,760,723
F,880,857,872,808,795,787,749,780,760,723
F,880,856,873,807,795,786,749,779,760,723
F,878,856,871,807,796,787,748,780,760,723
F,880,857,873,808,795,786,749,780,760,721
F,877,856,873,807,795,786,749,779,760,723
F,879,858,874,809,793,786,748,779,761,723
F,879,856,873,808,795,786,749,779,760,722
F,880,857,874,807,796,786,748,779,760,723
F,879,857,873,807,794,786,748,780,761,722
F,879,855,872,807,795,786,749,779,760,723
F,879,858,873,808,797,786,748,779,761,723
F,878,857,874,807,794,785,748,779,760,722
F,873,856,873,807,795,787,748,779,761,723
F,880,856,873,807,796,786,749,779,761,722
F,878,857,873,808,797,787,750,779,760,722
F,876,856,873,808,795,786,749,779,761,722
F,881,856,873,807,796,786,749,779,759,722
F,880,856,873,808,796,786,748,779,761,721
F,875,856,872,809,795,786,749,779,761,722
F,878,857,874,810,797,784,747,778,759,723
F,878,857,873,807,796,786,749,779,760,722
F,880,857,874,807,795,786,748,780,760,721
F,879,857,872,808,796,786,748,780,761,722
F,878,857,874,807,796,786,749,779,760,722
F,877,855,873,807,794,786,749,780,760,723
F,879,857,874,807,796,787,749,780,761,722
F,879,856,873,808,795,786,749,779,761,722
F,880,857,873,807,794,785,749,778,762,722
F,880,857,873,808,795,785,749,780,761,722
F,878,857,873,807,794,786,749,779,760,722
F,880,856,872,807,795,786,749,780,760,722
F,881,856,873,807,795,785,749,779,761,722
F,880,856,873,807,794,786,749,780,761,722
F,879,856,873,808,796,786,749,780,761,722
F,879,857,873,807,796,786,749,778,761,722
F,879,857,873,807,795,786,749,780,760,722
F,880,856,873,807,795,786,750,780,760,723
F,879,857,873,808,796,786,749,780,760,722
F,880,857,873,807,795,786,748,779,760,722
F,879,857,873,807,795,786,749,779,760,723
F,878,857,873,807,796,786,749,778,759,723
F,877,857,873,807,795,787,749,779,760,721
F,879,858,874,808,794,787,748,779,760,722
F,879,857,873,808,795,786,749,778,761,722
F,879,856,873,807,796,786,749,780,761,722
F,880,855,873,805,794,788,750,779,761,722
F,880,856,873,807,795,786,748,780,760,722
F,880,856,873,807,795,786,749,779,760,721
F,878,856,873,807,795,786,749,779,761,722
F,879,856,872,807,796,786,749,779,761,723
F,880,857,873,808,794,787,749,780,760,722
F,879,856,873,807,793,787,749,780,761,724
F,879,856,873,807,795,786,749,779,760,722
F,880,857,873,808,796,786,749,780,760,722
F,880,857,872,808,795,786,748,779,760,722
F,880,856,874,808,795,787,749,779,760,722
F,886,857,873,808,795,787,749,780,761,722
F,880,855,873,807,795,786,749,779,760,721
F,882,857,872,807,795,786,749,779,760,722
F,880,857,871,808,795,787,749,780,762,723
F,880,856,873,808,795,787,748,779,761,722
F,879,856,874,807,796,786,749,779,760,722
F,881,857,873,808,795,786,749,780,761,722
F,884,857,873,807,795,786,749,778,760,722
F,880,857,873,807,795,786,748,780,761,722
F,878,857,874,808,796,786,749,780,761,722
F,877,856,873,808,795,786,749,781,760,721
F,883,855,873,807,795,786,749,780,760,721
F,881,854,874,805,794,786,749,779,761,722
F,880,856,873,808,795,786,748,779,760,722
F,879,856,873,807,795,786,749,779,760,721
F,878,856,873,808,795,787,749,780,761,723
F,880,857,873,807,795,786,749,779,760,722
F,880,856,874,806,796,786,748,780,761,722
F,877,855,874,809,796,786,749,780,761,722
F,878,856,874,806,795,786,749,779,761,723
F,880,855,873,807,795,785,748,780,760,722
F,878,856,874,807,795,786,748,779,760,723
F,880,856,874,808,796,787,748,780,760,722
F,880,855,875,807,795,786,748,780,760,723
F,878,857,875,807,796,785,748,780,760,722
F,877,855,875,808,796,786,749,778,760,721
F,879,858,875,807,796,786,749,778,761,722
F,877,857,875,807,796,787,749,780,761,723
F,880,856,876,806,796,786,748,780,759,723
F,879,858,875,808,796,786,749,780,761,723
F,879,856,876,807,796,787,749,779,760,723
F,877,857,876,807,796,787,749,779,760,722
F,878,857,877,808,796,786,748,780,760,722
F,879,857,875,807,796,786,748,779,760,723
F,880,857,875,807,796,787,748,779,761,722
F,879,857,877,807,796,786,749,780,761,722
F,876,854,875,807,796,786,749,779,760,722
F,881,857,876,806,796,786,749,780,760,722
F,880,856,876,807,797,786,749,780,760,723
F,877,855,876,807,796,786,749,780,760,722
F,880,857,877,807,796,787,749,780,761,721
F,877,857,876,807,796,786,748,779,760,723
F,880,856,875,807,796,785,748,780,760,722
F,878,856,877,807,798,785,749,779,760,722
F,879,857,876,808,795,786,748,778,759,722
F,878,855,876,807,797,786,749,780,760,723
F,878,857,876,807,795,786,749,780,760,722
F,878,856,876,807,795,786,748,780,760,723
F,878,857,876,806,796,786,749,779,760,722
F,881,856,876,807,795,786,749,780,760,723
F,877,856,875,807,796,786,749,779,761,723
F,877,857,878,808,798,787,747,780,761,722
F,877,856,875,807,796,786,749,780,760,722
F,878,857,876,807,796,786,749,780,760,722
F,883,854,874,804,796,786,749,780,760,722
F,880,856,876,805,794,788,750,779,760,723
F,878,856,876,807,796,786,750,779,761,723
F,879,856,876,807,795,786,749,780,760,722
F,878,856,876,806,796,786,749,779,760,722
F,878,857,876,807,796,786,749,780,760,722
F,877,856,876,807,794,785,749,779,760,723
F,880,856,875,807,796,786,749,780,761,723
F,879,857,876,806,795,786,748,781,762,721
F,879,856,876,807,797,787,749,780,761,723
F,879,856,875,807,795,786,748,780,760,723
F,879,854,876,806,796,786,748,780,761,722
F,881,854,877,806,796,785,748,779,760,722
F,880,857,876,807,796,786,748,780,760,722
F,878,855,875,806,796,787,749,780,761,723
F,878,857,876,806,796,786,749,779,761,722
F,876,851,876,806,796,786,749,779,760,722
F,878,857,876,806,795,785,748,780,760,723
F,879,855,875,806,796,786,749,780,760,722
F,882,857,876,807,795,787,749,779,761,723
F,879,856,876,807,796,786,749,780,762,722
F,879,856,876,806,796,786,749,780,761,723
F,878,856,875,807,794,786,750,779,759,723
F,880,856,876,806,796,786,749,780,760,723
F,878,857,876,806,796,786,749,779,761,722
F,878,857,875,806,796,786,749,780,761,722
F,880,856,876,806,796,786,749,779,760,723
F,880,857,876,806,796,787,749,779,761,722
F,879,856,876,807,796,786,749,780,761,722
F,878,856,876,807,796,786,749,779,761,722
F,875,855,874,808,795,786,749,779,761,723
F,877,856,875,806,796,786,749,780,761,722
F,884,853,876,806,796,786,748,780,760,722
F,878,856,874,806,797,786,748,779,761,722
F,877,856,875,807,796,787,748,779,760,722
F,880,856,875,806,796,787,749,780,760,722
F,878,858,876,806,797,787,749,780,760,723
F,880,856,876,807,796,786,748,781,760,722
F,877,857,875,805,796,786,749,779,761,721
F,885,857,876,807,796,787,748,781,760,722
F,879,855,874,807,795,786,748,781,761,723
F,879,857,876,806,795,787,748,780,760,723
F,879,856,875,806,794,787,748,781,760,722
F,879,857,875,807,796,787,747,780,759,723
F,881,856,875,807,796,787,748,781,759,723
F,876,860,874,804,793,787,748,781,760,722
F,877,856,875,807,795,786,748,782,760,722
F,878,856,876,806,795,787,748,781,761,722
F,879,858,876,807,795,787,747,781,761,723
F,878,856,874,806,794,785,747,781,760,722
F,880,856,875,806,794,787,748,782,761,722
F,879,857,875,806,796,786,747,781,760,723
F,879,857,876,807,795,787,747,780,762,722
F,880,856,875,806,796,786,747,781,761,722
F,876,857,876,806,794,787,746,781,761,722
F,876,857,876,806,794,787,747,780,760,723
F,876,857,877,806,795,787,746,782,759,722
F,880,857,877,806,796,786,746,781,759,722
F,879,857,878,807,795,787,746,781,759,722
F,878,857,878,807,797,787,746,782,758,722
F,881,857,878,806,798,786,747,782,759,722
F,876,857,879,807,798,785,746,782,759,723
F,881,857,878,807,799,787,746,782,758,722
F,878,857,879,806,800,787,746,781,757,722
F,876,857,878,806,799,786,746,781,758,721
F,879,858,880,807,798,787,746,781,757,722
F,879,858,878,806,798,787,746,782,756,723
F,877,858,879,807,797,786,746,782,757,721
F,879,857,879,807,798,786,746,780,759,720
F,878,857,879,807,797,786,746,782,756,722
F,879,857,880,806,797,787,745,780,758,722
F,877,857,879,805,797,786,745,781,757,722
F,879,857,878,806,796,787,746,781,757,723
F,878,859,879,806,797,786,746,782,757,723
F,878,858,879,807,797,786,745,781,756,722
F,875,858,877,804,796,785,746,781,756,722
F,880,857,879,806,797,786,745,781,757,722
F,877,857,879,806,797,787,745,781,757,722
F,879,858,880,806,797,786,746,781,757,722
F,876,857,880,806,796,786,746,781,757,722
F,876,858,880,806,797,787,745,781,757,721
F,878,856,879,806,796,786,745,780,757,723
F,879,857,880,807,797,786,745,780,757,721
F,878,858,881,804,798,785,746,779,758,722
F,879,858,880,806,797,787,746,780,756,721
F,876,857,880,806,796,786,745,779,757,722
F,877,857,879,806,797,785,746,781,757,722
F,877,858,878,807,797,786,745,779,758,721
F,878,855,879,805,796,786,745,779,756,722
F,878,858,879,806,798,785,746,780,758,724
F,878,859,879,805,796,785,746,781,758,722
F,878,858,880,806,796,785,745,778,756,722
F,876,857,879,806,796,786,745,779,758,722
F,877,858,879,806,796,785,745,779,758,722
F,878,858,880,806,795,785,745,779,757,722
F,878,857,882,805,796,785,745,778,757,722
F,877,857,880,806,796,785,746,778,757,722
F,873,858,880,804,796,784,745,778,757,722
F,879,857,880,806,796,785,746,777,758,722
F,879,857,880,805,796,784,745,777,757,722
F,877,857,881,805,797,784,744,779,756,722
F,876,858,884,804,797,785,745,778,758,722
F,876,858,882,806,796,784,746,778,757,722
F,877,859,881,805,795,784,745,778,758,722
F,877,858,881,805,796,784,746,777,757,722
F,875,858,882,806,796,784,746,777,757,722
F,871,861,881,806,795,784,745,778,757,722
F,877,858,882,805,796,784,746,777,756,722
F,877,857,882,805,797,783,746,777,757,722
F,874,857,883,805,797,783,746,778,757,722
F,878,858,882,805,795,783,744,777,757,722
F,877,858,882,806,797,784,745,777,758,722
F,876,859,882,806,797,783,745,777,757,722
F,877,858,882,805,796,783,746,777,757,722
F,877,857,884,806,796,784,745,777,758,721
F,882,857,882,806,796,784,746,777,758,721
F,876,858,883,805,797,783,746,777,757,722
F,878,858,884,806,796,783,745,776,758,722
F,878,859,881,805,797,783,746,777,757,722
F,876,859,882,806,797,783,745,777,758,722
F,876,858,882,805,797,783,745,777,758,721
F,878,858,882,805,796,783,745,776,757,722
F,876,858,882,806,796,783,745,777,757,721
F,875,859,884,807,796,783,746,777,758,722
F,878,858,882,805,797,783,746,778,758,722
F,878,857,882,806,797,784,746,777,758,721
F,878,859,883,805,797,783,746,777,758,722
F,875,857,883,805,796,783,745,777,758,722
F,878,857,883,803,798,783,745,775,758,722
F,880,858,884,805,796,783,746,777,757,721
F,877,858,882,805,797,783,746,777,758,722
F,878,858,881,805,796,784,745,777,758,722
F,875,858,882,805,797,782,745,776,756,722
F,878,858,883,805,797,783,746,775,759,722
F,877,858,882,805,797,783,745,775,756,720
F,878,858,884,805,798,783,745,777,758,723
F,878,858,885,805,799,783,745,776,757,722
F,881,859,885,805,798,783,745,777,757,722
F,876,860,887,805,798,783,746,778,758,723
F,873,858,885,804,797,783,745,777,757,721
F,879,861,888,805,796,784,747,774,759,722
F,874,861,886,805,797,783,745,777,758,722
F,871,860,886,802,798,784,746,777,757,722
F,878,862,886,805,797,783,745,776,758,722
F,878,862,885,805,797,783,745,777,756,722
F,875,861,885,805,797,784,746,776,757,721
F,876,861,885,805,796,783,745,776,758,722
F,875,863,886,805,797,783,745,776,757,722
F,876,862,885,805,797,783,746,777,758,722
F,876,862,885,805,797,783,746,777,757,723
F,876,862,885,805,797,784,745,776,757,722
F,877,861,885,804,797,782,745,776,758,722
F,878,860,886,805,798,783,746,777,756,721
F,876,862,886,806,798,784,745,777,757,722
F,876,862,885,804,797,783,746,775,758,723
F,875,862,885,805,797,783,746,777,758,722
F,876,862,885,805,797,783,745,777,757,722
F,876,861,886,804,796,783,746,776,757,721
F,877,862,885,805,797,783,746,777,757,722
F,875,862,885,805,795,784,746,777,757,722
F,877,862,885,805,797,783,745,776,758,722
F,874,862,885,805,796,783,745,776,758,722
F,882,860,883,807,794,783,746,776,758,721
F,877,861,884,805,796,783,745,777,757,720
F,878,862,885,805,797,783,746,776,758,721
F,879,862,883,805,796,783,746,777,757,722
F,875,862,883,807,798,783,746,776,758,722
F,876,862,884,805,796,783,746,777,758,722
F,876,862,884,804,797,784,746,776,757,721
F,873,860,883,805,796,783,746,776,758,721
F,876,863,884,805,795,784,745,776,758,721
F,877,861,883,805,796,783,745,777,757,722
F,878,861,884,805,795,783,746,777,758,721
F,877,859,885,805,796,783,746,776,758,722
F,875,861,884,805,797,783,746,777,758,721
F,877,861,884,805,796,783,746,776,758,721
F,876,861,884,805,795,783,745,776,758,722
F,877,863,883,804,796,783,746,776,758,721
F,877,862,884,805,796,783,745,776,758,720
F,878,861,883,805,795,782,745,776,758,721
F,876,859,881,802,795,783,746,776,757,722
F,878,862,885,805,796,783,746,777,760,721
F,877,860,883,805,795,783,745,776,758,721
F,877,862,884,804,796,783,745,777,758,722
F,875,861,883,805,795,783,746,776,758,721
F,877,862,884,805,796,783,745,776,758,722
F,878,862,884,804,795,784,746,777,758,721
F,876,861,883,805,795,783,745,776,758,722
F,877,863,884,805,795,783,745,776,758,722
F,876,862,883,804,796,783,746,777,759,721
F,875,860,883,803,796,783,746,776,759,722
F,878,862,883,805,795,782,745,776,758,722
F,877,862,883,805,796,783,746,776,758,721
F,876,863,882,804,795,783,746,776,759,721
F,878,861,883,807,795,784,746,777,758,721
F,879,862,884,805,796,783,745,776,759,722
F,878,861,884,804,796,784,746,776,758,723
F,878,862,884,805,796,782,745,776,758,722
F,877,862,884,803,795,783,745,776,759,722
F,878,862,882,805,795,783,746,775,757,720
F,881,865,883,805,796,784,746,777,758,722
F,878,862,884,806,796,783,746,777,758,722
F,878,862,884,805,795,782,745,775,758,721
F,878,861,883,805,797,783,746,777,758,722
F,879,862,883,805,796,784,747,776,759,721
F,875,861,882,804,796,783,746,776,758,721
F,878,862,883,805,795,783,746,777,759,721
F,882,863,882,804,796,783,746,776,758,722
F,878,861,882,804,796,783,746,777,759,721
F,879,861,882,805,796,783,746,776,759,721
F,878,862,883,805,795,783,746,777,759,722
F,875,861,883,805,796,783,745,776,758,722
F,878,862,882,804,794,783,746,777,759,722
F,878,861,883,805,794,783,746,775,758,721
F,875,861,884,805,795,784,746,776,759,721
F,878,861,882,805,795,784,745,776,759,721
F,878,862,883,805,795,783,746,777,759,721
F,878,862,883,805,795,783,745,776,758,722
F,880,859,883,806,796,783,746,776,758,721
F,877,862,882,805,795,783,746,776,759,721
F,877,861,883,804,795,784,746,776,758,722
F,875,861,882,805,795,784,746,776,760,722
F,878,861,881,805,795,783,745,776,759,722
F,877,862,881,804,795,783,746,776,758,722
F,882,861,882,804,794,783,746,777,759,722
F,877,862,883,805,795,783,745,777,758,722
F,877,861,883,805,795,784,745,776,757,722
F,877,862,882,803,794,782,746,777,759,721
F,874,860,883,806,796,783,746,776,759,721
F,877,861,883,806,795,783,746,777,759,722
F,877,863,882,806,796,783,745,777,759,721
F,878,861,883,805,793,783,746,776,759,721
F,878,861,882,804,795,783,746,777,759,721
F,879,861,882,804,794,783,746,777,758,722
F,877,862,881,804,795,783,745,776,758,721
F,877,862,882,805,795,783,746,776,759,722
F,878,862,882,805,794,784,746,776,759,722
F,875,860,882,805,795,783,746,776,758,722
F,877,861,883,804,795,784,746,776,759,722
F,877,862,883,804,795,784,746,776,759,721
F,875,863,883,805,795,783,746,776,757,722
F,876,863,881,807,794,784,747,777,759,721
F,881,861,882,805,795,783,746,777,759,721
F,876,863,882,804,796,783,746,776,760,722
F,879,861,883,804,795,783,746,777,759,721
F,876,862,883,805,795,783,745,776,758,721
F,874,862,882,804,794,784,746,776,758,722
F,875,862,882,805,795,783,746,776,759,722
F,877,861,883,804,794,783,745,776,760,722
F,879,861,883,805,795,783,746,777,759,722
F,875,861,883,805,795,783,746,776,758,722
F,876,863,883,805,794,784,746,777,759,721
F,877,861,882,805,795,783,745,776,759,721
F,877,862,882,805,795,783,746,776,757,720
F,877,862,883,804,795,783,746,776,758,721
F,876,861,882,805,795,784,745,776,759,722
F,876,862,883,804,794,784,746,776,758,722
F,879,862,882,805,795,784,746,776,759,721
F,878,862,883,805,795,782,745,775,759,721
F,877,862,882,805,795,784,746,776,759,722
F,876,861,883,805,794,783,746,776,759,721
F,879,861,882,804,795,783,746,777,759,722
F,875,862,883,805,794,783,746,777,758,721
F,874,863,883,805,795,784,746,775,759,721
F,877,862,883,805,795,784,746,776,758,721
F,872,863,881,805,795,784,746,776,759,721
F,877,862,882,805,795,784,744,776,759,722
F,878,861,883,805,794,783,746,777,759,721
F,877,862,883,804,795,784,746,776,759,722
F,877,862,883,803,794,784,746,776,759,721
F,876,861,883,804,795,783,746,776,759,722
F,877,861,883,805,795,783,746,776,759,722
F,876,862,883,804,794,784,745,776,759,722
F,874,862,884,805,794,783,746,776,758,721
F,880,860,884,804,794,783,746,776,759,722
F,880,861,882,805,794,783,746,776,759,721
F,875,861,882,805,794,783,747,776,759,722
F,876,861,882,805,795,784,746,777,759,722
F,875,862,884,804,795,784,746,776,758,722
F,878,862,882,804,794,784,746,776,758,722
F,876,861,884,804,794,784,747,776,759,721
F,875,861,884,805,793,783,746,776,759,721
F,878,862,884,804,795,784,746,775,758,722
F,875,860,884,805,794,784,746,775,758,722
F,877,863,884,805,795,784,746,777,759,722
F,875,861,883,803,794,784,746,777,759,722
F,875,862,884,804,795,783,746,776,760,721
F,876,860,884,804,795,784,746,776,760,722
F,880,859,883,807,795,783,746,776,758,722
F,876,862,884,805,794,783,746,776,760,722
F,876,860,884,805,795,785,746,776,758,721
F,870,862,883,805,795,784,746,776,760,721
F,878,862,884,805,794,784,746,777,759,722
F,871,863,882,806,795,784,746,777,759,721
F,877,861,881,804,795,783,746,775,760,721
F,875,861,883,805,795,783,746,777,759,721
F,877,860,883,803,795,784,746,776,759,721
F,877,861,883,805,795,785,746,777,759,722
F,877,861,882,805,794,784,746,777,758,722
F,879,860,881,805,795,784,745,776,759,721
F,878,861,882,805,795,785,746,777,759,722
F,877,860,883,805,795,784,744,775,760,722
F,878,860,883,804,794,784,745,777,759,721
F,878,861,883,804,794,785,746,776,759,721
