M,937,868,919,816,880,810,866,805,884,802
M,937,868,919,816,880,810,867,805,883,802
M,937,869,919,816,883,810,866,804,883,802
M,937,868,920,815,882,810,867,805,882,802
M,937,868,919,816,882,810,866,805,883,802
M,938,868,918,816,881,810,866,804,883,802
M,937,868,919,816,880,810,865,805,884,802
M,938,869,919,816,881,810,866,805,883,802
M,937,868,919,816,881,810,866,805,883,801
M,937,868,919,816,882,810,866,805,883,802
M,937,868,919,816,882,809,866,804,883,802
M,938,869,919,816,880,810,866,804,883,802
M,937,869,919,815,881,809,867,806,884,801
M,938,868,919,817,880,810,866,804,884,801
M,938,868,919,816,881,810,866,805,884,802
M,938,868,919,816,882,809,866,805,884,802
M,937,869,919,816,882,810,866,804,883,802
M,938,869,919,816,881,808,866,805,883,802
M,937,869,920,817,881,810,866,805,884,802
M,936,868,919,817,882,810,867,806,884,801
M,937,868,919,816,881,809,866,805,883,802
M,936,867,919,817,881,810,866,805,883,802
M,938,869,920,817,882,810,868,806,882,802
M,938,867,919,815,882,810,867,804,884,801
M,938,866,919,818,883,809,868,804,882,804
M,935,867,920,817,882,811,868,805,887,805
M,938,868,919,815,880,810,869,806,884,803
M,939,869,919,818,883,811,868,805,884,803
M,938,869,919,816,880,809,867,802,883,801
M,938,868,919,815,880,810,868,806,883,802
M,935,871,918,817,882,810,867,806,882,802
M,937,865,920,815,880,811,868,804,883,803
M,935,865,919,816,879,810,868,805,883,802
M,943,869,918,816,883,808,870,806,882,803
M,939,868,919,816,881,810,868,806,881,800
M,939,867,919,817,879,810,868,806,881,802
M,938,870,919,816,879,809,867,804,880,802
M,937,868,920,815,880,810,867,805,883,803
M,939,867,920,816,880,809,867,806,884,802
M,938,868,919,816,882,810,868,805,881,802
M,938,868,919,815,881,810,867,804,879,800
M,938,877,919,819,881,810,868,805,882,801
M,937,865,921,818,880,810,867,807,881,803
M,938,867,919,816,882,809,867,804,881,802
M,940,869,919,816,882,810,867,804,881,802
M,935,869,920,816,881,812,868,804,884,803
M,937,869,919,816,882,810,868,805,883,802
M,939,865,920,816,880,810,868,805,882,801
M,939,867,918,816,882,810,866,806,881,801
M,939,873,921,815,882,807,866,809,883,802
M,936,869,920,815,882,808,867,805,882,802
M,938,866,920,816,879,809,867,804,885,803
M,937,866,919,817,881,809,868,805,882,802
M,937,865,918,817,881,811,866,805,882,801
M,939,866,919,817,881,809,867,805,881,801
M,939,868,918,816,880,809,867,806,884,801
M,935,869,919,816,881,809,867,804,883,802
M,939,868,919,815,883,810,866,805,883,802
M,935,872,920,816,882,809,868,805,881,801
M,938,867,919,818,884,811,868,805,883,801
M,939,868,919,816,882,810,868,805,883,803
M,937,862,918,816,882,809,868,804,883,803
M,939,867,919,816,881,810,868,806,882,802
M,939,868,919,816,881,811,869,808,882,800
M,938,868,919,815,882,809,867,804,882,802
M,935,872,918,814,881,810,866,805,881,802
M,936,870,918,815,878,810,866,803,881,802
M,936,866,918,815,882,809,866,805,881,803
M,935,868,920,816,880,809,867,804,881,801
M,938,867,918,816,881,809,868,805,882,801
M,939,865,920,814,882,809,865,804,882,800
M,935,866,919,816,882,808,867,805,881,801
M,939,864,919,816,883,809,868,806,881,801
M,939,866,918,815,883,808,867,803,880,800
M,936,866,918,814,885,809,867,805,879,802
M,936,868,918,818,886,811,866,803,884,801
M,936,866,918,815,882,808,868,804,882,802
M,939,869,919,816,884,809,867,804,884,803
M,941,864,920,814,883,809,867,803,879,802
M,939,868,919,816,882,807,868,804,882,801
M,940,869,918,817,882,809,867,804,882,801
M,937,869,919,816,883,806,867,804,880,802
M,939,869,917,816,884,809,867,805,882,800
M,936,868,919,815,885,809,871,801,884,800
M,936,867,919,814,884,809,867,805,881,801
M,935,869,918,814,882,807,867,805,884,802
M,939,865,919,814,883,808,867,803,884,803
M,935,865,917,817,885,808,867,805,883,802
M,937,869,920,816,884,809,867,804,881,804
M,937,867,920,816,882,808,867,803,880,802
M,937,863,917,814,882,808,868,804,879,801
M,936,866,918,817,884,810,866,806,881,802
M,938,871,917,815,881,808,866,806,883,800
M,935,870,919,816,884,807,867,804,881,801
M,935,868,918,815,882,808,867,804,881,797
M,925,869,918,815,882,809,868,804,882,800
M,938,868,920,815,881,808,867,806,880,800
M,936,865,919,815,882,808,866,803,882,801
M,933,868,918,815,882,807,867,804,881,800
M,936,869,918,815,883,807,867,799,874,804
M,938,867,919,815,881,809,868,804,880,801
M,936,871,916,811,878,808,867,805,879,800
M,935,867,919,814,882,809,868,806,882,801
M,938,869,918,815,882,807,869,804,880,800
M,934,866,918,815,884,809,869,803,879,800
M,935,867,918,814,882,808,870,805,882,801
M,938,868,918,815,882,808,869,804,883,802
M,937,866,919,814,882,806,869,802,883,800
M,939,873,921,820,879,811,869,803,884,801
M,936,865,919,814,882,807,868,804,882,800
M,936,868,919,815,883,806,868,804,881,800
M,938,868,919,816,883,809,868,803,880,799
M,939,866,918,814,883,809,869,805,882,801
M,936,867,919,814,882,809,869,804,880,801
M,939,868,917,816,882,810,868,804,883,800
M,937,866,918,815,882,808,869,804,881,800
M,938,865,919,814,882,809,868,804,882,800
M,938,866,918,814,882,807,870,806,881,801
M,937,869,919,814,884,808,869,805,880,801
M,938,867,918,815,884,808,873,808,884,801
M,936,865,919,814,882,808,870,804,881,800
M,941,866,919,814,882,807,870,805,883,801
M,938,868,918,815,883,810,869,804,882,798
M,935,865,919,816,883,809,870,803,881,800
M,935,869,919,816,881,808,871,805,883,801
M,935,869,917,816,884,809,872,805,881,799
M,937,867,919,815,881,808,871,806,883,803
M,938,866,918,815,881,809,873,805,884,801
M,936,867,919,816,883,809,871,805,883,800
M,936,867,920,814,881,807,870,805,882,800
M,934,869,918,814,881,809,871,803,881,800
M,932,861,921,811,880,808,872,805,883,801
M,938,866,919,815,882,808,871,804,885,801
M,937,868,918,814,883,809,872,806,883,801
M,936,866,918,815,882,808,872,803,882,800
M,937,868,919,815,884,808,871,805,889,805
M,937,867,919,815,880,809,872,806,882,799
M,935,868,919,815,881,807,870,804,883,800
M,935,868,918,814,881,808,871,805,883,801
M,938,870,920,816,881,809,871,807,885,802
M,938,865,918,815,880,808,871,803,883,801
M,937,868,919,815,881,808,871,809,885,799
M,939,870,918,816,883,808,871,803,882,802
M,938,867,917,812,885,809,872,805,883,800
M,937,868,919,814,882,808,870,805,882,801
M,938,866,919,815,881,807,871,805,882,799
M,937,866,919,815,880,808,872,806,881,800
M,936,867,919,814,880,806,869,803,885,802
M,936,870,918,815,881,807,871,805,882,799
M,938,869,919,815,880,807,871,803,881,799
M,939,868,918,815,882,809,871,805,884,801
M,941,867,920,814,884,809,871,805,884,800
M,938,866,918,815,881,807,868,806,884,800
M,937,868,918,815,881,808,871,805,884,802
M,938,866,919,814,881,809,871,804,882,800
M,936,869,918,813,880,808,871,805,883,801
M,936,868,919,814,881,809,871,805,883,801
M,935,864,917,814,881,808,870,805,881,800
M,938,868,920,813,881,807,871,803,880,801
M,936,867,919,814,880,808,870,805,882,800
M,938,866,919,815,883,806,872,807,882,801
M,934,868,918,816,879,809,871,804,883,801
M,938,868,919,813,882,809,870,804,883,801
M,936,866,918,814,883,806,870,806,882,799
M,935,869,919,814,881,808,870,804,884,801
M,941,871,919,814,883,808,870,805,882,800
M,937,866,917,815,880,808,870,803,882,799
M,935,867,919,814,883,804,871,805,883,800
M,935,866,918,816,879,807,870,803,882,801
M,937,868,918,815,880,808,869,804,881,800
M,933,871,919,816,881,807,869,805,883,800
M,938,866,918,814,880,807,869,805,880,800
M,935,869,918,816,881,808,870,803,882,800
M,937,865,919,814,882,807,869,803,882,800
M,937,869,918,815,882,807,869,805,881,801
M,938,869,915,815,886,806,868,806,884,800
M,938,867,919,814,880,808,869,804,880,799
M,935,868,919,814,882,808,870,806,879,800
M,940,870,918,813,880,807,870,804,883,801
M,941,868,916,815,884,807,869,804,882,800
M,939,869,919,815,881,808,870,803,881,799
M,936,868,919,814,881,807,870,804,880,800
M,931,867,918,814,881,808,869,805,882,801
M,938,867,918,814,880,808,870,805,883,801
M,937,868,919,815,881,808,869,803,882,800
M,935,863,921,816,879,807,868,800,882,800
M,935,868,919,815,881,807,868,804,881,801
M,926,876,916,813,880,808,870,805,883,800
M,935,865,918,814,882,808,869,805,880,800
M,936,868,920,815,882,807,868,803,881,800
M,938,870,919,814,880,807,869,804,884,799
M,943,859,919,815,880,808,870,805,881,800
M,939,871,918,816,878,806,869,806,881,800
M,935,868,917,815,881,807,870,803,879,801
M,935,868,918,814,881,808,869,803,880,801
M,936,867,919,811,880,808,870,803,883,801
M,935,870,919,811,885,808,869,804,880,800
M,937,869,918,815,878,807,868,803,883,802
M,936,867,919,814,879,807,870,804,880,801
M,939,869,918,815,880,807,870,807,879,796
M,936,868,918,817,877,805,871,803,884,802
M,935,866,918,813,881,808,869,804,883,802
M,939,869,918,813,879,808,870,807,882,801
M,936,865,917,813,881,807,868,804,881,800
M,937,868,919,814,881,807,869,804,881,800
M,934,877,919,810,880,806,870,804,882,800
M,938,870,919,814,881,808,869,803,883,801
M,939,868,917,814,882,807,869,805,882,800
M,937,865,917,811,878,810,868,808,881,800
M,941,866,918,815,882,807,869,805,882,801
M,934,866,918,814,880,807,868,803,882,801
M,936,868,919,815,879,808,869,804,880,801
M,938,868,918,815,883,807,870,802,883,800
M,936,859,917,815,881,807,868,803,880,800
M,938,870,918,814,881,807,867,804,882,800
M,939,867,918,814,880,808,869,805,877,802
M,937,869,918,814,881,806,869,804,880,801
M,938,864,919,816,882,807,869,802,880,799
M,939,863,917,816,880,807,869,804,882,801
M,937,867,918,815,882,808,868,803,881,799
M,937,865,918,814,880,809,866,801,879,803
M,938,865,919,815,882,807,867,803,880,800
M,935,869,918,815,881,807,866,805,879,798
M,937,867,918,813,880,807,869,803,881,801
M,939,870,917,814,881,808,868,802,883,802
M,938,867,916,815,882,808,868,804,881,801
M,938,868,918,815,881,807,867,803,879,801
M,936,864,918,814,882,808,869,804,884,800
M,937,869,919,814,880,807,868,803,882,801
M,935,866,917,815,880,806,867,803,882,801
M,938,870,917,813,881,807,869,803,881,801
M,935,866,918,814,879,808,868,803,880,800
M,937,864,915,812,883,805,868,806,881,800
M,935,869,918,815,880,807,866,801,877,802
M,933,867,919,815,879,807,869,802,880,801
M,935,867,917,813,880,808,868,802,882,801
M,938,868,918,814,881,808,866,803,882,800
M,938,867,918,816,882,807,867,802,879,801
M,937,872,918,813,881,806,869,802,881,800
M,943,874,916,816,884,809,869,802,881,801
M,937,867,919,814,885,806,867,804,881,801
M,937,866,917,815,879,807,868,804,881,801
M,936,864,918,814,878,806,869,804,881,801
M,934,865,918,815,883,805,869,803,883,801
M,936,865,918,813,881,805,868,805,883,801
M,937,867,917,813,883,807,869,803,884,803
M,934,868,917,815,884,807,868,803,881,801
M,937,870,917,814,882,808,867,801,883,799
M,938,869,918,813,882,807,868,804,882,800
M,934,869,917,813,882,807,868,803,882,800
M,933,868,917,814,883,807,869,804,880,798
M,934,865,918,814,882,806,868,803,882,802
M,935,866,917,814,882,807,868,803,883,801
M,938,864,919,816,883,806,867,801,882,801
M,936,869,918,815,881,807,869,803,883,801
M,936,868,919,815,883,808,867,804,883,801
M,937,867,918,813,881,807,869,803,884,802
M,935,864,917,814,880,806,868,804,880,801
M,935,867,918,815,882,806,868,804,882,801
M,937,867,918,815,882,807,868,801,883,800
M,939,861,917,814,880,807,868,802,883,801
M,937,865,917,813,881,806,867,803,883,802
M,934,866,918,814,880,808,867,803,882,799
M,938,866,918,814,882,806,868,802,881,801
M,939,868,916,814,878,808,869,803,881,800
M,934,866,916,814,880,806,868,804,881,801
M,938,867,918,815,880,806,867,802,884,801
M,937,867,918,814,881,807,867,804,884,802
M,938,865,919,813,880,807,867,802,883,801
M,937,868,918,815,881,807,868,802,881,801
M,938,865,917,813,880,808,868,804,881,801
M,937,867,918,814,882,807,866,806,876,804
M,939,865,917,815,879,807,867,802,882,802
M,936,867,918,814,881,808,868,804,883,800
M,937,867,918,815,881,808,867,807,880,798
M,938,865,917,815,880,806,867,802,883,800
M,938,866,917,815,880,807,867,804,883,799
M,938,866,919,814,881,807,867,804,883,799
M,938,859,919,813,882,806,867,803,884,801
M,937,865,919,814,881,806,868,804,883,801
M,936,867,919,814,882,807,868,802,882,801
M,934,865,918,815,882,807,868,801,882,799
M,935,865,917,814,883,807,868,802,880,801
M,928,867,917,815,880,807,868,803,880,801
M,931,864,919,815,883,805,868,803,881,800
M,939,866,919,814,881,807,868,804,881,801
M,937,864,918,813,883,807,866,803,881,800
M,938,864,919,814,881,807,868,804,882,800
M,936,868,918,815,881,807,868,803,883,800
M,932,866,917,814,883,807,867,803,881,801
M,935,865,918,814,880,807,868,804,883,800
M,936,871,917,815,878,806,866,802,882,800
M,936,867,918,814,882,806,869,804,879,803
M,935,867,918,814,880,806,867,800,882,802
M,937,865,917,811,880,806,868,802,881,800
M,936,864,918,814,883,807,867,803,884,800
M,937,869,916,812,883,807,867,802,883,800
M,936,867,918,813,883,808,868,802,880,800
M,940,868,917,815,883,807,868,803,883,801
M,935,867,919,814,883,807,866,803,883,799
M,935,869,918,814,882,807,868,801,881,801
M,935,866,918,814,881,807,867,804,883,801
M,937,865,917,813,882,807,867,801,882,799
M,936,864,917,813,882,806,867,803,880,802
M,941,873,920,817,881,805,867,803,880,801
M,937,867,918,813,883,807,867,803,883,800
M,938,870,914,813,881,806,867,805,881,800
M,936,867,918,814,882,807,868,802,882,801
M,933,875,918,813,882,807,867,802,882,801
M,935,868,917,813,880,807,868,801,882,798
M,937,866,919,814,881,807,867,803,881,800
M,935,867,918,815,882,807,868,804,882,801
M,936,867,919,814,881,807,868,804,882,801
M,935,870,919,816,879,804,864,801,882,801
M,938,866,918,814,881,807,867,804,881,801
M,937,867,919,812,881,808,867,803,884,801
M,938,865,918,815,881,807,868,804,881,799
M,937,865,917,813,881,807,867,802,880,802
M,937,868,918,815,881,807,868,803,882,801
M,935,867,918,814,882,807,869,803,883,802
M,934,859,919,814,883,807,867,803,883,800
M,934,865,918,813,881,808,867,802,881,801
M,931,860,915,817,881,806,868,803,881,801
M,937,865,917,813,883,808,866,804,883,799
M,937,868,918,815,883,806,868,800,884,802
M,934,864,917,814,881,807,867,803,882,800
M,938,867,917,815,881,808,867,803,883,801
M,938,867,918,813,881,806,867,803,881,801
M,937,868,918,814,880,806,865,801,883,797
M,935,865,918,813,881,807,867,804,882,802
M,939,868,917,815,881,806,867,804,882,802
M,938,866,918,813,882,808,866,802,881,802
M,937,866,917,813,882,807,867,803,882,801
M,939,868,919,812,882,807,868,803,882,801
M,935,866,917,813,882,807,867,805,880,802
M,936,865,918,813,881,808,868,804,881,800
M,939,868,918,814,883,806,866,803,882,800
M,927,869,918,813,883,807,868,803,880,801
M,935,866,919,814,883,807,867,802,883,800
M,937,867,917,814,880,806,867,803,882,800
M,934,863,917,811,881,807,868,802,884,799
M,937,866,918,813,882,808,868,802,882,801
M,934,864,918,814,882,807,869,802,882,799
M,941,871,917,811,875,804,865,802,882,800
M,936,863,917,814,882,807,867,804,883,800
M,934,865,918,814,881,808,868,802,880,799
M,938,866,917,814,881,808,867,803,882,800
M,937,864,918,815,882,807,867,803,880,801
M,935,858,918,815,882,807,867,802,882,801
M,938,867,917,813,882,808,867,803,881,799
M,936,867,917,812,882,806,868,803,879,802
M,935,867,918,813,881,805,867,802,882,801
M,934,867,918,814,881,806,867,801,885,800
M,936,864,917,813,882,807,868,802,882,800
M,935,865,915,813,883,808,867,803,881,799
M,936,865,917,815,882,807,868,803,881,801
M,935,870,918,817,881,807,868,803,882,799
M,938,864,917,814,883,807,867,802,883,800
M,935,867,914,813,881,807,868,801,881,800
M,936,864,918,814,882,806,867,804,880,800
M,937,872,916,815,883,806,867,802,882,801
M,935,865,918,815,879,805,868,803,879,800
M,935,864,917,814,881,806,867,803,882,799
M,937,867,918,815,881,807,867,801,882,800
M,932,862,919,815,883,807,867,803,881,800
M,935,865,918,814,883,807,868,803,882,800
M,935,865,918,814,881,808,866,802,881,800
M,933,869,918,813,882,806,867,803,882,799
M,936,866,918,815,883,807,867,803,882,801
M,935,867,917,813,883,805,867,804,883,800
M,936,865,918,813,883,808,867,798,878,801
M,937,866,917,814,882,807,867,803,881,799
M,936,865,918,814,882,807,867,802,883,800
M,934,868,918,814,882,807,869,804,881,799
M,936,863,918,815,879,807,868,803,882,802
M,934,868,916,813,883,808,868,801,881,801
M,935,868,917,815,882,807,868,804,881,801
M,936,865,917,815,883,808,867,801,881,800
M,934,866,917,814,882,808,867,803,883,800
M,936,866,918,815,883,807,867,803,879,799
M,934,867,919,811,881,808,866,802,879,801
M,938,868,918,813,880,806,867,802,881,800
M,936,865,919,813,881,807,866,802,879,802
M,934,867,918,814,881,806,868,801,883,801
M,936,866,918,815,881,807,866,802,881,800
M,940,863,918,814,881,807,867,803,881,801
M,934,865,917,813,881,806,867,802,882,800
M,937,863,918,814,883,807,868,803,882,800
M,942,871,914,814,882,807,868,803,881,800
M,942,863,916,816,879,809,867,802,880,801
M,938,866,917,814,882,807,867,803,883,801
M,933,867,918,815,883,806,868,802,882,799
M,933,864,915,813,883,808,867,801,883,800
M,935,865,919,813,881,806,868,804,881,801
M,934,866,918,814,881,807,868,801,882,799
M,933,867,918,814,880,807,867,801,882,799
M,938,867,919,815,883,807,867,803,881,799
M,939,868,918,815,881,805,867,801,881,800
M,934,866,918,815,882,807,869,803,875,797
M,943,865,918,814,881,808,867,803,881,800
M,934,868,917,813,882,807,867,804,882,799
M,937,868,918,814,882,808,867,803,883,802
M,934,865,918,813,883,807,866,803,882,801
M,935,869,917,812,877,808,869,802,881,801
M,937,864,918,814,882,807,867,804,882,801
M,935,864,915,815,881,807,868,803,881,800
M,933,863,917,814,882,808,868,804,881,800
M,935,869,919,812,882,808,868,803,883,801
M,935,864,918,814,880,807,867,802,881,801
M,935,866,918,813,881,806,868,802,882,800
M,937,875,919,814,882,806,868,803,882,799
M,934,864,918,814,882,807,867,802,881,800
M,936,864,917,814,883,809,864,807,881,801
M,935,866,917,814,880,805,868,804,881,802
M,935,867,918,814,882,808,868,802,880,801
M,939,864,916,814,882,806,867,802,881,800
M,936,864,919,815,880,806,864,803,881,800
M,933,867,918,813,880,806,868,802,881,800
M,934,867,918,813,882,807,868,803,883,801
M,937,868,918,814,877,805,868,804,878,801
M,936,866,918,814,881,807,867,803,883,800
M,937,868,918,814,880,807,868,802,882,801
M,928,863,918,814,879,806,868,804,882,800
M,936,866,918,813,881,808,867,802,881,800
M,937,864,918,815,883,807,868,802,884,799
M,936,863,917,813,882,807,868,804,883,800
M,935,871,919,818,880,807,868,803,882,800
M,938,865,918,812,880,806,868,804,882,802
M,935,868,919,812,879,806,867,803,883,801
M,937,864,916,813,880,807,867,803,881,801
M,935,864,917,813,879,807,869,805,885,798
M,928,868,919,813,881,806,868,804,881,799
M,936,867,917,814,881,807,867,804,882,800
M,936,866,918,814,880,807,868,803,882,800
M,938,865,917,814,884,806,865,804,882,803
M,938,865,918,813,881,806,868,803,882,800
M,936,866,918,814,881,807,867,805,882,798
M,937,867,918,813,880,807,868,802,883,800
M,938,865,918,814,879,806,867,803,881,800
M,939,867,917,815,880,806,866,802,881,801
M,938,865,918,814,881,807,868,802,882,798
M,938,867,918,814,881,807,866,803,882,800
M,937,866,917,810,881,807,867,801,880,799
M,937,867,917,814,881,807,865,802,881,801
M,932,864,916,815,881,808,867,804,881,800
M,935,865,917,813,882,809,868,803,879,801
M,939,864,916,815,882,808,868,802,881,801
M,937,867,918,814,879,806,866,798,879,799
M,935,864,917,814,881,807,867,804,883,800
M,945,868,918,814,881,807,867,802,882,800
M,942,858,918,813,880,808,867,802,881,800
M,939,864,917,813,882,807,867,802,882,799
M,939,865,917,812,881,807,868,801,883,801
M,935,864,918,814,883,810,870,803,880,800
M,937,868,918,815,879,807,867,806,880,800
M,937,864,919,813,879,806,867,804,880,801
M,937,864,918,814,881,807,868,803,883,799
M,938,866,917,814,881,806,867,800,881,801
M,930,869,918,814,881,807,867,801,882,800
M,935,864,917,815,881,807,867,804,883,801
M,933,869,918,813,880,806,867,804,882,800
M,933,865,918,814,881,807,867,802,880,800
M,933,863,916,815,879,808,867,803,883,800
M,937,857,915,814,879,806,866,801,880,800
M,937,865,918,815,881,807,867,800,881,799
M,935,865,917,814,881,806,867,801,882,801
M,937,866,917,816,883,808,865,799,881,799
M,935,868,918,814,881,806,867,804,883,800
M,938,865,917,814,880,805,868,804,884,799
M,938,867,916,814,880,807,868,803,881,800
M,939,863,918,815,881,806,866,804,881,799
M,937,863,917,813,881,806,868,803,881,802
M,934,868,917,815,879,805,867,801,881,799
M,935,866,918,814,881,807,867,804,880,800
M,934,866,916,813,880,806,867,803,881,797
M,934,867,917,812,881,807,867,802,881,800
M,933,864,917,812,884,804,869,803,882,800
M,934,864,918,814,883,806,868,803,882,801
M,937,865,918,813,881,807,867,805,882,800
M,936,863,919,813,880,808,867,801,883,799
M,936,865,918,812,879,806,868,803,881,800
M,938,867,918,815,881,806,868,802,880,799
M,937,867,917,815,881,808,867,802,883,800
M,939,867,918,814,879,806,867,803,879,802
M,937,868,919,814,880,807,867,802,881,800
M,936,863,917,814,881,806,867,803,882,800
M,935,862,917,812,880,807,868,801,880,800
M,946,870,918,813,881,806,868,803,881,800
M,936,865,917,813,879,806,867,804,883,800
M,936,863,918,814,882,807,866,804,883,800
M,934,866,917,817,879,807,869,806,877,800
M,937,864,918,813,880,806,868,802,883,800
M,936,862,916,812,883,806,868,803,879,800
M,937,865,918,813,881,807,867,804,880,799
M,934,863,917,812,881,807,868,800,876,800
M,936,867,918,813,881,807,868,801,876,799
M,933,867,917,815,882,808,867,802,880,801
M,941,862,920,814,881,807,868,804,882,801
M,934,868,917,813,881,806,868,802,881,800
M,934,865,918,811,879,805,866,802,883,799
M,932,865,917,814,881,807,868,801,883,801
M,936,866,917,813,881,807,867,804,881,800
M,932,869,920,813,880,807,868,802,882,800
M,937,864,918,814,879,807,868,804,880,799
M,936,863,918,814,879,807,866,801,882,799
M,937,867,918,814,880,807,866,803,881,801
M,938,865,918,814,881,806,867,802,880,800
M,930,861,917,813,881,808,867,801,882,801
M,937,863,918,814,880,807,867,803,879,799
M,937,866,917,813,882,806,866,804,881,799
M,937,865,917,814,881,807,867,802,880,800
M,934,865,917,814,880,807,867,803,885,799
M,927,860,917,813,881,807,868,802,882,801
M,934,865,918,813,880,807,867,804,880,800
M,938,863,917,814,882,805,866,801,881,799
M,934,867,918,814,879,810,868,804,883,798
M,935,864,917,814,881,807,867,802,882,800
M,936,867,916,814,880,807,867,801,882,802
M,935,863,919,813,879,807,867,802,881,800
M,937,865,917,813,881,806,867,803,881,800
M,935,867,918,812,880,806,867,798,879,800
M,933,868,918,813,879,807,867,804,881,799
M,937,868,917,812,881,806,868,803,880,800
M,935,865,918,813,880,806,867,803,881,800
M,933,867,917,813,880,807,868,802,881,799
M,938,863,917,813,880,806,868,803,880,800
M,936,864,917,814,881,806,866,801,882,799
M,938,863,918,814,880,808,866,803,880,800
M,938,863,916,813,881,807,868,804,879,800
M,934,864,918,813,881,806,867,803,880,799
M,934,866,916,814,880,806,867,802,880,800
M,937,863,917,814,880,808,868,804,884,799
M,934,864,917,813,880,807,868,803,882,800
M,934,864,918,814,880,807,868,805,879,799
M,939,866,918,814,880,806,867,802,880,799
M,934,863,918,815,882,808,867,803,883,799
M,935,875,917,813,881,805,867,804,882,800
M,935,866,918,814,880,806,868,803,882,800
M,939,864,916,814,880,808,867,802,878,800
M,935,866,917,813,881,807,867,802,882,800
M,934,867,917,813,883,807,865,801,882,800
M,937,864,917,813,881,807,868,803,880,801
M,934,864,918,813,881,806,867,803,880,801
M,935,863,917,814,882,806,867,803,884,799
M,936,866,918,812,881,808,866,804,881,801
M,937,867,917,813,880,807,867,803,879,799
M,936,865,918,815,881,806,866,802,882,799
M,934,863,918,814,881,807,867,803,883,798
M,934,865,917,814,882,809,865,803,881,798
M,936,867,917,814,881,808,867,803,880,799
M,934,864,919,812,879,807,867,802,882,800
M,936,864,918,812,881,806,867,801,880,799
M,933,867,918,813,880,807,867,804,883,799
M,933,865,917,813,880,807,868,804,881,800
M,937,866,917,815,880,808,867,801,881,800
M,937,866,918,814,881,807,868,803,880,800
M,935,865,918,812,882,808,868,803,881,799
M,934,863,918,813,880,808,867,804,881,801
M,935,867,919,813,882,807,868,803,882,799
M,933,865,919,814,881,806,867,804,881,800
M,937,867,916,813,882,807,868,804,881,800
M,934,868,916,812,881,805,864,806,881,801
M,936,864,918,813,881,808,868,802,882,801
M,933,863,915,812,881,806,868,802,882,800
M,935,864,918,811,883,807,867,803,879,798
M,937,863,919,810,881,807,867,801,881,799
M,936,869,916,816,881,806,868,807,882,801
M,936,866,918,814,879,803,869,805,884,797
M,936,867,918,813,882,807,868,802,882,800
M,933,862,917,813,881,807,867,804,882,800
M,933,865,917,814,881,808,867,804,881,800
M,939,867,920,812,880,807,868,803,880,800
M,935,867,918,814,881,806,867,802,881,801
M,934,863,917,814,882,807,867,804,879,801
M,938,862,918,814,881,808,867,804,881,801
M,936,863,918,814,880,807,867,803,880,800
M,938,863,917,813,883,806,867,803,882,799
M,938,867,917,817,880,805,866,800,882,800
M,937,862,919,814,880,808,866,803,882,799
M,934,865,917,813,881,808,868,803,881,800
M,933,864,917,813,879,807,867,802,880,800
M,937,864,917,814,882,805,868,802,880,800
M,936,867,917,814,881,807,867,804,882,801
M,935,865,918,815,880,806,868,804,881,800
M,934,865,918,814,882,807,869,805,879,799
M,936,863,917,814,880,807,868,802,882,800
M,938,865,918,813,881,806,867,803,883,800
M,935,865,918,813,879,807,867,802,880,799
M,937,864,918,814,880,807,867,803,882,801
M,935,862,916,812,882,807,867,804,881,801
M,935,864,917,814,881,806,867,802,881,800
M,934,865,918,812,880,807,868,803,881,800
M,937,864,917,814,880,805,868,804,878,801
M,933,868,917,813,880,807,867,803,882,799
M,937,865,918,813,882,807,867,801,881,799
M,936,866,917,814,879,807,865,805,880,799
M,930,866,917,814,880,807,866,802,880,799
M,937,867,917,814,881,807,867,802,882,799
M,934,865,918,814,879,807,868,805,884,801
M,934,863,918,813,879,807,868,802,881,801
M,935,862,918,811,879,808,867,803,877,802
M,936,861,918,813,880,807,867,804,882,800
M,938,863,916,813,881,808,866,803,882,799
M,937,863,917,813,881,806,868,804,880,800
M,932,860,917,815,880,807,868,804,883,800
M,935,864,916,814,877,808,866,805,886,800
M,935,866,920,814,880,806,866,804,881,800
M,934,866,917,813,880,807,867,803,883,799
M,938,867,917,813,882,808,867,803,880,801
M,933,865,919,814,880,806,867,803,881,800
M,934,867,917,814,881,807,867,803,882,800
M,934,868,916,815,879,807,867,804,882,801
M,937,863,915,814,881,806,867,804,883,799
M,934,865,917,813,881,807,866,803,882,800
M,935,862,917,814,882,807,868,804,882,800
M,933,863,918,812,880,807,868,804,881,800
M,937,863,918,814,878,807,867,804,879,797
M,934,865,917,813,881,807,866,803,882,800
M,933,864,917,814,880,807,868,804,883,800
M,936,865,917,813,881,807,868,803,880,799
M,942,863,918,812,880,807,868,803,881,799
M,939,863,918,812,882,807,867,803,880,799
M,937,865,917,813,879,806,867,801,880,801
M,934,865,917,814,880,808,867,802,881,800
M,937,863,917,813,879,806,867,805,881,800
M,940,862,919,813,880,807,867,803,881,799
M,935,865,917,814,879,806,867,802,881,800
M,937,867,917,813,880,807,866,803,882,800
M,936,864,918,813,879,807,867,803,880,799
M,934,863,917,813,879,808,868,805,883,799
M,929,864,916,814,881,806,867,803,881,800
M,934,865,917,813,880,806,867,803,883,798
M,935,864,918,813,881,806,867,802,882,799
M,935,866,918,814,881,804,865,800,884,798
M,935,863,916,812,881,807,868,803,882,799
M,935,863,918,814,879,807,867,803,882,800
M,933,864,915,814,881,806,868,804,880,799
M,933,863,917,814,881,807,868,804,881,799
M,933,865,918,813,881,807,867,803,880,800
M,936,862,917,814,880,806,868,804,878,801
M,936,865,918,814,880,807,867,802,880,801
M,938,868,917,812,882,806,868,804,880,801
M,937,862,918,813,881,806,867,802,882,799
M,935,863,916,812,878,807,867,804,882,799
M,934,864,918,815,880,808,867,802,880,800
M,936,866,919,814,879,806,869,802,881,802
M,941,863,918,814,880,807,867,802,881,800
M,937,866,917,813,883,806,867,803,881,800
M,936,865,917,814,879,806,866,804,879,800
M,937,866,916,814,880,807,868,804,883,799
M,933,865,918,813,881,807,866,804,881,800
M,936,865,917,813,880,805,868,804,881,800
M,934,862,918,815,881,807,866,803,880,801
M,935,864,915,810,878,807,867,803,881,800
M,935,865,917,814,879,806,868,803,882,799
M,936,866,918,813,881,806,868,803,882,800
M,937,863,917,814,880,808,867,803,880,800
M,932,864,917,813,881,807,866,804,880,800
M,933,865,916,813,880,806,869,805,882,802
M,936,863,919,814,880,806,868,805,881,798
M,935,866,916,814,880,807,866,805,884,800
M,937,863,918,814,882,807,868,802,882,798
M,933,866,916,814,881,807,868,802,882,800
M,936,865,916,814,880,807,867,803,880,801
M,937,866,918,813,879,808,869,804,880,798
M,937,865,918,812,881,808,867,805,880,801
M,937,866,917,814,881,807,867,805,883,798
M,936,866,918,813,879,807,867,804,880,800
M,933,856,918,812,881,807,868,804,880,799
M,935,866,918,814,881,807,868,803,881,799
M,933,863,917,814,882,806,868,804,881,799
M,934,864,917,814,881,807,868,803,880,800
M,933,864,917,813,880,807,867,803,882,799
M,933,863,917,813,880,806,868,802,879,801
M,933,869,917,814,879,806,866,802,880,799
M,935,865,916,814,882,806,868,804,879,800
M,937,862,917,814,881,807,867,802,882,800
M,935,860,913,811,882,809,869,805,879,799
M,937,864,918,813,880,808,868,803,876,797
M,934,862,916,814,880,808,868,802,881,800
M,935,862,917,813,880,806,867,803,883,798
M,936,866,918,813,881,807,867,803,882,800
M,938,868,916,813,882,808,866,803,882,801
M,936,864,917,812,880,806,867,803,880,799
M,943,865,917,812,882,807,867,804,881,800
M,937,865,918,814,879,807,867,802,880,799
M,936,866,917,813,881,806,868,804,880,800
M,936,862,917,814,881,807,867,803,884,801
M,936,865,917,812,881,808,869,802,881,799
M,936,865,917,812,881,807,868,803,880,800
M,938,865,917,814,881,807,867,804,881,800
M,933,865,915,813,881,807,867,804,882,800
M,937,861,919,814,879,805,868,803,879,799
M,937,865,917,812,884,806,869,808,880,799
M,938,865,918,814,880,807,867,803,882,800
M,934,862,917,813,880,809,866,801,882,800
M,935,865,917,812,881,806,868,802,881,801
M,937,864,917,813,880,807,868,802,882,800
M,938,861,918,813,880,806,868,804,880,799
M,933,863,919,813,881,807,867,803,881,799
M,934,864,916,814,881,808,868,802,882,799
M,935,865,917,813,879,808,865,802,879,802
M,933,863,917,813,878,807,867,803,880,801
M,932,861,915,810,876,806,867,804,880,799
M,937,865,917,811,881,807,867,804,882,800
M,937,867,918,814,880,806,868,804,881,801
M,945,867,919,812,882,807,868,803,880,800
M,939,865,917,814,882,806,867,802,880,800
M,937,864,916,813,881,806,868,802,881,800
M,934,863,917,815,881,808,868,803,881,801
M,938,864,919,812,880,805,868,803,881,799
M,935,866,917,814,881,807,867,802,881,800
M,935,867,918,813,881,808,868,802,881,801
M,933,864,916,813,881,807,866,804,882,800
M,937,871,918,811,883,808,867,804,882,800
M,934,862,918,813,880,806,868,802,882,800
M,935,865,916,813,881,807,866,803,882,799
M,926,866,914,816,876,805,867,804,881,799
M,936,865,917,812,881,807,868,804,882,799
M,936,865,918,814,884,807,867,806,880,799
M,933,865,917,813,879,806,868,802,879,801
M,934,864,918,812,880,807,867,805,882,800
M,937,865,917,814,879,806,867,802,881,800
M,938,864,917,815,882,808,867,804,881,800
M,934,867,917,813,882,806,867,803,883,799
M,934,863,917,813,880,807,867,803,883,799
M,938,866,915,812,880,808,867,802,881,800
M,934,862,918,814,880,806,867,804,880,798
M,937,866,917,812,881,806,868,804,881,798
M,935,870,916,812,883,803,866,803,881,799
M,936,865,916,811,884,809,867,802,877,796
M,937,861,918,814,878,808,868,803,881,800
M,937,864,917,812,881,807,867,803,882,800
M,938,871,917,812,882,806,866,802,882,797
M,933,864,917,814,880,804,865,799,888,802
M,935,865,916,813,881,807,866,802,879,801
M,934,864,918,808,877,808,864,802,882,801
M,935,867,918,813,879,807,867,804,880,800
M,936,864,918,813,881,808,868,805,879,795
M,934,863,918,814,882,807,868,803,881,800
M,936,865,917,812,882,807,868,803,881,796
M,934,864,917,813,880,807,867,804,882,800
M,936,867,919,810,882,807,867,803,882,799
M,930,866,916,813,881,806,867,802,882,799
M,936,868,917,813,882,807,867,802,880,801
M,935,863,918,813,880,806,869,805,875,795
M,936,864,917,813,880,807,867,803,880,798
M,937,865,917,813,880,806,867,803,881,800
M,936,866,917,812,880,808,868,804,881,799
M,938,865,917,813,881,808,866,803,882,799
M,927,865,916,813,881,806,867,803,882,799
M,934,864,918,813,880,807,867,802,881,799
M,937,866,918,811,880,807,868,802,881,799
M,936,864,917,813,881,806,868,802,882,800
M,934,863,918,815,877,805,869,807,884,799
M,938,865,917,814,881,805,867,802,880,799
M,933,866,918,812,882,808,867,804,880,799
M,935,865,918,813,880,807,868,804,882,797
M,937,865,918,813,881,807,867,804,882,799
M,934,864,917,813,882,807,867,803,881,800
M,936,864,917,814,881,808,867,804,880,799
M,935,859,919,814,879,807,863,803,881,799
M,937,865,917,812,881,806,867,803,881,800
M,935,867,918,814,881,806,866,802,882,800
M,934,865,918,814,880,807,868,803,876,798
M,930,861,914,811,881,806,866,803,881,798
M,937,869,917,815,880,808,868,805,881,798
M,937,865,917,814,880,807,867,804,882,798
M,936,864,918,814,881,806,867,804,882,801
M,934,865,916,813,881,807,868,802,883,799
M,933,857,914,813,877,809,867,803,882,799
M,937,865,916,813,881,807,866,803,881,799
M,932,865,915,813,880,806,867,804,882,801
M,934,863,916,814,882,807,867,802,880,801
M,935,865,918,813,880,807,866,802,881,799
M,935,863,918,813,881,806,866,800,881,799
M,936,863,917,813,882,806,867,804,881,800
M,937,865,917,814,880,807,866,804,882,800
M,936,865,917,813,881,807,866,804,881,798
M,937,867,915,812,880,806,864,802,880,799
M,936,864,917,813,881,807,867,805,882,801
M,936,865,916,813,880,807,866,802,882,800
M,936,866,917,809,874,805,868,804,880,800
M,934,865,917,813,879,807,867,804,881,799
M,938,862,917,814,881,807,868,803,881,799
M,935,865,918,814,880,806,866,803,880,799
M,935,870,917,813,880,807,868,803,880,799
M,936,865,918,814,880,805,868,804,882,799
M,940,863,917,811,883,806,866,804,883,798
M,937,863,918,812,881,806,867,803,881,799
M,935,865,917,812,880,806,867,804,882,799
M,935,865,917,813,881,807,867,802,880,800
M,937,864,917,812,880,807,867,803,881,799
M,934,866,918,813,880,806,868,804,880,800
M,934,863,916,813,881,807,866,802,881,799
M,937,863,918,813,880,807,866,803,881,799
M,936,863,917,811,882,807,867,803,879,799
M,935,864,918,813,881,807,867,804,881,800
M,930,868,917,814,880,807,867,804,880,800
M,936,861,918,812,881,806,867,804,881,799
M,940,862,919,813,878,807,867,802,880,799
M,936,866,917,815,881,810,863,803,881,799
M,926,863,917,812,880,808,866,802,882,797
M,936,862,917,812,881,806,867,802,882,798
M,934,870,915,812,883,806,866,803,882,799
M,935,865,917,815,879,804,869,802,877,795
M,934,865,917,814,881,807,868,802,878,800
M,934,864,918,814,880,807,868,798,884,804
M,937,866,918,813,881,806,867,801,881,798
M,934,862,918,814,880,807,867,802,882,800
M,933,865,917,813,879,807,866,802,881,800
M,937,866,916,811,880,808,865,803,879,799
M,938,865,916,813,879,806,866,803,881,800
M,936,865,917,813,880,806,866,803,881,799
M,936,868,918,811,877,808,866,803,880,800
M,937,868,916,814,877,807,864,803,881,799
M,936,867,916,814,879,806,864,803,880,800
M,936,869,916,813,878,806,864,803,879,801
M,939,870,916,812,878,807,865,803,881,800
M,942,871,917,813,876,806,865,802,877,799
M,940,868,915,813,878,807,863,802,881,799
M,941,870,917,813,876,806,865,802,878,800
M,939,867,914,818,877,806,864,802,880,800
M,936,862,916,811,877,806,864,801,881,801
M,939,867,916,813,877,806,865,803,880,800
M,938,872,915,811,878,805,864,802,879,799
M,940,868,915,810,877,805,865,801,880,800
M,941,869,914,809,878,804,864,803,880,799
M,942,867,915,810,878,803,865,801,878,798
M,941,868,916,809,876,804,863,802,879,799
M,942,869,916,810,877,803,865,802,881,800
M,945,871,916,811,880,804,864,802,879,799
M,942,871,916,809,878,803,866,803,881,800
M,945,868,917,809,877,801,864,802,884,798
M,945,870,917,809,878,803,863,802,879,800
M,945,870,915,809,877,804,864,803,882,801
M,947,876,915,806,880,805,863,809,883,802
M,943,873,916,809,876,803,861,811,883,803
M,944,872,917,810,877,804,862,810,886,799
M,942,871,912,809,881,804,861,817,884,804
M,944,872,914,814,874,803,859,821,885,805
M,943,874,915,808,878,805,859,817,884,806
M,944,877,917,807,878,803,859,821,884,807
M,942,877,917,808,879,805,858,822,884,808
M,944,875,916,809,877,805,857,822,885,807
M,944,878,917,810,878,803,857,821,884,806
M,940,876,917,810,877,804,857,820,883,806
M,941,872,917,810,878,804,857,819,884,807
M,942,874,917,809,876,805,858,819,885,808
M,943,876,916,810,875,804,858,812,885,807
M,944,874,914,809,877,805,859,813,884,805
M,942,872,917,808,878,804,860,813,885,804
M,942,875,916,808,877,805,860,812,885,804
M,939,876,915,810,879,806,861,812,885,804
M,942,871,915,808,872,802,863,816,881,800
M,937,870,916,808,878,805,862,811,885,805
M,938,870,917,808,877,803,863,810,885,803
M,940,873,916,808,876,804,864,809,888,803
M,939,872,917,810,877,805,863,809,885,804
M,939,873,916,810,876,804,864,809,886,800
M,939,871,916,808,878,804,863,809,886,802
M,940,871,916,810,878,804,865,809,884,803
M,942,871,916,809,878,804,864,808,886,802
M,941,872,920,807,877,807,864,809,886,804
M,938,868,916,807,877,805,865,808,888,801
M,941,870,915,808,880,803,866,808,885,803
M,938,872,916,809,881,804,865,809,884,803
M,938,873,915,810,879,804,865,809,886,804
M,936,872,917,810,880,804,864,810,889,802
M,940,869,917,809,880,805,865,808,885,802
M,940,872,917,810,879,804,865,808,885,803
M,940,870,916,809,880,805,868,810,888,803
M,928,874,914,811,881,804,868,809,887,802
M,940,872,915,809,880,804,868,807,888,802
M,936,871,916,810,882,805,868,808,887,803
M,940,866,916,810,874,803,866,809,887,802
M,938,870,917,810,883,805,869,807,886,803
M,939,870,917,809,880,805,867,810,887,804
M,940,870,917,810,881,805,867,808,888,801
M,940,871,917,806,884,805,868,808,887,802
M,931,874,916,807,883,805,869,807,885,802
M,938,872,915,808,880,804,868,808,889,802
M,937,871,915,810,879,805,868,808,886,803
M,939,871,918,809,882,807,869,805,887,802
M,940,871,917,810,882,804,868,807,887,803
M,936,867,916,809,882,805,870,807,889,803
M,937,871,917,810,884,804,871,808,890,803
M,940,870,917,809,882,805,874,807,894,801
M,936,873,917,812,883,805,879,807,898,804
M,930,876,917,812,887,806,882,809,904,802
M,939,874,917,811,891,808,884,809,907,802
M,935,874,917,810,889,805,882,806,909,803
M,936,878,916,812,891,808,883,809,909,802
M,938,876,915,813,890,809,882,807,906,803
M,936,879,915,811,893,809,882,810,909,801
M,933,878,918,812,888,808,883,807,906,804
M,934,879,917,812,887,807,879,807,908,803
M,938,880,915,815,885,805,880,808,906,802
M,934,876,916,812,886,807,879,807,905,804
M,937,880,917,812,886,807,877,805,904,804
M,935,878,916,812,884,808,876,807,905,802
M,942,873,916,812,886,808,877,808,906,803
M,934,877,918,813,884,807,877,807,906,803
M,938,879,917,812,885,807,876,807,903,803
M,935,878,916,812,886,807,877,807,903,803
M,933,877,917,813,885,807,875,809,906,803
M,937,878,917,812,886,807,875,809,902,802
M,930,879,917,811,885,808,876,808,905,801
M,935,876,915,809,886,807,875,808,905,802
M,934,879,917,812,885,808,876,808,904,803
M,936,878,917,811,884,807,876,808,903,801
M,935,877,917,811,884,807,876,808,903,803
M,937,877,916,811,883,807,875,806,902,801
M,935,875,914,811,882,805,875,810,902,802
M,936,877,915,809,883,806,874,806,903,802
M,935,875,917,810,884,805,874,807,903,804
M,936,877,916,811,881,806,873,807,905,804
M,936,878,916,811,882,805,874,808,905,803
M,933,878,916,810,883,805,874,808,905,802
M,936,878,917,812,883,807,874,806,902,803
M,938,881,916,809,882,805,873,806,904,802
M,936,876,917,811,884,806,872,807,904,801
M,937,875,915,810,886,805,873,808,905,801
M,934,877,915,810,884,803,874,808,899,805
M,938,877,917,808,882,804,871,807,904,802
M,933,875,916,809,884,804,871,806,903,801
M,937,876,916,809,883,805,872,805,904,801
M,940,877,915,811,884,804,871,807,905,803
M,935,876,917,809,882,806,871,807,903,801
M,935,875,915,810,882,805,871,805,904,802
M,937,876,917,809,883,806,873,807,905,801
M,941,872,917,808,881,805,872,807,902,802
M,935,872,916,810,884,805,872,806,901,802
M,934,876,915,810,881,805,872,806,904,802
M,936,877,916,811,881,805,872,808,905,800
M,933,874,916,810,882,804,872,806,902,803
M,938,874,916,810,882,805,871,807,903,802
M,935,873,916,812,880,805,872,806,904,802
M,934,876,916,810,881,804,872,806,903,801
M,938,876,916,810,881,804,871,804,903,802
M,932,877,916,810,881,805,871,807,904,802
M,933,877,916,810,881,805,872,808,901,801
M,935,874,916,810,882,804,871,806,902,802
M,936,873,916,808,881,806,871,805,903,802
M,932,876,917,809,881,805,871,807,904,801
M,936,874,915,809,879,804,872,808,906,803
M,937,874,913,811,877,804,871,806,905,801
M,935,876,916,809,882,804,872,804,905,802
M,936,874,916,809,881,805,871,806,903,802
M,937,872,917,810,882,805,871,806,903,801
M,935,878,916,810,881,803,871,805,903,801
M,937,876,916,809,882,805,871,806,902,802
M,937,873,915,808,880,805,872,805,902,802
M,934,875,916,810,881,805,871,808,900,801
M,936,875,916,809,881,804,871,805,902,801
M,936,876,917,810,883,804,872,804,904,802
M,936,869,917,809,881,805,872,807,903,801
M,937,877,917,808,882,805,872,807,905,802
M,938,876,917,810,881,805,872,806,905,802
M,936,874,916,807,883,805,871,806,908,804
M,933,872,916,809,882,806,870,806,904,802
M,935,874,916,809,881,804,871,807,902,801
M,936,873,916,810,881,805,871,805,905,802
M,936,874,916,809,882,805,872,806,903,801
M,936,875,915,809,881,805,871,807,899,800
M,933,871,914,808,882,804,870,805,902,801
M,934,875,917,810,882,805,871,806,901,801
M,931,873,916,811,882,806,872,804,901,801
M,937,874,917,809,882,805,871,805,903,802
M,939,874,916,810,881,805,871,806,904,802
M,936,874,915,808,884,806,871,807,905,802
M,941,873,915,808,882,804,870,807,904,801
M,940,876,916,808,880,802,867,809,908,802
M,946,868,918,807,884,804,871,806,904,800
M,942,875,916,810,882,805,869,809,900,800
M,946,876,914,807,880,803,869,806,902,800
M,943,878,917,808,879,803,870,804,903,799
M,946,875,916,808,879,804,869,803,903,800
M,947,874,915,809,879,803,869,807,900,800
M,947,873,915,807,879,803,866,807,899,800
M,946,872,916,807,879,803,866,806,900,799
M,945,872,914,808,877,802,864,807,899,798
M,947,870,917,807,876,805,866,807,897,798
M,946,867,915,808,879,803,865,807,896,800
M,947,867,915,808,881,803,863,806,893,802
M,950,868,915,808,879,803,862,806,896,800
M,951,865,915,806,878,801,863,807,897,798
M,954,866,914,806,875,802,861,806,892,800
M,954,865,915,805,875,802,861,807,894,799
M,949,862,914,807,875,805,861,803,894,797
M,955,859,914,806,873,803,857,809,889,800
M,954,856,914,802,868,803,857,809,891,800
M,954,859,914,805,875,803,856,808,888,800
M,954,855,914,805,875,799,856,812,885,801
M,954,851,915,805,871,802,850,808,883,801
M,958,852,914,804,872,800,849,806,880,801
M,955,851,914,803,871,801,848,807,880,802
M,953,849,914,803,872,800,845,806,878,801
M,952,848,915,802,870,802,844,807,876,803
M,954,847,913,802,868,799,843,809,873,801
