P,933,837,865,820,900,807,881,821,898,810
P,934,838,865,819,900,807,882,822,899,810
P,934,838,865,818,900,806,880,823,899,809
P,935,836,865,819,899,806,880,822,897,808
P,934,835,865,819,900,806,881,821,898,809
P,934,836,864,819,899,806,882,822,898,810
P,934,837,864,819,899,805,881,821,899,809
P,934,838,865,819,898,805,882,822,897,810
P,936,837,864,820,899,805,882,822,898,808
P,935,837,864,818,900,806,882,821,898,810
P,935,837,864,819,900,806,883,822,898,809
P,934,837,864,819,899,806,882,821,898,809
P,934,837,864,819,900,807,883,822,898,809
P,936,837,865,820,899,806,883,821,898,809
P,935,836,865,819,899,806,883,821,899,807
P,935,835,865,818,898,805,883,822,898,809
P,933,835,864,820,899,806,883,821,899,809
P,934,834,865,819,899,805,883,822,898,809
P,935,834,864,819,899,806,883,823,898,809
P,936,834,864,818,900,805,883,824,898,809
P,933,834,865,820,900,807,883,824,898,810
P,935,834,864,819,900,807,883,824,899,808
P,934,834,865,820,898,807,883,822,898,809
P,936,832,866,820,899,806,884,824,897,810
P,929,834,864,819,897,807,883,826,899,810
P,937,831,865,820,898,808,882,827,895,808
P,936,833,865,820,898,808,884,827,897,809
P,937,835,866,820,897,807,883,825,897,811
P,932,835,864,819,898,808,883,827,900,810
P,931,833,865,820,896,807,884,825,899,810
P,935,834,864,820,897,808,884,826,897,809
P,933,832,864,820,897,808,883,824,899,810
P,936,834,864,820,897,807,883,825,896,808
P,936,833,864,820,897,807,883,828,895,810
P,937,830,865,821,897,806,883,827,898,809
P,935,832,865,821,898,807,882,827,897,809
P,933,833,865,819,897,808,883,826,897,809
P,933,832,865,821,897,807,882,827,897,810
P,936,833,864,821,901,808,884,826,897,811
P,942,828,864,821,898,808,883,826,900,809
P,934,833,864,820,899,807,883,826,898,811
P,934,833,864,820,897,808,883,827,896,809
P,933,833,864,820,897,806,883,827,899,809
P,934,832,865,821,897,808,883,828,900,811
P,934,834,865,820,899,807,884,826,898,811
P,935,832,865,821,896,808,882,827,897,811
P,933,833,865,819,899,806,882,828,894,808
P,931,831,864,820,898,806,883,825,898,811
P,933,834,865,820,896,806,883,825,897,808
P,932,832,865,821,897,808,884,826,899,809
P,932,834,865,820,898,807,885,826,898,808
P,941,834,864,820,901,806,886,826,897,809
P,935,833,867,819,897,807,888,825,898,811
P,933,831,867,820,899,807,887,824,900,809
P,933,830,865,821,900,807,887,826,898,810
P,935,834,866,820,900,807,888,826,897,811
P,937,832,867,821,899,808,887,825,897,809
P,933,834,865,820,900,808,888,826,897,809
P,934,834,866,820,901,808,887,827,896,810
P,936,833,865,820,901,807,885,825,897,808
P,934,832,867,819,901,807,885,827,896,810
P,935,832,866,820,901,806,886,826,897,810
P,939,832,865,819,901,808,885,826,896,809
P,933,833,866,819,904,807,885,825,896,810
P,935,832,865,819,904,807,883,828,896,809
P,937,833,864,820,905,806,883,825,897,809
P,934,833,865,819,905,807,882,827,898,812
P,934,831,862,817,905,807,881,827,895,810
P,935,833,865,819,906,808,881,827,898,810
P,934,834,864,818,907,809,881,827,899,811
P,934,832,863,820,908,809,881,827,897,809
P,933,832,863,817,908,810,876,828,898,812
P,940,832,863,817,905,811,876,831,898,810
P,936,833,864,817,902,811,876,828,894,812
P,937,831,864,817,903,811,876,828,895,809
P,934,833,863,817,901,809,874,828,898,809
P,935,835,862,817,903,809,875,827,896,809
P,937,833,862,816,902,810,875,827,898,809
P,935,832,862,816,905,809,876,826,900,809
P,939,835,861,817,903,810,875,828,897,810
P,941,835,863,815,902,810,875,826,897,810
P,936,831,861,816,900,810,876,827,898,810
P,939,831,862,815,901,810,879,830,897,812
P,937,835,861,815,901,809,878,830,896,811
P,940,833,861,815,902,810,880,830,898,813
P,941,834,862,815,902,810,879,828,898,813
P,937,833,862,815,902,809,882,827,895,814
P,938,833,862,816,901,811,882,831,897,812
P,938,832,862,816,901,810,882,830,897,812
P,940,830,862,813,899,811,882,828,896,812
P,940,833,861,814,900,810,882,829,896,812
P,933,835,861,815,897,810,884,829,897,813
P,942,832,860,814,901,810,885,829,896,812
P,936,832,860,814,896,810,887,830,896,812
P,940,832,862,814,896,811,887,830,898,813
P,937,831,860,815,896,810,887,828,896,812
P,938,832,862,815,896,810,888,827,897,810
P,939,832,862,815,897,810,889,827,898,811
P,940,832,861,816,897,811,888,826,896,811
P,940,833,861,815,893,810,891,824,898,813
P,944,835,862,814,892,810,890,828,896,810
P,937,834,862,814,890,809,890,828,896,812
P,940,833,862,815,891,809,891,827,895,812
P,938,832,862,814,893,811,893,825,897,810
P,936,831,862,814,890,810,891,824,895,810
P,941,831,859,812,889,810,892,825,897,811
P,938,835,862,814,888,809,892,827,895,812
P,941,833,862,815,892,809,891,828,894,811
P,940,832,861,816,890,808,891,826,895,811
P,941,832,862,813,887,809,891,825,895,810
P,939,831,862,814,888,810,891,824,899,811
P,942,834,861,814,888,809,892,825,899,807
P,940,834,862,814,888,809,892,825,895,810
P,941,833,862,814,888,810,891,826,897,809
P,936,832,860,813,889,810,891,825,898,810
P,935,834,862,813,887,811,892,826,897,811
P,939,834,861,814,887,811,891,824,898,810
P,938,832,862,814,889,809,892,828,897,811
P,934,834,861,814,887,810,892,826,896,810
P,937,834,862,813,888,809,893,824,893,810
P,935,833,862,814,887,810,891,827,897,811
P,933,833,861,815,888,810,890,827,895,811
P,938,833,861,816,888,808,892,825,895,811
P,937,833,862,814,887,807,892,827,899,809
P,939,833,862,815,888,809,891,827,895,811
P,937,833,861,812,889,810,891,826,895,810
P,934,835,861,814,890,810,891,824,897,809
P,938,834,862,813,890,811,892,826,894,811
P,939,834,861,814,888,809,891,824,895,810
P,938,834,861,815,888,809,890,824,897,810
P,936,836,861,815,888,810,892,827,897,809
P,934,835,861,814,887,809,891,826,895,810
P,939,832,862,813,889,809,891,826,896,810
P,937,833,862,817,890,810,890,826,896,809
P,932,834,863,814,890,811,891,826,896,809
P,938,834,862,814,886,809,894,824,899,811
P,938,834,862,815,889,811,892,825,897,810
P,938,836,862,814,888,810,891,827,895,809
P,937,835,862,815,888,809,891,828,891,809
P,937,835,863,815,889,811,890,826,898,811
P,933,835,863,814,887,810,891,825,894,809
P,937,835,862,815,887,810,891,826,896,809
P,935,834,861,813,885,810,889,823,898,811
P,938,835,863,814,888,810,890,825,893,809
P,938,835,861,815,887,811,890,825,894,810
P,938,834,862,815,888,810,891,825,896,809
P,936,835,863,814,886,809,891,824,895,810
P,936,836,861,814,889,811,891,826,895,809
P,935,834,863,814,887,810,892,824,897,810
P,937,834,863,815,888,810,891,826,894,810
P,934,836,863,813,888,810,893,825,894,808
P,933,837,863,814,887,809,889,827,896,809
P,932,836,863,814,886,809,891,825,895,810
P,933,835,862,814,888,810,890,824,894,810
P,937,839,863,814,887,809,893,826,898,808
P,934,837,862,814,886,810,891,824,896,810
P,938,836,864,814,887,809,892,826,896,810
P,938,836,863,815,887,809,891,825,897,809
P,938,836,862,816,889,811,892,825,897,809
P,932,839,863,814,886,810,890,825,893,809
P,939,836,863,815,886,809,892,824,895,810
P,934,839,863,813,889,810,890,821,899,809
P,937,839,862,814,886,809,890,824,895,809
P,935,839,862,815,886,810,891,822,898,809
P,935,840,862,813,887,810,892,823,895,810
P,933,838,862,815,885,810,891,821,897,809
P,935,837,861,815,886,810,892,825,897,810
P,933,839,862,813,887,810,891,822,893,808
P,934,839,863,813,885,810,891,827,903,810
P,933,840,863,813,886,809,890,822,894,810
P,938,837,862,815,886,809,892,823,898,809
P,935,839,863,814,885,810,890,823,897,808
P,935,840,862,813,885,810,892,824,895,810
P,934,840,863,813,885,809,892,824,895,808
P,934,839,862,814,886,809,892,824,896,809
P,936,837,864,813,884,808,891,823,896,809
P,933,840,863,814,884,809,892,823,894,809
P,937,839,862,813,886,808,891,823,899,809
P,936,842,862,813,886,809,893,825,895,810
P,935,842,863,814,886,809,890,822,894,809
P,939,844,862,813,887,809,892,822,895,810
P,937,840,863,813,886,809,891,823,895,809
P,933,839,864,813,886,809,892,823,896,809
P,936,838,862,813,886,809,892,823,894,808
P,935,838,862,813,886,809,893,825,896,809
P,938,840,864,813,884,809,893,824,896,810
P,935,839,864,814,884,809,893,824,895,810
P,933,838,865,815,884,808,892,824,897,808
P,936,837,865,812,884,808,893,822,895,809
P,935,840,863,812,885,809,893,823,896,809
P,935,841,863,814,885,808,893,823,894,809
P,932,841,863,814,883,808,895,821,897,807
P,932,840,863,814,885,808,895,823,897,809
P,930,841,862,814,882,810,895,822,897,808
P,935,843,863,812,879,809,895,822,897,808
P,932,845,863,814,877,809,893,823,896,809
P,933,841,863,812,878,809,894,824,895,810
P,928,838,864,814,878,810,894,825,895,809
P,937,840,862,815,880,810,894,825,895,808
P,933,843,863,813,875,811,893,824,895,810
P,935,841,862,814,870,813,892,824,897,810
P,931,842,862,813,867,813,892,826,897,813
P,935,842,863,814,855,815,894,827,895,812
P,934,841,862,814,852,816,892,830,896,813
P,930,843,864,814,849,818,893,830,899,814
P,935,842,863,814,846,817,893,834,897,816
P,937,841,863,813,839,818,893,833,900,820
P,933,842,865,814,835,820,892,836,899,819
P,940,845,864,815,833,820,891,838,901,818
P,941,846,862,815,828,818,890,839,900,819
P,934,845,861,814,825,819,889,837,899,820
P,944,848,864,814,828,818,889,837,903,820
P,937,845,863,813,820,816,886,838,904,819
P,938,844,862,814,821,817,887,837,903,820
P,934,846,861,813,819,819,888,837,900,820
P,941,842,863,815,817,817,885,840,902,819
P,939,841,862,815,813,817,885,839,903,820
P,939,841,862,813,812,817,885,839,904,820
P,939,841,862,814,814,818,885,838,905,819
P,935,839,862,814,815,817,884,838,902,821
P,939,842,862,814,814,817,885,837,903,820
P,939,840,862,815,813,817,885,839,905,819
P,938,840,860,813,812,817,884,839,902,819
P,930,842,863,813,809,818,884,837,903,820
P,936,842,862,815,810,818,884,837,903,821
P,934,841,861,813,810,817,885,837,902,819
P,944,838,861,815,811,817,885,836,903,820
P,938,841,861,814,813,817,884,836,904,819
P,939,840,861,813,811,817,885,838,904,820
P,938,839,859,814,812,816,883,838,899,816
P,939,841,860,815,813,818,887,838,901,819
P,935,839,860,813,823,818,887,837,904,820
P,935,840,859,816,821,817,887,836,900,820
P,938,841,860,814,822,817,888,836,902,817
P,940,840,860,814,835,818,889,836,900,819
P,940,838,860,815,829,819,889,835,902,819
P,941,838,860,815,827,819,890,837,901,819
P,939,838,858,813,828,819,892,837,901,818
P,939,838,858,814,827,819,892,840,896,818
P,944,838,858,814,831,819,894,835,899,821
P,939,837,858,813,839,819,892,839,899,820
P,938,837,858,813,836,821,894,835,898,819
P,943,837,858,814,840,820,892,839,900,820
P,945,835,857,816,845,821,893,838,897,820
P,942,836,856,814,846,821,892,838,897,819
P,940,837,858,814,851,821,893,839,900,820
P,942,838,857,815,849,821,891,839,896,819
P,945,836,856,814,853,823,891,842,899,819
P,942,837,857,814,854,822,889,840,896,820
P,942,835,856,815,854,821,890,842,899,819
P,944,835,855,813,863,822,888,843,895,820
P,945,836,853,814,871,823,885,842,899,818
P,945,836,850,816,873,824,881,844,895,820
P,942,834,849,815,872,824,878,846,895,820
P,940,836,844,816,877,823,875,847,893,820
P,944,835,839,815,876,825,874,847,892,819
P,942,837,834,815,874,824,872,845,893,819
P,940,837,833,816,871,825,873,845,893,822
P,945,837,831,816,869,823,873,847,894,821
P,941,836,827,815,867,824,873,845,895,821
P,942,836,828,815,867,823,871,845,895,819
P,943,837,826,816,865,823,872,845,893,819
P,944,838,826,815,863,825,869,845,890,821
P,939,837,826,814,864,823,873,843,894,818
P,942,837,827,814,863,823,873,842,894,817
P,940,839,827,816,859,824,874,842,890,820
P,940,836,827,815,856,823,876,843,892,817
P,942,837,827,816,856,822,876,843,894,820
P,939,837,826,814,852,822,877,842,892,818
P,943,838,826,814,853,823,877,842,894,818
P,936,837,827,815,853,824,878,842,894,819
P,942,836,826,815,852,822,878,842,893,819
P,943,838,827,813,853,824,879,840,890,818
P,940,838,826,815,853,822,879,842,893,818
P,940,837,826,813,854,823,878,844,890,818
P,941,837,826,813,849,823,879,842,888,817
P,940,837,826,815,847,823,878,840,894,820
P,947,835,826,813,846,822,878,842,893,819
P,939,837,825,815,848,822,879,841,893,820
P,941,834,827,812,848,822,879,839,894,818
P,941,839,827,814,847,822,878,843,892,819
P,938,838,827,812,848,822,880,840,892,818
P,941,837,827,813,847,822,878,842,895,819
P,943,836,828,813,847,823,879,841,894,818
P,938,837,827,813,846,822,879,842,895,817
P,941,838,827,814,845,822,878,842,893,817
P,943,836,828,814,844,822,879,841,894,817
P,939,838,828,814,845,824,879,842,892,819
P,939,837,826,813,844,821,879,843,892,820
P,934,837,828,815,846,823,879,842,892,818
P,939,836,828,813,846,822,878,840,892,818
P,936,839,828,814,846,822,879,841,894,817
P,940,838,828,814,846,823,880,841,893,818
P,938,838,828,813,848,822,879,842,893,819
P,943,837,828,813,846,822,880,841,893,818
P,941,841,829,813,845,822,881,840,892,817
P,941,839,827,815,847,822,881,842,895,819
P,939,838,828,812,845,822,880,840,892,818
P,937,840,828,813,844,822,880,842,892,819
P,941,842,828,815,843,823,880,841,892,820
P,936,840,829,814,850,823,880,841,896,817
P,941,840,827,814,846,823,879,841,892,818
P,937,840,828,813,846,824,883,844,895,819
P,943,842,828,813,850,824,881,842,898,819
P,939,839,829,814,846,823,882,843,895,818
P,940,844,829,814,846,824,884,841,895,819
P,940,842,829,814,850,825,885,843,901,822
P,941,836,830,812,845,824,887,845,895,819
P,941,840,830,814,844,824,888,843,898,821
P,938,838,830,812,833,823,892,843,896,821
P,941,839,831,815,829,824,894,845,899,820
P,940,838,830,813,827,824,892,844,901,821
P,939,839,830,812,825,823,891,847,901,822
P,940,839,831,813,822,825,886,847,896,821
P,937,837,831,813,821,822,885,850,902,820
P,939,837,830,813,818,824,882,850,902,824
P,942,838,830,814,818,822,879,852,899,825
P,940,837,830,814,815,823,878,851,901,825
P,942,838,832,814,816,823,878,851,902,824
P,940,839,833,812,819,823,877,853,901,825
P,941,837,833,813,817,823,877,850,901,825
P,944,838,833,813,814,822,876,851,900,824
P,942,837,833,814,811,822,877,852,900,823
P,942,835,832,812,814,821,878,849,900,820
P,938,840,833,813,824,822,879,848,900,822
P,943,839,832,813,818,822,880,848,900,824
P,947,840,834,814,815,822,883,848,899,822
P,938,840,833,811,816,822,884,846,901,822
P,939,840,833,812,819,822,883,844,900,821
P,938,840,832,813,824,822,885,843,902,819
P,940,837,833,813,813,823,889,846,900,820
P,940,837,833,813,814,821,889,846,902,820
P,939,839,834,812,818,823,891,843,904,821
P,942,840,832,811,824,822,891,843,899,819
P,944,841,832,812,831,823,892,843,903,820
P,943,837,831,811,836,823,894,842,901,820
P,939,838,831,812,837,822,893,841,899,820
P,937,837,832,812,836,824,893,843,901,820
P,938,836,830,813,837,822,894,840,899,820
P,940,841,830,811,836,824,893,840,901,819
P,939,840,831,813,841,822,894,843,897,819
P,933,839,832,812,837,824,896,841,901,820
P,943,839,830,810,838,824,896,843,901,820
P,938,840,830,811,837,824,896,843,899,820
P,939,839,831,812,835,824,894,842,903,817
P,941,840,830,811,837,824,895,842,899,819
P,937,840,828,814,841,820,894,843,900,818
P,939,839,829,812,838,823,893,844,893,817
P,939,836,833,813,839,823,893,842,900,818
P,938,839,829,814,838,824,893,841,899,818
P,940,838,831,813,841,823,894,841,901,820
P,937,836,831,811,840,823,894,843,899,817
P,938,838,830,812,842,822,894,841,901,817
P,936,838,830,812,841,822,893,841,899,818
P,942,840,830,812,842,823,893,841,899,820
P,933,837,831,810,841,821,893,841,900,818
P,936,840,831,812,841,822,892,842,899,817
P,940,840,831,811,839,822,893,841,899,818
P,940,837,830,812,839,823,891,842,897,818
P,935,839,831,812,839,823,891,840,900,817
P,940,837,831,812,836,822,891,842,898,818
P,937,838,831,813,834,821,890,843,899,819
P,939,837,832,812,834,821,891,840,900,818
P,937,838,831,812,834,820,892,837,899,816
P,936,839,832,810,832,820,888,839,900,819
P,937,836,833,812,836,822,892,838,897,817
P,936,839,834,813,842,821,892,839,899,816
P,939,838,836,810,856,821,892,840,901,817
P,933,840,838,811,857,821,896,836,900,817
P,934,837,836,811,862,821,894,842,902,813
P,938,838,839,812,868,821,896,838,899,818
P,940,839,839,811,870,820,896,836,900,817
P,934,836,841,809,875,820,894,836,899,817
P,936,838,842,812,879,820,894,838,897,818
P,933,839,842,811,879,819,894,837,899,820
P,937,836,845,810,882,821,893,838,900,817
P,935,841,844,812,883,820,894,837,901,817
P,938,837,845,811,884,819,892,836,899,816
P,941,837,846,813,885,818,892,835,899,817
P,938,837,847,811,885,818,892,834,900,817
P,941,837,846,811,884,819,893,836,899,815
P,938,838,846,811,883,817,894,834,899,816
P,937,838,846,812,886,818,894,834,902,817
P,940,837,847,812,889,818,896,832,902,816
P,941,841,845,810,890,817,896,834,902,817
P,940,839,846,812,892,817,896,833,903,816
P,937,838,846,811,887,816,897,832,901,815
P,941,838,843,810,885,816,895,833,902,815
P,938,839,845,809,877,816,895,826,900,816
P,939,838,844,811,874,815,896,830,901,814
P,940,838,844,811,862,816,896,833,901,815
P,940,834,844,812,861,816,894,832,898,816
P,941,839,842,811,853,815,893,833,901,816
P,938,839,844,810,845,816,892,832,900,816
P,945,842,842,812,843,817,893,833,900,815
P,938,839,842,810,839,816,891,832,898,814
P,939,837,843,813,835,818,890,834,900,815
P,939,836,842,811,831,815,892,832,897,814
P,938,837,841,811,829,817,890,833,899,816
P,938,838,841,810,823,817,888,834,903,814
P,939,837,839,814,825,817,889,833,902,814
P,938,837,842,811,820,818,887,833,901,817
P,938,837,842,812,815,817,884,832,900,815
P,941,838,841,811,815,819,886,835,903,814
P,940,838,840,810,818,818,884,833,901,815
P,936,835,839,810,818,817,884,833,903,816
P,938,838,840,811,817,817,884,834,901,815
P,939,838,841,811,816,818,885,834,900,816
P,937,839,841,810,816,818,885,831,899,815
P,938,840,841,811,817,817,883,832,904,815
P,937,839,840,811,817,817,884,834,900,815
P,938,838,841,812,817,816,883,833,901,816
P,940,838,841,811,815,818,884,832,901,816
P,942,836,841,812,815,818,884,832,902,815
P,936,838,839,810,815,818,884,832,903,814
P,939,838,841,810,818,818,885,832,902,815
P,937,839,841,811,820,817,887,832,903,812
P,936,838,842,812,835,818,892,832,903,815
P,935,838,841,807,850,819,901,832,901,815
P,940,838,848,810,875,817,904,831,901,816
P,935,837,856,810,900,817,902,831,900,814
P,937,837,860,811,906,816,903,829,900,814
P,939,838,866,812,906,816,903,833,903,816
P,932,838,869,811,910,816,902,832,898,815
P,939,841,875,810,909,815,901,832,902,818
P,932,841,876,810,909,815,899,831,901,815
P,933,839,876,809,909,814,899,830,901,815
P,937,842,876,810,908,814,898,833,897,815
P,934,842,877,810,908,815,899,830,899,816
P,934,840,878,810,910,816,898,832,899,814
P,937,838,878,810,908,815,898,829,898,817
P,929,839,875,809,905,815,897,830,899,815
P,932,841,877,810,903,812,897,830,898,815
P,935,842,874,811,905,815,896,830,898,816
P,933,841,875,810,906,815,896,832,899,816
P,931,840,876,809,905,815,895,830,896,815
P,933,839,876,809,904,815,895,831,900,814
P,933,840,876,808,905,814,896,831,899,816
P,934,842,876,810,904,813,895,830,900,815
P,931,840,875,810,904,814,894,831,897,816
P,934,840,871,808,902,813,894,831,896,815
P,933,840,873,811,899,815,893,831,896,814
P,932,840,870,809,899,813,893,832,900,816
P,929,841,871,810,900,815,892,832,898,816
P,935,841,869,810,901,815,890,833,899,816
P,930,840,866,810,901,816,890,831,896,814
P,939,840,862,811,893,815,889,833,898,813
P,936,840,863,809,894,816,890,831,896,817
P,939,840,859,810,874,817,894,837,900,816
P,937,839,857,810,868,817,893,833,895,816
P,937,840,857,809,855,817,892,836,896,813
P,934,843,857,809,848,818,893,832,894,814
P,934,840,856,810,833,818,892,833,895,813
P,940,840,855,809,828,816,889,835,896,816
P,938,839,854,807,822,816,887,835,894,814
P,938,841,855,810,820,818,888,833,898,814
P,936,840,853,810,822,817,887,834,897,814
P,936,840,853,810,819,817,886,833,896,815
P,938,840,853,810,814,817,885,834,893,812
P,940,841,853,811,810,817,887,831,898,815
P,938,841,854,808,811,816,885,835,896,815
P,937,840,852,810,810,817,884,831,895,815
P,939,841,853,808,810,816,886,834,897,815
P,940,839,852,809,811,815,886,831,897,813
P,938,841,852,809,809,817,885,835,897,815
P,943,838,851,809,810,816,886,832,895,815
P,941,841,853,809,809,817,885,834,898,815
P,937,840,851,809,809,817,885,832,898,814
P,936,841,852,809,810,817,884,834,897,814
P,935,839,853,809,809,816,886,835,899,813
P,937,841,851,810,809,818,884,834,897,814
P,937,840,853,811,810,817,884,831,897,815
P,938,841,852,810,810,816,885,833,895,814
P,938,838,852,809,809,816,885,831,895,814
P,936,840,853,810,808,817,884,832,898,814
P,936,839,852,809,809,816,884,832,899,813
P,940,839,852,810,810,816,885,831,899,816
P,937,838,852,808,811,816,884,831,896,814
P,938,840,852,809,810,817,884,831,898,815
P,928,842,855,809,810,816,885,832,898,815
P,939,839,853,810,810,816,885,832,898,814
P,939,839,854,809,811,815,886,832,894,813
P,934,840,853,809,811,816,885,832,896,812
P,936,839,852,809,808,816,884,831,893,813
P,939,838,852,810,810,816,885,832,896,815
P,935,838,853,809,810,817,884,831,897,813
P,940,841,854,810,811,817,885,831,895,814
P,936,838,853,810,811,817,884,831,898,815
P,940,839,852,810,809,816,883,831,895,815
P,937,840,851,809,810,817,885,832,898,814
P,940,841,853,811,809,816,884,833,896,815
P,935,838,852,809,811,817,884,832,897,813
P,936,839,853,810,810,816,883,832,898,813
P,941,841,854,810,809,816,884,832,895,813
P,939,837,853,809,810,817,884,831,899,815
P,937,841,852,809,810,816,883,831,898,814
P,936,839,853,808,810,817,885,830,897,815
P,938,840,853,810,811,818,886,832,898,814
P,938,839,851,810,814,816,884,833,897,814
P,939,840,851,809,813,816,883,832,896,813
P,938,839,852,808,813,815,885,830,897,814
P,937,839,853,810,821,816,886,831,897,814
P,935,840,853,808,826,816,888,833,894,814
P,939,840,853,809,828,816,889,830,896,815
P,937,838,852,809,822,817,888,832,896,814
P,937,840,853,808,822,816,890,833,893,815
P,940,839,849,807,822,817,889,832,895,813
P,937,839,851,809,825,817,890,831,894,815
P,937,838,853,808,825,817,889,831,896,814
P,939,837,851,810,824,818,888,831,895,814
P,933,838,852,808,825,818,889,832,898,814
P,934,841,853,809,825,818,889,831,896,814
P,936,840,852,809,824,817,888,831,893,813
P,935,842,851,808,823,817,888,831,895,814
P,935,839,853,810,824,817,888,830,895,813
P,937,842,851,809,822,819,887,831,894,815
P,936,840,851,809,823,817,887,832,895,812
P,936,839,852,808,819,817,888,831,897,814
P,939,838,852,808,819,817,888,831,895,814
P,939,840,852,809,819,818,887,830,895,813
P,934,839,851,809,817,818,886,830,896,814
P,934,838,851,808,819,817,888,831,895,814
P,937,841,852,807,820,817,888,832,897,814
P,935,839,852,808,823,817,893,830,896,813
P,934,840,852,809,834,819,894,831,895,815
P,933,841,851,810,835,818,895,831,896,814
P,940,840,851,808,839,819,896,831,896,814
P,933,840,851,807,840,820,895,833,895,815
P,939,841,852,808,840,818,896,830,896,815
P,938,838,853,809,840,818,895,831,894,813
P,935,839,851,808,839,819,895,832,896,815
P,936,840,854,808,840,818,896,832,896,815
P,937,838,851,810,841,817,896,831,893,813
P,935,838,852,809,839,818,896,831,897,815
P,926,839,853,810,840,818,896,832,893,813
P,935,838,852,810,839,819,896,833,896,814
P,939,840,853,809,837,819,896,830,894,813
P,939,841,852,809,838,819,895,831,896,811
P,939,841,854,809,837,818,893,832,895,814
P,940,837,852,808,835,818,893,831,895,813
P,937,838,852,807,834,818,891,832,895,815
P,937,839,851,809,833,818,892,832,896,813
P,936,841,853,808,833,818,891,832,897,815
P,937,840,854,810,828,818,892,829,896,811
P,934,840,851,809,830,818,890,832,895,813
P,936,839,852,809,828,819,889,833,896,813
P,934,841,852,808,829,818,890,831,896,813
P,934,841,852,807,825,817,888,833,893,814
P,937,839,853,808,823,818,888,832,896,813
P,935,840,853,809,820,819,887,832,898,812
P,940,842,853,809,820,818,888,831,895,815
P,936,839,852,809,819,817,886,832,894,814
P,934,841,852,809,818,817,886,833,897,813
P,937,839,851,807,826,818,889,832,894,813
P,934,839,854,813,835,818,888,832,895,815
P,937,841,852,809,837,819,895,832,895,813
P,940,840,853,808,850,818,898,832,896,815
P,948,843,854,809,851,820,897,832,894,812
P,938,841,853,809,855,820,897,833,895,814
P,933,842,853,808,853,818,894,833,894,811
P,934,839,854,808,859,816,893,832,894,813
P,938,842,854,808,853,820,894,832,895,814
P,938,841,853,809,848,820,893,831,894,812
P,935,840,854,809,847,821,893,830,895,812
P,938,842,853,808,838,819,893,832,895,813
P,932,841,853,810,828,818,891,832,896,813
P,934,840,852,807,826,817,891,830,894,812
P,937,840,854,808,822,817,889,831,894,813
P,935,839,852,809,821,817,888,830,896,812
P,937,841,852,809,821,817,888,830,896,813
P,934,838,852,809,821,816,888,831,895,814
P,935,840,852,810,821,817,887,830,894,812
P,937,842,852,809,822,817,889,832,894,813
P,938,839,851,807,822,818,888,831,895,813
P,936,839,850,808,822,816,889,831,894,813
P,936,841,852,808,821,819,888,829,897,815
P,937,840,853,808,825,817,888,829,896,816
P,940,842,855,809,824,818,888,830,896,814
P,933,840,851,808,822,817,888,830,896,813
P,935,842,851,807,825,817,888,833,897,811
P,933,841,853,810,825,816,888,830,896,813
P,935,842,852,808,824,818,887,831,893,813
P,936,841,852,808,824,817,888,832,895,812
P,933,840,852,810,823,817,889,831,898,813
P,933,840,852,807,823,815,887,830,894,813
P,934,839,852,809,824,817,888,831,893,815
P,937,840,853,807,824,817,887,831,894,814
P,936,841,851,809,825,817,889,832,890,810
P,939,841,852,809,825,817,889,830,893,810
P,935,838,851,809,827,817,887,833,897,814
P,939,838,850,808,827,817,889,833,896,813
P,937,838,852,808,830,816,889,831,895,813
P,935,839,851,810,829,816,890,831,895,812
P,940,841,851,810,831,815,889,828,894,814
P,939,838,850,810,833,816,891,831,895,812
P,942,839,851,809,832,816,890,833,895,812
P,943,837,850,809,833,818,888,833,890,814
P,934,838,851,811,836,817,891,832,896,813
P,941,839,852,810,836,818,891,829,896,814
P,941,837,851,807,837,815,891,831,894,813
P,937,840,850,809,836,816,890,833,893,811
P,941,839,850,807,836,816,890,830,896,812
P,942,840,849,809,837,817,892,832,893,812
P,941,839,849,808,839,817,892,831,892,812
P,936,837,849,809,842,815,892,832,896,812
P,936,836,849,808,842,815,891,831,893,812
P,941,838,848,810,844,816,891,832,895,812
P,939,838,849,808,843,817,893,831,893,813
P,937,839,850,810,845,818,893,829,891,815
P,941,839,848,807,845,816,892,833,895,813
P,939,837,849,808,844,817,891,831,892,811
P,938,839,849,810,845,816,892,832,895,812
P,940,837,849,809,845,816,891,831,897,814
P,941,838,849,808,841,817,891,831,893,814
P,936,839,849,809,848,816,890,833,892,814
P,935,836,846,807,850,815,890,833,892,814
P,936,837,847,809,850,816,889,831,894,814
P,938,838,847,810,849,817,888,832,895,812
P,941,839,844,810,852,816,886,833,893,812
P,940,838,846,810,853,816,885,835,897,815
P,947,835,846,811,853,816,886,832,893,813
P,941,835,846,809,851,817,886,832,893,814
P,939,836,846,811,850,817,885,834,893,814
P,936,839,846,810,850,816,884,832,895,812
P,943,838,846,811,852,816,884,832,894,813
P,938,838,846,811,852,817,884,833,894,812
P,940,839,847,809,854,816,884,832,896,813
P,939,837,846,811,852,816,883,833,894,814
P,936,838,847,809,851,816,883,831,892,811
P,938,838,846,810,853,815,883,832,896,814
P,942,836,847,810,852,817,884,833,894,812
P,938,837,846,810,854,816,886,834,893,813
P,936,837,846,810,852,816,884,833,893,813
P,942,839,845,809,854,816,885,832,894,813
P,939,836,846,810,853,817,884,833,897,812
P,935,839,845,808,855,817,884,831,893,813
P,936,838,846,810,853,816,883,832,893,814
P,944,839,846,807,852,817,884,832,893,812
P,940,837,847,809,854,816,883,830,894,812
P,941,837,847,810,853,816,883,831,895,813
P,939,837,846,812,853,815,883,834,896,814
P,938,837,846,810,854,816,883,833,894,812
P,938,837,847,810,856,817,884,830,892,814
P,939,838,847,809,855,816,883,832,893,812
P,937,837,847,810,856,815,882,835,894,812
P,941,837,847,809,855,816,883,829,894,814
P,940,839,847,810,854,817,884,833,897,813
P,940,836,847,810,856,817,883,831,894,814
P,935,837,847,811,853,815,882,832,894,812
P,941,837,849,811,855,816,883,832,894,813
P,938,836,847,807,857,816,882,833,894,813
P,939,838,847,809,856,817,881,831,892,812
P,937,836,847,809,856,816,883,831,892,813
P,939,839,848,811,855,816,882,830,892,812
P,940,837,848,811,855,816,882,832,891,813
P,939,836,848,810,856,817,883,831,894,811
P,940,837,848,810,855,816,883,829,890,813
P,937,836,848,809,857,816,883,831,894,813
P,941,837,848,808,857,817,880,831,891,813
P,938,839,847,810,856,815,882,832,894,814
P,939,835,849,811,856,817,883,831,895,812
P,937,839,847,809,855,815,881,830,894,813
P,937,839,850,807,860,816,881,830,893,812
P,934,838,848,809,857,816,881,831,891,813
P,934,837,848,811,854,815,880,834,893,811
P,939,837,848,810,856,817,878,835,893,814
P,936,838,848,810,854,818,877,836,890,814
P,940,836,846,811,852,819,875,836,893,815
P,939,835,849,812,851,819,874,837,892,814
P,938,837,847,811,850,819,875,837,890,815
P,936,838,847,811,852,818,873,835,891,816
P,939,838,847,809,851,818,875,838,892,816
P,936,837,847,811,850,819,873,835,892,815
P,940,835,847,809,852,818,874,836,890,815
P,936,837,848,810,845,818,871,834,891,814
P,934,838,847,811,851,818,873,836,892,815
P,936,838,848,810,850,818,873,837,892,813
P,938,837,847,810,850,819,874,835,892,813
P,935,835,848,811,851,818,872,834,891,815
P,940,838,847,810,851,819,872,837,893,814
P,936,837,848,811,850,818,874,834,893,815
P,938,836,846,810,851,816,873,836,891,812
P,938,837,848,810,850,817,873,834,889,815
P,936,838,848,810,852,818,873,836,890,813
P,937,838,847,810,852,818,874,836,888,810
P,936,839,848,809,851,819,874,836,892,814
P,939,837,846,809,852,818,874,835,893,814
P,935,840,847,808,850,817,873,835,891,813
P,934,839,846,811,850,817,873,834,894,814
P,937,835,848,809,852,817,873,834,893,812
P,933,837,848,810,850,817,873,834,893,813
P,937,838,849,810,852,818,874,835,892,814
P,939,838,848,811,850,817,873,836,892,814
P,936,839,848,811,850,818,873,835,892,813
P,934,839,848,811,851,817,873,833,893,813
P,933,838,847,811,851,817,872,833,892,812
P,935,838,847,810,852,816,873,836,893,813
P,934,836,849,811,853,818,871,833,891,813
P,938,840,849,811,853,817,873,834,892,813
P,936,840,848,809,853,818,874,835,893,815
P,940,836,848,810,853,818,874,835,893,812
P,935,837,849,813,854,820,875,832,891,812
P,936,838,848,809,852,819,871,832,891,814
P,931,839,848,811,855,818,872,834,893,814
P,934,835,847,810,855,816,873,832,892,814
P,935,839,847,810,855,819,872,832,891,813
P,935,838,848,810,855,817,872,834,890,814
P,938,838,848,811,855,818,873,835,890,814
P,934,839,849,810,854,818,875,837,890,814
P,937,836,849,810,855,817,873,833,891,815
P,939,838,848,809,855,817,873,834,891,814
P,934,840,847,809,855,819,873,833,891,812
P,934,839,848,811,858,817,874,832,890,814
P,935,838,847,809,857,816,873,834,890,814
P,935,839,848,810,856,816,873,834,894,814
P,935,837,849,809,857,818,872,834,893,813
P,932,839,848,810,857,818,873,834,894,812
P,941,838,849,811,856,816,874,834,891,812
P,938,839,848,809,856,817,875,836,892,814
P,937,834,848,811,854,815,872,835,891,813
P,931,836,848,809,855,817,873,832,890,811
P,935,838,849,809,857,819,871,834,890,813
P,937,840,847,810,859,817,874,833,891,813
P,939,839,850,811,857,817,872,834,890,813
P,938,838,849,810,853,818,874,834,892,814
P,938,839,848,810,853,818,872,834,890,815
P,933,840,848,810,853,817,873,835,892,814
P,934,837,848,809,854,817,873,834,891,814
P,936,836,848,810,854,818,872,834,890,812
P,937,839,848,809,854,818,871,831,897,813
P,935,839,846,808,853,818,872,833,893,813
P,938,839,848,810,850,819,873,835,891,813
P,932,839,848,810,853,818,874,835,890,814
P,937,839,848,811,853,817,873,835,892,812
P,936,837,849,810,853,818,873,833,891,813
P,935,839,849,811,855,814,869,839,894,815
P,936,840,849,810,852,819,873,836,891,812
P,931,840,848,810,851,818,873,834,891,813
P,938,840,848,809,852,817,872,833,891,812
P,935,839,849,811,856,821,873,833,892,814
P,933,840,848,811,852,818,873,835,891,814
P,939,840,849,811,854,817,873,833,892,813
P,935,837,848,807,849,817,874,835,895,813
P,933,835,848,810,851,817,873,834,892,813
P,937,835,848,810,852,817,873,834,893,812
P,937,840,848,810,854,817,873,833,891,812
P,933,836,848,810,853,818,873,833,891,814
P,939,838,848,806,854,816,873,836,890,813
P,932,836,849,810,853,816,873,834,889,814
P,937,840,849,810,854,817,873,836,892,814
P,937,839,848,809,853,818,873,833,889,813
P,939,837,847,809,854,818,873,834,891,813
P,936,840,849,809,852,818,874,835,890,812
P,939,838,850,811,853,817,872,835,890,813
P,935,838,848,810,854,818,874,832,890,813
P,935,839,847,809,853,818,873,834,892,812
P,935,837,848,809,851,817,874,832,893,813
P,934,839,848,810,854,817,872,833,893,813
P,935,839,848,810,853,816,874,831,889,813
P,932,837,847,810,855,817,872,834,892,814
P,933,838,849,808,853,818,873,834,892,813
P,935,837,848,810,854,818,873,833,893,813
P,933,837,849,808,855,818,874,832,890,812
P,931,838,849,808,856,817,873,833,893,812
P,936,839,852,811,856,819,872,832,892,812
P,936,837,849,809,856,817,871,834,892,814
P,937,837,849,810,856,819,874,835,892,811
P,937,839,849,809,855,819,871,833,893,814
P,935,838,848,809,856,818,872,835,891,813
P,936,839,849,811,856,817,872,831,892,812
P,937,839,849,809,855,817,873,834,895,811
P,938,839,848,811,855,817,871,833,890,813
P,940,836,848,809,855,818,873,834,890,812
P,937,837,849,810,856,816,871,833,893,813
P,934,837,848,806,858,818,872,833,890,813
P,933,841,848,808,853,817,873,834,891,812
P,934,839,849,811,856,817,874,834,893,813
P,939,839,849,809,856,818,873,834,891,811
P,933,837,849,810,856,819,872,833,890,813
P,937,839,848,809,853,818,873,831,892,813
P,935,839,850,809,856,819,873,830,890,814
P,937,837,850,811,852,818,875,831,892,813
P,932,837,849,809,856,817,873,832,892,813
P,936,836,849,809,856,818,874,834,893,814
P,938,838,849,809,858,818,874,833,890,813
P,933,838,848,812,858,817,874,832,891,811
P,935,840,849,810,862,817,874,832,894,813
P,932,838,849,811,861,815,875,832,895,813
P,935,840,849,809,862,817,875,833,896,814
P,933,837,850,809,860,817,874,829,895,813
P,936,840,849,808,859,817,873,834,897,812
P,935,840,850,810,860,818,874,833,894,813
P,938,839,849,807,855,816,874,833,895,813
P,936,839,849,810,857,817,874,829,896,812
P,936,838,846,810,854,817,876,832,897,813
P,937,835,848,809,852,816,874,832,896,812
P,936,839,849,809,851,816,875,832,896,812
P,934,843,848,810,850,818,875,833,896,813
P,938,839,849,810,850,818,876,830,897,814
P,934,839,849,810,850,820,878,831,895,814
P,936,838,849,810,850,817,875,831,898,813
P,935,839,850,810,852,817,876,832,897,813
P,936,837,850,809,849,818,875,833,897,812
P,938,839,851,811,848,816,876,830,898,813
P,934,839,851,810,850,818,875,833,897,813
P,936,839,853,810,849,818,876,832,895,812
P,939,840,854,808,851,819,875,829,897,813
P,934,839,853,810,849,818,875,831,897,813
P,934,838,853,809,850,817,875,831,898,813
P,933,838,854,810,850,818,875,831,898,814
P,940,841,852,810,850,817,874,831,896,811
P,937,836,853,807,850,817,875,832,896,813
P,935,839,852,809,849,818,875,834,897,812
P,938,840,854,810,850,818,876,832,900,813
P,940,841,852,809,849,817,873,831,895,813
P,938,837,852,809,851,817,875,830,897,811
P,933,838,852,809,850,817,874,831,895,812
P,945,841,852,807,851,818,875,832,898,813
P,936,839,853,808,849,818,874,832,900,813
P,931,839,852,810,851,818,875,832,898,813
P,935,838,853,810,849,817,874,831,898,813
P,938,838,851,811,850,817,874,831,899,812
P,938,839,851,810,850,817,875,831,898,810
P,935,842,850,809,850,817,875,832,896,813
P,934,838,853,810,850,817,874,833,899,812
P,937,840,852,809,849,818,875,831,898,811
P,937,839,852,809,848,818,876,831,898,812
P,933,840,852,810,850,817,876,830,898,812
P,933,840,851,810,848,818,875,832,899,812
P,938,840,851,809,850,818,875,830,896,812
P,935,839,852,809,850,818,875,831,897,814
P,934,839,851,809,851,817,876,831,899,812
P,938,840,851,810,850,818,874,832,896,810
P,937,839,852,809,849,817,876,833,897,812
P,935,839,850,809,848,817,876,831,895,814
P,938,838,852,810,847,817,876,832,895,811
P,935,839,851,810,849,818,877,831,897,813
P,935,840,851,808,848,818,875,831,900,813
P,940,843,853,810,848,817,875,832,897,813
P,932,841,852,810,850,818,876,832,896,813
P,939,838,851,809,847,817,876,832,896,811
P,938,838,851,808,848,817,875,831,896,812
P,933,838,852,810,850,817,875,831,897,812
P,937,837,851,809,847,817,875,831,897,812
P,932,840,852,809,847,817,875,831,897,810
P,937,839,850,808,848,818,876,831,898,811
P,937,841,851,810,848,817,876,833,896,811
P,936,839,852,810,848,817,876,832,898,813
P,938,838,851,810,847,818,875,831,895,810
P,935,837,852,809,849,818,874,832,897,813
P,935,839,851,809,847,818,875,830,896,811
P,934,837,852,810,848,818,875,829,897,813
P,935,837,850,810,849,817,876,830,899,813
P,933,840,851,809,847,817,877,830,898,812
P,932,836,850,810,848,817,876,832,894,813
P,940,841,850,809,848,817,876,830,897,812
P,939,841,850,808,849,817,876,830,896,811
P,933,839,851,809,848,817,876,831,897,813
P,938,840,852,809,848,817,876,830,896,813
P,930,840,852,808,847,818,876,831,894,812
P,935,839,851,808,847,817,875,830,893,812
P,934,839,851,809,847,817,876,832,896,812
P,940,838,851,810,848,816,876,832,896,812
P,938,838,851,808,849,817,876,831,894,811
P,934,840,851,809,847,817,875,831,895,812
P,937,840,850,810,848,817,877,832,895,812
P,938,839,850,810,851,820,876,831,896,814
P,939,838,850,808,848,817,876,831,894,811
P,937,837,852,809,848,817,875,830,897,812
P,927,837,851,809,849,816,877,830,896,813
P,938,840,850,810,848,816,877,830,895,812
P,937,838,850,809,849,817,877,832,896,813
P,935,838,852,810,848,816,875,830,895,812
P,931,839,851,809,849,816,876,829,897,812
P,934,838,851,808,848,817,877,829,896,813
P,936,838,850,808,848,817,877,830,895,813
P,937,839,851,809,848,817,877,831,895,813
P,937,839,852,808,846,819,875,829,897,812
P,931,837,849,809,848,816,877,830,898,812
P,935,839,851,807,848,817,877,831,895,811
P,933,840,850,808,850,817,876,832,896,813
P,937,839,851,808,848,816,877,830,894,811
P,938,840,850,809,847,816,876,830,898,812
P,933,839,850,807,848,815,876,830,898,811
P,937,838,851,809,847,817,878,830,896,813
P,935,838,851,808,850,817,876,830,896,812
P,937,841,851,809,846,817,877,832,895,813
P,936,841,851,809,847,813,876,831,896,811
P,931,839,851,809,848,816,876,832,898,811
P,935,838,851,808,848,817,876,829,895,813
P,938,840,851,809,848,817,875,829,897,811
P,940,841,852,810,847,815,875,830,897,811
P,935,840,851,809,847,816,877,832,894,812
P,939,840,851,808,847,818,877,832,892,813
P,938,839,849,808,847,817,877,829,895,813
P,934,839,851,808,849,816,876,831,895,814
P,930,840,850,810,849,816,877,829,897,812
P,937,841,851,808,850,816,879,832,897,812
P,936,838,851,808,848,817,879,830,896,812
P,939,836,851,808,851,818,879,831,895,811
P,934,839,851,808,851,815,880,828,896,811
P,934,838,851,808,850,815,880,831,898,812
P,937,837,851,808,851,817,879,830,899,812
P,936,840,851,810,847,816,880,830,895,813
P,938,839,850,808,850,815,880,829,897,812
P,940,840,850,808,849,816,877,832,894,815
P,938,839,851,809,849,816,879,829,896,812
P,939,840,850,808,850,816,879,829,898,813
P,941,842,852,808,844,815,878,828,896,811
P,931,837,850,807,849,816,879,831,897,812
P,933,837,849,807,849,817,878,828,896,812
P,937,840,850,809,850,817,878,831,896,812
P,937,840,851,809,848,817,879,831,898,812
P,933,840,851,808,849,817,878,831,893,811
P,931,837,850,807,849,816,879,829,895,811
P,935,838,851,809,850,817,877,830,894,813
P,936,839,851,808,848,815,877,829,896,812
P,935,839,849,806,849,815,877,829,897,811
P,936,839,849,808,849,816,875,828,896,813
P,936,839,851,808,847,817,877,830,894,812
P,934,841,850,810,849,816,878,831,894,812
P,934,839,850,809,848,816,879,829,900,811
P,937,837,851,810,847,816,878,830,896,810
P,933,838,847,808,847,815,877,831,896,810
P,938,839,849,808,847,817,878,831,895,812
P,931,837,850,807,849,816,878,829,897,812
P,933,840,851,809,847,815,877,829,895,813
P,930,842,853,810,848,816,878,829,894,811
P,934,840,850,808,849,815,879,830,894,810
P,936,839,851,809,849,815,877,830,895,810
P,934,838,851,808,853,816,879,830,895,810
P,933,838,852,808,863,816,881,830,895,810
P,937,840,853,810,870,815,882,829,897,813
P,940,841,855,808,877,816,885,829,896,812
P,938,839,857,808,878,815,884,831,897,811
P,937,839,856,809,882,816,884,829,895,813
P,935,838,855,808,882,816,885,831,896,811
P,934,839,856,808,882,815,884,829,896,812
P,936,840,857,808,879,815,883,828,895,811
P,939,838,856,810,880,813,882,828,895,813
P,933,838,856,809,878,815,883,831,896,811
P,939,838,856,810,877,816,884,827,895,811
P,933,838,856,810,878,816,882,829,896,812
P,927,843,855,809,875,816,883,828,895,812
P,934,839,855,807,875,813,882,830,897,811
P,933,837,855,809,873,816,881,828,896,811
P,934,837,856,808,873,815,882,828,895,811
P,939,840,856,807,870,815,884,828,897,813
P,936,839,855,807,870,815,883,827,895,811
P,936,839,855,808,870,816,882,830,895,811
P,940,836,856,807,871,816,883,828,896,812
P,937,838,855,809,867,816,883,827,897,812
P,935,838,856,809,868,815,883,828,895,812
P,936,840,856,809,867,815,884,829,896,811
P,932,839,855,809,865,815,883,829,896,811
P,932,839,854,807,864,816,882,827,897,810
P,939,839,856,810,868,811,884,828,894,811
P,936,839,855,808,864,815,884,829,893,813
P,936,840,854,810,863,815,883,828,895,812
P,935,839,855,810,867,815,884,829,894,812
P,937,839,854,809,865,816,885,827,898,811
P,935,840,855,807,863,816,883,829,898,812
P,937,838,854,809,863,814,883,827,897,813
P,933,839,855,808,863,814,884,828,899,813
P,942,837,856,809,864,815,882,826,896,812
P,935,838,855,809,867,815,884,826,897,812
P,938,838,856,808,879,815,885,829,894,812
P,935,840,856,808,881,815,885,829,895,812
P,937,839,857,809,884,814,886,828,895,813
P,932,838,857,810,884,816,886,827,897,813
P,942,833,860,808,885,814,886,829,895,813
P,937,838,858,808,884,815,885,828,896,811
P,933,839,857,811,887,815,885,826,896,811
P,933,839,857,809,887,815,885,827,899,811
P,937,837,857,808,882,814,884,827,897,811
P,936,840,858,808,880,814,884,828,896,811
P,938,836,858,808,880,813,885,828,896,811
P,932,838,857,808,877,815,884,828,893,812
P,937,839,855,809,876,814,881,828,890,810
P,934,838,858,808,876,815,881,828,895,811
P,933,839,855,808,874,814,880,829,896,813
P,934,839,856,809,871,815,882,828,894,812
P,932,839,857,808,870,813,882,829,895,810
P,932,841,856,808,869,814,882,828,895,811
P,936,839,856,808,869,815,882,826,895,810
P,932,839,856,808,869,814,883,827,895,810
P,936,838,856,809,867,816,883,827,894,810
P,928,832,855,806,869,814,883,828,896,812
P,937,840,857,809,867,813,883,829,897,811
P,934,837,855,808,866,812,883,828,893,811
P,936,838,857,808,867,816,880,827,897,812
P,936,840,857,807,868,815,882,829,895,812
P,936,837,856,809,870,814,883,828,895,813
P,936,841,856,809,871,814,882,828,893,810
P,934,839,856,809,871,814,881,829,895,812
P,936,841,855,809,874,814,882,828,893,810
P,935,840,856,809,873,815,882,827,893,811
P,939,837,855,809,871,815,882,827,896,810
P,935,838,855,808,874,814,881,828,895,812
P,937,840,856,808,873,815,881,827,896,811
