S,924,909,946,838,901,828,878,840,901,790
S,924,908,945,839,901,828,877,838,902,791
S,922,905,946,837,901,829,878,839,901,790
S,923,907,946,838,900,828,878,839,900,789
S,924,908,945,838,901,827,879,841,902,790
S,922,908,945,837,901,828,877,840,900,790
S,923,906,946,838,902,827,879,838,900,789
S,922,905,945,838,901,827,877,840,900,789
S,921,905,946,839,903,827,875,840,901,789
S,924,907,944,838,904,828,878,839,901,790
S,925,908,946,837,902,828,878,840,901,789
S,924,909,945,839,902,828,879,839,901,789
S,923,908,946,839,902,828,878,839,902,790
S,923,907,946,838,903,828,878,839,902,790
S,923,906,944,838,904,828,878,842,902,791
S,926,907,945,840,905,830,879,841,902,792
S,926,906,946,839,905,828,879,841,900,792
S,935,904,946,838,904,830,879,841,902,793
S,927,905,946,838,905,831,879,844,903,795
S,924,906,946,839,906,829,878,844,903,793
S,928,904,944,840,906,829,879,845,901,795
S,929,905,945,837,906,829,878,845,902,795
S,928,908,945,842,901,831,880,845,902,795
S,928,907,946,838,906,831,878,845,901,795
S,928,905,946,840,904,831,878,845,901,796
S,930,902,944,839,902,830,879,844,904,794
S,924,907,944,841,901,831,877,847,903,796
S,926,904,944,842,902,831,878,845,905,795
S,934,908,945,841,903,831,878,845,905,795
S,938,907,945,839,901,831,878,846,904,796
S,939,907,944,841,902,831,877,847,903,795
S,936,908,947,841,901,831,878,845,904,794
S,935,905,946,841,905,830,879,845,903,795
S,936,907,945,840,901,830,880,847,903,795
S,937,907,947,838,902,830,877,846,903,795
S,940,904,947,839,899,829,878,844,904,792
S,941,905,945,839,903,829,878,844,904,794
S,941,905,944,839,903,830,878,843,904,793
S,942,904,946,841,905,831,876,843,904,792
S,935,905,945,840,905,829,877,841,903,793
S,940,907,947,839,904,830,877,843,903,791
S,941,907,946,838,903,831,878,841,904,794
S,939,905,944,839,905,831,879,844,908,795
S,942,905,945,839,906,829,878,844,903,794
S,942,905,944,838,905,830,877,844,904,793
S,942,905,945,843,903,830,878,845,905,792
S,940,905,945,838,904,830,876,844,904,794
S,942,903,945,838,905,829,877,845,903,795
S,943,903,944,840,906,830,877,844,902,793
S,940,905,945,839,904,830,878,843,905,791
S,939,905,946,839,907,828,878,845,901,793
S,941,904,944,839,906,831,877,842,903,794
S,940,905,945,839,902,831,878,844,904,791
S,939,903,945,840,904,829,878,844,904,793
S,932,906,946,839,904,830,878,845,903,792
S,933,902,944,838,903,830,877,845,905,791
S,933,905,946,838,903,829,879,843,905,792
S,930,906,946,841,904,829,878,845,904,792
S,945,904,946,838,901,830,877,845,904,791
S,942,903,944,838,904,830,877,842,903,792
S,926,902,945,840,897,830,876,845,902,791
S,926,902,942,840,900,829,877,843,905,791
S,928,901,943,840,901,830,878,842,904,791
S,927,899,944,839,903,830,874,845,905,790
S,926,898,944,839,903,829,877,844,904,790
S,928,896,945,841,897,828,877,843,903,791
S,928,895,944,837,901,829,876,843,904,792
S,927,894,944,838,903,829,877,843,903,790
S,928,890,944,839,902,829,875,841,904,790
S,931,882,945,838,901,829,878,843,905,789
S,927,881,945,839,902,829,876,844,903,791
S,925,878,944,837,899,828,876,843,905,789
S,932,876,944,838,900,826,877,840,902,792
S,929,875,944,837,902,828,877,840,906,788
S,933,876,942,838,901,829,878,841,905,790
S,927,874,945,836,902,827,875,843,905,790
S,929,875,944,838,899,828,876,840,903,789
S,927,883,943,838,902,828,877,840,904,789
S,934,883,944,838,900,828,878,840,904,789
S,930,887,943,838,905,829,876,839,902,790
S,933,891,944,837,903,829,876,841,905,790
S,932,894,943,838,904,827,877,840,905,788
S,930,895,944,837,902,829,877,842,905,788
S,932,895,943,837,904,829,878,841,904,791
S,928,900,943,838,905,828,877,840,903,788
S,930,894,944,837,903,827,877,842,905,790
S,926,898,942,839,903,828,877,841,906,789
S,930,897,943,838,904,829,876,841,904,790
S,927,898,944,838,907,829,877,840,905,788
S,926,900,941,838,905,830,876,841,905,790
S,930,898,941,837,901,828,876,840,907,790
S,924,901,943,837,908,828,877,838,905,789
S,925,898,944,837,904,828,877,842,905,789
S,931,900,943,837,901,829,876,841,907,789
S,927,898,942,838,902,828,876,841,905,790
S,926,899,943,836,902,829,876,842,904,788
S,931,901,941,835,902,828,876,841,906,789
S,928,900,942,838,903,829,875,841,905,789
S,927,899,940,837,898,829,875,840,906,790
S,926,898,944,839,903,830,876,841,906,788
S,928,900,942,836,902,829,877,842,906,788
S,928,897,941,838,902,828,876,837,906,788
S,929,901,943,837,902,828,876,841,906,789
S,924,901,942,838,902,828,876,839,903,789
S,929,900,941,837,901,828,876,842,906,788
S,933,902,945,838,903,828,875,840,904,789
S,926,900,943,837,903,829,875,841,905,789
S,928,901,941,838,903,829,876,840,905,788
S,928,899,943,837,903,828,875,841,905,789
S,926,901,942,836,905,828,877,840,907,789
S,925,900,941,838,904,828,875,840,904,789
S,929,899,939,839,906,829,878,839,904,789
S,923,899,941,837,903,826,876,839,903,789
S,926,899,943,838,903,829,874,841,906,788
S,929,900,943,837,906,828,875,840,905,788
S,926,899,943,837,904,829,876,840,905,789
S,925,899,942,837,902,829,876,840,906,790
S,923,903,940,838,902,829,875,838,904,789
S,925,900,941,838,903,828,875,841,905,789
S,928,899,942,838,899,828,876,841,906,789
S,930,899,943,836,900,827,875,838,905,787
S,928,901,942,837,901,829,875,838,906,789
S,932,897,943,839,898,829,877,839,905,789
S,928,900,942,838,900,828,876,839,904,788
S,929,900,940,838,902,829,875,841,905,788
S,925,901,940,838,901,827,876,838,904,788
S,929,900,943,838,904,827,874,838,907,786
S,925,897,941,837,900,826,875,841,905,788
S,926,900,943,838,898,826,876,838,906,787
S,930,898,942,837,903,828,875,840,904,789
S,925,898,943,837,904,828,875,841,906,789
S,930,898,942,838,903,828,875,839,906,788
S,928,897,942,838,900,827,875,839,904,787
S,924,899,941,835,906,828,875,837,903,789
S,927,897,943,835,903,826,875,839,905,788
S,926,899,944,837,905,828,876,838,904,789
S,929,897,943,838,906,828,875,839,905,790
S,930,899,942,837,899,829,874,838,904,788
S,925,898,943,835,902,826,877,840,903,786
S,931,896,942,836,899,826,876,839,907,789
S,926,896,944,837,899,828,876,840,907,788
S,926,899,942,836,906,826,875,841,907,789
S,925,898,942,837,902,828,875,839,904,790
S,936,899,942,836,903,828,874,841,902,788
S,930,899,941,837,901,827,874,840,906,787
S,926,896,945,838,894,829,873,839,903,788
S,929,897,942,836,902,828,875,840,905,787
S,926,899,941,836,905,827,875,841,906,786
S,927,895,940,837,898,826,876,841,904,787
S,931,896,943,837,899,828,876,840,907,788
S,929,898,941,837,903,826,876,839,907,789
S,927,898,942,836,899,828,875,839,906,789
S,930,897,943,838,903,827,876,839,906,788
S,929,897,941,840,899,829,877,839,903,787
S,927,899,941,838,897,828,877,838,908,789
S,932,896,942,837,899,827,876,840,907,785
S,927,900,943,837,904,827,874,839,906,788
S,929,894,943,835,897,827,876,839,904,787
S,933,898,942,837,896,828,876,839,906,786
S,936,899,942,836,896,826,877,841,906,788
S,933,899,942,837,897,828,877,842,904,788
S,934,901,941,836,896,826,878,840,905,789
S,931,898,941,837,898,830,877,841,905,788
S,931,900,941,837,900,829,875,838,907,787
S,931,900,943,837,897,829,875,840,905,788
S,922,903,940,836,898,829,875,842,906,788
S,930,899,942,837,901,829,876,842,906,788
S,928,897,942,836,899,830,875,841,905,786
S,928,900,942,837,897,827,876,841,905,783
S,928,898,940,836,897,828,877,841,907,786
S,929,896,941,835,896,828,877,841,905,787
S,926,900,939,838,900,828,876,838,907,785
S,931,901,942,836,898,829,876,842,904,787
S,930,899,942,838,892,828,876,842,904,787
S,928,900,940,836,899,828,874,843,909,786
S,930,897,942,835,895,826,876,839,904,786
S,933,897,942,834,896,829,873,841,904,785
S,928,899,941,835,896,828,875,839,905,786
S,927,895,939,837,900,828,877,840,907,785
S,929,897,942,836,895,828,876,841,905,787
S,932,896,942,837,899,828,876,840,905,786
S,929,898,940,837,897,827,874,839,906,786
S,928,899,942,835,896,827,877,841,905,787
S,929,897,941,835,896,828,876,838,905,785
S,927,897,941,837,896,828,877,840,906,784
S,924,896,939,836,901,830,877,842,905,786
S,931,897,940,836,898,828,875,836,904,781
S,929,900,940,836,899,827,875,841,905,785
S,926,901,942,836,900,828,875,840,904,787
S,931,898,941,835,897,828,876,841,907,785
S,927,899,941,838,899,827,874,840,908,786
S,927,896,941,837,897,827,875,840,907,786
S,930,899,940,837,896,829,875,843,909,785
S,925,899,939,837,895,827,876,840,904,786
S,933,898,939,837,896,829,875,838,904,785
S,928,898,942,835,900,828,876,841,905,786
S,929,902,943,833,901,829,874,839,905,785
S,926,898,941,837,895,828,875,839,902,785
S,927,896,941,836,900,826,875,840,906,785
S,926,895,942,838,902,826,875,840,905,785
S,930,898,941,836,897,828,875,841,903,786
S,927,899,942,836,899,829,876,842,904,787
S,928,898,941,837,902,827,875,842,906,784
S,927,899,941,836,896,828,876,840,905,784
S,928,897,940,838,898,828,875,839,905,785
S,929,897,942,836,896,828,876,838,907,786
S,932,898,941,834,901,829,875,840,906,783
S,932,899,942,834,896,829,875,841,905,782
S,926,899,940,834,898,827,874,841,905,785
S,928,900,942,836,898,828,875,841,905,785
S,928,897,941,835,900,826,876,840,907,784
S,929,896,941,835,896,827,876,840,903,784
S,929,897,940,835,899,826,876,839,907,785
S,930,900,940,836,898,827,874,839,906,785
S,929,898,942,836,900,827,876,841,903,785
S,937,901,940,834,902,827,875,840,906,786
S,926,898,942,837,898,827,876,838,905,785
S,930,899,941,837,902,827,874,840,906,784
S,924,898,941,834,900,826,875,841,904,784
S,926,900,942,834,894,827,876,838,905,785
S,927,899,940,837,892,826,876,839,904,784
S,929,898,941,835,900,828,876,841,905,784
S,927,900,940,833,895,828,875,841,907,784
S,924,898,939,832,895,827,877,838,904,785
S,927,899,942,834,895,827,876,838,906,785
S,930,895,941,835,899,827,875,839,906,785
S,925,900,940,835,895,827,876,840,908,787
S,936,894,942,835,898,828,877,840,907,786
S,934,897,940,835,898,830,874,842,909,791
S,936,899,941,836,904,829,878,843,908,788
S,935,897,942,838,903,828,877,843,908,789
S,934,897,940,836,900,828,877,845,907,790
S,938,898,942,837,900,829,878,845,910,789
S,934,897,942,838,902,830,878,846,905,792
S,937,897,941,838,901,828,879,845,908,792
S,933,899,942,836,904,829,878,848,906,790
S,937,900,941,836,897,829,878,844,910,790
S,934,898,940,838,903,831,878,848,909,791
S,938,900,941,838,905,829,879,846,909,791
S,939,901,943,838,903,830,881,846,906,791
S,934,898,940,836,903,830,878,846,907,790
S,935,899,942,835,900,829,881,844,907,791
S,936,900,942,839,901,830,880,844,908,790
S,939,898,942,839,900,830,879,849,904,791
S,930,898,940,837,899,830,880,845,906,791
S,937,897,940,839,902,828,879,847,905,789
S,938,898,941,838,902,831,879,846,908,789
S,935,898,942,838,898,829,879,845,907,789
S,929,901,939,837,898,829,878,845,906,788
S,932,900,941,837,899,829,880,847,908,789
S,935,897,943,839,901,828,879,847,906,788
S,935,899,941,837,900,830,877,843,908,786
S,932,897,941,836,901,828,879,844,908,789
S,928,899,940,837,899,830,878,843,905,788
S,929,898,942,837,897,828,879,846,908,788
S,936,898,941,836,901,830,880,847,906,788
S,930,897,941,836,896,829,879,844,906,787
S,929,897,940,836,899,829,879,845,906,786
S,934,898,941,838,895,830,880,845,906,786
S,935,898,940,839,897,831,877,844,906,789
S,930,899,942,837,899,829,877,844,907,787
S,933,899,941,836,895,829,878,844,907,788
S,933,898,941,838,897,828,878,844,905,788
S,930,899,940,837,898,829,879,843,908,787
S,934,899,938,834,896,829,879,840,906,786
S,934,897,941,837,895,829,877,843,906,788
S,932,899,941,837,899,828,877,844,905,789
S,932,896,941,836,897,829,878,844,905,787
S,927,898,941,836,899,830,877,841,907,787
S,932,898,940,837,897,830,877,845,905,785
S,934,896,940,835,898,829,879,845,905,788
S,929,898,939,837,896,828,878,843,905,788
S,932,900,940,835,900,830,879,844,907,787
S,930,899,939,834,899,827,879,843,906,788
S,930,899,941,836,893,829,879,844,905,787
S,937,906,941,836,901,829,878,842,907,786
S,931,899,940,836,899,829,879,843,905,788
S,928,896,941,836,893,829,877,842,905,786
S,933,900,941,836,898,829,876,845,906,789
S,929,897,940,834,895,828,878,843,905,785
S,931,898,940,836,891,830,876,842,908,787
S,930,897,939,835,894,828,876,841,905,785
S,931,897,940,836,895,829,879,839,905,789
S,933,898,941,836,896,830,878,843,907,787
S,932,897,939,836,900,829,877,843,908,787
S,935,897,941,837,895,828,876,842,905,786
S,931,899,941,836,898,828,877,841,905,787
S,932,899,940,836,890,829,875,841,907,788
S,930,900,942,837,900,826,880,843,907,787
S,926,898,940,835,897,827,877,842,906,786
S,927,899,940,835,899,830,876,842,908,788
S,933,899,941,837,897,829,880,844,906,785
S,928,898,941,835,893,828,876,841,906,786
S,929,898,941,835,897,827,878,841,909,790
S,931,896,941,836,896,828,877,842,905,786
S,932,899,941,834,899,829,878,842,905,787
S,931,898,940,835,898,828,878,841,908,786
S,929,896,941,836,897,828,878,840,908,787
S,927,902,939,835,898,828,878,843,907,787
S,929,899,941,837,894,827,878,841,906,787
S,925,897,941,836,899,828,878,842,905,787
S,932,897,940,835,892,825,879,841,906,788
S,929,895,940,835,898,827,878,838,906,786
S,933,895,941,836,897,827,878,840,907,786
S,928,897,940,835,896,830,879,843,906,790
S,929,896,941,836,895,828,877,841,904,785
S,931,898,939,837,899,828,878,843,905,788
S,931,899,939,835,895,828,877,841,905,787
S,928,898,939,835,897,827,876,840,905,787
S,931,895,938,833,892,826,878,845,907,787
S,929,896,939,835,891,827,878,840,906,786
S,926,897,940,835,896,828,877,840,904,788
S,932,896,939,835,894,830,876,842,902,786
S,929,896,941,834,897,828,877,842,908,786
S,926,897,941,836,897,827,878,842,906,787
S,922,897,940,834,896,828,878,842,904,788
S,930,898,940,837,897,828,878,841,906,787
S,930,899,941,835,897,828,878,839,906,786
S,933,897,939,835,895,828,878,842,904,785
S,928,894,941,833,890,827,877,842,907,786
S,935,896,936,835,895,827,877,840,908,786
S,929,898,941,838,900,827,879,837,908,787
S,925,896,939,835,898,827,877,841,905,785
S,928,897,940,835,897,826,875,841,908,784
S,923,899,940,837,901,828,877,841,906,786
S,932,897,941,836,894,829,876,839,904,785
S,925,895,940,834,894,828,876,841,908,785
S,931,897,941,835,893,827,876,842,904,784
S,934,896,940,835,896,827,876,839,905,786
S,928,895,940,835,897,828,876,841,905,787
S,928,896,940,836,896,826,876,842,909,784
S,930,898,941,834,896,827,876,841,904,786
S,928,896,941,836,891,829,876,841,902,786
S,926,896,939,836,895,827,876,841,906,786
S,932,897,943,834,896,826,877,839,903,785
S,930,896,940,835,893,827,876,840,905,786
S,930,895,940,835,897,825,877,844,906,787
S,926,895,939,836,894,827,876,842,905,786
S,930,898,939,835,895,826,874,840,904,787
S,930,896,941,836,894,828,874,839,906,788
S,926,895,940,836,894,827,875,839,905,786
S,926,894,940,836,894,827,875,841,905,787
S,927,894,942,837,895,828,874,841,906,786
S,929,892,940,837,892,827,876,840,905,785
S,926,895,939,835,889,826,874,844,908,788
S,932,897,941,835,894,827,875,841,903,787
S,928,895,939,834,893,826,874,843,904,786
S,928,898,939,836,894,827,873,841,906,785
S,925,895,941,835,894,829,876,842,901,789
S,930,894,940,835,891,826,874,840,907,787
S,933,895,938,834,894,827,875,841,904,786
S,929,895,939,834,896,827,874,841,906,785
S,934,894,940,834,893,827,874,840,904,787
S,926,895,939,834,892,828,875,841,904,786
S,929,894,941,835,893,827,876,842,906,787
S,928,895,940,834,893,828,874,840,905,785
S,929,893,940,833,897,826,873,841,906,786
S,926,896,939,834,892,827,873,842,906,787
S,928,896,942,837,900,828,875,838,906,786
S,926,895,940,834,891,827,875,840,904,785
S,928,894,940,834,893,828,875,841,903,787
S,927,896,940,834,894,828,875,841,905,785
S,932,894,937,837,891,825,874,840,904,785
S,930,894,941,835,895,826,874,839,904,786
S,928,895,940,833,896,827,874,840,906,785
S,929,899,937,835,897,827,875,842,904,787
S,924,896,939,835,892,827,874,841,906,786
S,927,897,941,835,894,827,875,837,906,786
S,932,897,936,833,892,829,874,841,904,785
S,928,896,940,834,896,827,873,838,905,786
S,929,894,939,836,895,827,875,841,905,785
S,923,897,938,835,896,828,873,840,905,785
S,931,889,941,835,895,826,875,839,906,784
S,929,892,939,835,890,828,874,840,906,785
S,926,895,939,833,892,828,874,840,905,785
S,927,894,940,836,893,828,875,840,904,784
S,927,892,937,834,895,826,874,838,905,785
S,931,889,939,835,896,825,874,838,906,786
S,924,891,940,836,894,827,874,839,906,785
S,928,892,940,836,894,828,876,839,903,785
S,926,886,939,835,898,824,874,840,905,786
S,930,886,938,834,896,827,875,838,902,785
S,926,883,940,834,892,826,875,840,905,785
S,931,883,939,834,895,826,873,840,903,785
S,926,877,941,834,897,826,873,841,907,785
S,932,877,941,834,894,826,873,840,905,787
S,949,876,941,835,894,825,874,840,906,785
S,950,876,941,835,895,826,873,838,902,788
S,956,876,942,836,896,826,874,839,902,786
S,945,873,939,833,895,826,874,839,904,787
S,945,875,939,835,896,825,874,838,905,789
S,940,875,939,832,894,825,872,838,905,786
S,949,871,940,834,896,827,874,838,905,789
S,947,873,939,835,893,827,874,837,904,788
S,943,873,939,833,895,826,874,835,906,789
S,947,876,939,836,893,826,873,838,902,788
S,944,872,939,833,894,827,872,837,905,789
S,948,875,940,835,892,825,872,837,903,787
S,949,874,941,834,896,826,873,837,902,787
S,952,872,941,833,894,827,874,840,902,787
S,948,875,939,834,892,825,873,837,903,786
S,942,881,941,833,896,824,871,837,904,787
S,953,883,939,833,893,826,873,837,904,789
S,955,884,938,834,893,824,873,835,903,787
S,962,884,939,835,895,826,872,839,901,788
S,963,884,937,833,894,827,874,836,903,788
S,936,880,938,832,901,826,871,840,904,788
S,938,883,938,836,900,825,872,836,902,790
S,939,880,937,835,898,827,873,839,900,791
S,935,877,937,834,898,828,871,839,901,792
S,947,877,937,834,899,827,872,838,900,792
S,938,875,939,834,899,827,873,839,902,794
S,939,876,939,834,899,828,873,841,902,794
S,939,872,935,834,895,827,873,838,901,791
S,944,874,936,833,897,827,872,837,901,794
S,944,868,935,834,896,826,869,840,898,796
S,946,871,934,835,893,828,871,841,901,796
S,946,868,936,836,896,827,870,839,901,794
S,953,865,938,836,894,828,870,841,897,793
S,944,862,937,833,893,827,870,841,900,796
S,938,856,938,836,896,826,872,842,901,795
S,939,857,936,835,896,826,870,841,895,794
S,938,855,937,834,890,827,868,840,899,799
S,938,851,936,835,893,828,869,841,896,796
S,940,853,937,835,892,825,871,841,899,796
S,941,850,936,836,892,828,870,838,899,795
S,942,847,937,835,894,827,869,840,899,796
S,928,849,937,836,894,827,869,838,899,796
S,932,849,935,836,894,827,869,837,896,797
S,930,850,936,835,894,825,870,838,899,797
S,927,850,938,834,894,826,870,839,897,796
S,926,847,936,834,892,825,869,837,899,796
S,926,848,936,836,895,826,868,838,899,797
S,927,845,936,834,893,825,870,838,895,796
S,927,837,936,834,892,825,868,841,897,795
S,931,837,935,833,893,825,869,837,897,795
S,926,838,936,833,893,825,870,836,896,795
S,931,840,933,832,889,824,870,836,896,794
S,925,838,933,833,892,825,870,836,897,793
S,932,837,933,833,893,824,870,837,896,793
S,929,841,933,832,891,824,869,834,896,793
S,934,839,934,831,894,825,870,835,896,794
S,924,839,932,832,894,823,871,835,897,795
S,925,839,932,831,894,824,872,833,897,794
S,923,837,931,831,894,823,872,837,898,793
S,925,836,934,834,897,824,871,835,895,794
S,927,837,931,832,896,823,870,835,895,792
S,929,838,933,834,897,824,871,836,895,793
S,928,837,932,832,897,825,869,834,895,792
S,925,839,934,831,899,824,870,837,897,793
S,928,838,935,833,898,825,869,838,894,793
S,933,841,935,831,898,823,870,834,896,792
S,924,845,934,832,898,823,869,836,895,793
S,935,845,935,834,897,823,869,834,895,791
S,936,849,934,832,896,824,870,834,896,792
S,932,852,935,833,896,824,870,834,895,793
S,932,853,935,834,897,823,869,834,894,791
S,934,861,931,834,899,826,870,836,896,790
S,934,861,933,837,898,824,870,838,895,790
S,934,866,928,835,898,825,870,834,895,790
S,937,870,929,834,895,825,870,836,897,792
S,934,872,925,835,899,824,870,836,896,792
S,947,873,927,835,894,825,871,833,896,791
S,933,876,928,839,898,824,870,835,896,792
S,929,879,923,835,896,825,871,838,896,789
S,937,881,923,835,895,824,869,833,896,792
S,936,884,923,834,896,825,870,837,896,793
S,936,885,920,837,896,826,871,836,894,792
S,937,884,920,836,897,824,870,836,897,791
S,931,883,920,837,896,825,871,838,897,790
S,933,886,919,835,895,825,872,834,894,789
S,930,886,919,835,894,824,872,835,896,790
S,936,887,918,834,895,825,870,836,897,789
S,939,882,917,836,895,825,868,837,895,791
S,933,887,916,836,894,825,871,836,897,791
S,937,890,915,835,893,824,870,836,897,791
S,941,888,916,834,895,826,870,836,896,790
S,927,884,914,836,895,825,871,835,895,790
S,932,882,914,834,895,825,869,838,897,792
S,931,883,915,833,895,825,871,835,895,790
S,928,881,912,834,894,826,869,837,894,790
S,934,880,913,836,896,823,871,835,896,790
S,932,876,913,833,896,822,871,837,895,789
S,931,870,917,833,894,825,870,838,897,788
S,931,869,919,832,894,824,869,837,895,791
S,934,865,920,831,897,822,871,839,898,791
S,927,862,922,833,899,824,868,836,896,790
S,928,862,923,832,901,825,870,838,897,788
S,933,854,924,831,901,825,869,837,895,790
S,932,855,923,831,902,824,869,839,894,792
S,934,856,924,831,901,824,869,837,892,790
S,929,855,921,831,898,823,868,836,895,791
S,929,858,921,831,898,825,869,838,894,789
S,930,856,922,833,898,825,870,837,895,791
S,932,857,920,832,895,825,867,838,896,789
S,927,856,922,831,897,823,869,839,895,791
S,925,857,921,831,896,823,866,836,894,790
S,928,858,921,831,897,823,867,835,897,791
S,928,859,920,831,898,824,868,838,897,789
S,934,858,921,832,898,824,868,838,895,790
S,932,861,919,833,899,825,868,836,895,791
S,932,863,919,833,897,823,867,839,894,792
S,934,864,919,834,897,824,868,838,894,790
S,935,862,916,832,899,824,867,837,894,791
S,929,865,917,834,898,825,868,837,893,790
S,931,866,916,833,897,825,868,839,895,792
S,933,866,915,832,896,822,867,837,896,790
S,932,864,913,832,898,824,866,836,894,789
S,927,865,915,832,896,824,868,842,894,792
S,927,864,914,832,894,824,868,842,893,792
S,928,866,914,832,895,825,869,837,893,791
S,918,863,914,833,897,824,867,838,894,791
S,930,862,914,831,893,824,868,837,893,792
S,930,864,913,833,896,823,866,836,897,789
S,931,864,912,831,896,825,866,839,895,791
S,930,860,911,834,891,824,868,837,894,790
S,931,862,913,831,896,824,866,838,893,791
S,926,864,913,833,896,824,868,835,895,790
S,931,863,912,831,897,824,866,836,894,791
S,933,866,912,832,898,823,866,836,896,792
S,929,863,915,831,897,823,869,835,895,791
S,925,861,917,831,895,823,868,836,894,790
S,929,859,918,832,893,823,867,836,893,791
S,930,861,919,831,894,823,868,838,895,792
S,932,859,920,830,892,824,869,834,894,793
S,930,857,922,830,896,824,867,837,893,790
S,931,858,921,830,894,824,867,835,894,790
S,935,859,923,831,895,824,866,834,894,792
S,925,857,921,829,892,823,868,836,895,793
S,931,858,925,830,893,824,867,835,894,791
S,931,854,923,831,894,823,866,837,891,797
S,933,856,924,830,892,822,866,839,892,792
S,931,853,926,831,894,823,867,836,894,792
S,928,851,926,832,895,823,867,835,892,791
S,931,851,926,830,892,824,868,839,897,790
S,928,855,931,831,894,824,868,836,893,791
S,926,851,931,831,894,822,868,835,894,792
S,926,850,934,829,895,823,866,836,894,793
S,925,853,930,831,894,823,867,837,893,790
S,925,847,935,830,895,822,867,835,894,791
S,928,841,933,831,896,823,868,836,894,791
S,929,836,932,830,898,822,867,836,894,793
S,929,836,933,831,899,823,867,839,895,791
S,931,837,932,831,901,824,867,836,893,792
S,927,831,934,832,900,824,867,837,894,791
S,928,836,932,831,900,824,868,836,894,791
S,928,837,933,829,900,825,868,836,893,791
S,928,838,933,832,902,826,869,838,895,793
S,927,839,933,832,907,826,869,838,893,792
S,921,837,932,831,904,825,870,838,891,792
S,926,832,934,834,907,824,870,836,892,790
S,925,833,932,831,910,824,869,836,892,791
S,922,833,931,831,908,824,869,839,890,788
S,924,832,933,831,909,824,870,837,888,790
S,924,832,932,831,907,826,871,835,893,791
S,923,834,933,830,908,824,872,836,890,792
S,930,835,934,831,908,824,872,839,892,791
S,931,835,935,833,907,824,872,836,890,790
S,924,833,931,829,904,824,872,838,892,792
S,930,834,931,827,909,824,872,836,891,792
S,923,839,934,830,909,824,872,838,892,791
S,925,840,935,830,909,824,872,836,891,791
S,924,838,936,831,908,824,872,839,891,791
S,927,843,944,830,908,825,872,837,890,793
S,934,847,945,828,907,827,872,839,891,790
S,929,844,947,832,905,825,872,837,893,791
S,926,849,945,830,907,825,870,837,891,792
S,927,851,943,833,906,825,872,832,888,795
S,933,859,939,831,903,824,871,837,891,792
S,926,861,938,834,904,825,870,839,891,792
S,933,867,934,837,901,825,871,837,890,792
S,928,874,930,839,903,827,871,839,891,792
S,933,877,928,838,900,827,869,840,892,790
S,929,881,919,843,900,827,870,840,893,791
S,930,880,917,843,900,827,871,842,892,791
S,932,885,919,844,901,826,870,842,890,791
S,932,886,915,845,902,827,868,840,896,790
S,940,887,912,847,898,827,869,840,894,792
S,937,893,912,846,901,827,867,844,896,793
S,938,892,909,849,898,828,869,842,894,792
S,940,895,907,849,901,828,870,843,894,791
S,935,895,904,849,899,829,870,841,892,790
S,933,895,901,851,897,830,868,843,893,793
S,930,895,902,850,897,828,868,842,894,791
S,931,899,902,849,896,827,869,841,892,792
S,934,896,900,849,896,828,868,841,893,792
S,930,899,899,848,895,828,870,839,893,791
S,934,899,900,850,895,827,870,843,897,793
S,933,899,897,849,895,829,869,841,892,789
S,924,896,894,850,898,828,869,843,894,791
S,931,900,898,850,894,828,869,840,894,791
S,930,896,896,847,893,828,870,842,894,792
S,935,894,898,848,895,828,868,840,894,789
S,932,894,900,848,893,829,869,841,894,790
S,930,893,895,848,897,829,868,842,892,791
S,930,896,897,847,896,831,870,840,894,792
S,930,894,895,850,895,828,869,842,894,791
S,931,894,896,849,894,829,870,842,894,791
S,931,894,897,848,895,829,870,838,895,790
S,929,894,895,848,894,828,871,841,891,790
S,932,894,899,848,893,828,869,838,891,791
S,930,890,897,848,895,828,870,836,893,790
S,930,894,894,848,893,827,870,842,892,790
S,931,891,896,848,895,827,873,837,891,791
S,936,893,894,850,894,827,872,841,893,792
S,931,890,896,848,894,828,874,842,898,792
S,933,890,890,846,895,830,874,839,899,792
S,934,891,897,849,892,827,874,843,898,794
S,934,892,898,847,896,829,874,844,900,795
S,933,891,899,849,895,829,874,845,900,796
S,932,892,897,848,894,828,874,844,899,795
S,933,891,895,850,895,829,874,843,898,794
S,936,891,894,847,895,829,873,845,902,794
S,932,891,894,848,896,828,874,843,900,794
S,929,893,898,851,898,830,874,843,898,793
S,929,890,895,849,896,829,873,844,897,794
S,929,890,896,849,899,828,874,842,898,793
S,936,888,892,847,897,829,872,843,897,794
S,929,892,896,848,900,829,873,844,898,792
S,930,891,893,848,899,829,873,844,899,793
S,926,890,897,849,898,827,873,842,900,792
S,930,892,895,846,895,830,874,846,897,794
S,932,890,892,849,896,830,872,843,897,792
S,927,892,895,849,894,828,871,842,896,792
S,925,890,900,849,895,828,872,844,897,792
S,930,890,896,849,895,827,873,842,897,792
S,926,892,897,847,895,829,873,841,898,790
S,933,892,895,848,895,829,873,841,896,791
S,928,892,893,848,894,829,871,841,897,793
S,935,892,892,852,893,828,872,842,897,791
S,926,892,894,849,895,827,872,839,897,791
S,928,893,893,847,894,827,870,840,898,791
S,923,893,896,847,894,827,871,843,898,791
S,926,893,895,848,892,827,872,840,896,790
S,928,889,892,845,894,828,872,842,896,789
S,928,890,894,846,896,829,872,842,896,789
S,930,890,895,848,894,828,873,842,898,791
S,930,891,892,848,894,828,871,843,898,789
S,926,891,895,848,895,827,872,839,895,792
S,929,891,892,846,894,828,873,840,897,790
S,926,892,892,847,894,827,871,840,895,790
S,925,890,899,851,893,829,872,839,895,789
S,925,892,894,848,893,828,873,841,896,791
S,927,891,896,849,895,828,873,839,895,790
S,928,889,893,846,894,827,872,839,895,791
S,926,891,893,848,895,827,870,841,898,791
S,929,889,893,846,892,827,871,837,896,791
S,926,888,894,847,893,827,871,840,898,791
S,929,889,894,846,894,827,871,840,896,791
S,926,891,892,848,892,829,872,839,897,790
S,921,890,889,850,893,828,871,839,895,789
S,928,891,891,847,895,828,873,841,895,789
S,927,888,894,846,894,828,871,840,897,791
S,928,889,895,847,892,827,872,841,895,791
S,923,888,892,847,893,829,873,841,896,791
S,929,888,892,846,892,828,873,840,895,787
S,927,888,890,847,894,828,872,840,896,791
S,930,892,895,847,892,827,872,840,894,787
S,925,892,893,848,892,827,873,841,897,791
S,927,891,893,848,892,829,871,838,892,789
S,924,890,895,848,894,827,872,840,897,791
S,927,892,895,848,891,826,872,839,895,789
S,929,890,895,849,893,828,870,839,897,791
S,929,890,895,847,895,827,873,845,894,790
S,926,891,891,847,893,828,872,841,896,790
S,927,891,890,850,895,827,873,840,895,790
S,930,890,894,847,893,827,873,838,895,791
S,930,888,892,847,888,827,872,840,896,789
S,923,890,885,847,895,827,872,839,896,789
S,927,889,894,845,892,828,872,840,893,790
S,926,891,889,847,895,827,873,839,897,790
S,930,890,890,848,894,827,871,841,896,790
S,929,892,893,847,893,827,869,840,895,790
S,931,890,890,848,893,829,874,840,896,789
S,926,890,892,847,894,828,871,840,894,792
S,925,889,893,846,893,827,872,838,896,789
S,928,888,891,848,893,826,871,841,897,790
S,930,890,892,847,893,828,872,842,896,792
S,928,890,891,849,896,826,869,843,900,792
S,930,891,890,848,898,828,869,844,894,797
S,936,891,887,849,898,828,869,847,901,794
S,935,890,883,847,898,829,866,848,899,796
S,934,890,886,850,899,829,867,851,898,797
S,933,891,880,848,895,826,863,851,900,799
S,932,891,883,846,896,832,865,852,902,796
S,941,891,882,848,899,830,859,857,897,796
S,945,892,880,849,893,831,862,852,900,797
S,948,890,883,848,894,831,862,852,900,797
S,949,892,880,847,892,830,863,851,900,795
S,946,892,884,846,889,831,863,850,901,796
S,948,891,879,847,890,830,864,848,905,795
S,937,890,884,847,890,829,864,848,902,794
S,929,894,882,845,889,830,866,845,904,792
S,934,889,883,845,887,828,866,845,905,792
S,929,887,885,847,891,828,867,846,906,791
S,932,888,881,843,895,829,868,844,903,791
S,930,888,881,846,892,828,868,844,901,794
S,940,886,885,846,895,828,868,842,902,792
S,933,885,884,844,894,827,870,844,902,792
S,929,887,885,843,894,828,869,843,899,794
S,932,886,889,846,896,828,871,843,900,792
S,931,885,889,844,896,827,872,843,898,794
S,926,886,889,844,895,828,872,843,900,790
S,928,885,893,841,892,825,872,841,899,791
S,933,882,891,844,895,827,874,840,899,791
S,931,882,891,844,898,826,873,843,898,792
S,934,883,891,843,896,827,872,840,897,790
S,930,881,891,841,897,826,875,841,900,789
S,931,883,891,843,897,826,875,839,898,791
S,940,882,891,842,897,825,873,840,898,792
S,933,880,893,842,896,826,875,839,899,788
S,931,881,896,841,896,825,875,840,896,791
S,929,880,893,844,896,825,875,840,898,791
S,932,882,894,842,894,826,874,834,898,791
S,933,883,895,843,896,826,875,840,896,789
S,926,881,899,842,899,825,874,840,898,790
S,931,882,897,842,898,824,875,840,897,789
S,934,882,898,842,897,825,875,840,897,791
S,926,880,892,841,896,825,875,841,898,789
S,927,879,900,840,897,824,873,841,896,791
S,931,882,898,842,898,826,875,838,896,791
S,922,880,896,839,897,826,874,838,897,789
S,932,882,898,843,896,825,873,833,894,790
S,930,881,897,841,896,825,875,838,897,791
S,927,882,898,842,898,824,874,839,897,790
S,932,879,897,841,898,825,874,839,896,790
S,929,879,903,841,896,824,875,837,894,789
S,931,882,896,843,898,826,873,836,896,791
S,926,882,896,841,896,825,873,837,898,789
S,931,880,898,842,897,826,875,838,897,789
S,928,880,899,840,894,824,874,839,896,789
S,929,881,897,842,894,826,874,838,896,790
S,932,880,896,843,897,826,874,838,896,790
S,929,881,896,841,897,826,872,837,896,788
S,930,879,898,840,896,825,874,837,895,790
S,930,880,895,843,895,826,874,838,895,790
S,934,880,898,840,894,825,874,837,897,789
S,927,881,900,843,896,825,874,839,896,788
S,929,881,893,842,896,825,873,839,895,791
S,930,875,888,841,895,826,874,838,894,789
S,930,880,898,841,894,826,872,839,896,790
S,929,879,894,842,895,824,873,836,895,789
S,924,881,896,846,898,825,871,838,898,789
S,931,880,898,842,897,825,872,838,896,789
S,929,880,898,842,897,824,874,838,897,788
S,931,880,895,840,896,823,872,840,896,788
S,933,881,894,840,895,823,874,838,897,789
S,931,882,897,842,894,824,873,837,894,787
S,929,878,896,842,897,825,873,838,897,788
S,937,881,894,840,895,825,873,835,895,790
S,934,880,899,839,895,823,871,837,896,790
S,934,880,895,842,894,824,874,837,896,787
S,932,879,896,840,896,824,874,834,895,788
S,935,879,897,839,893,824,873,837,897,787
S,931,879,897,841,896,824,871,837,895,787
S,929,880,895,841,897,823,873,838,893,786
S,925,880,896,840,896,824,872,837,897,787
S,929,881,896,839,895,823,871,835,897,788
S,934,879,896,841,897,823,872,839,897,789
S,937,879,898,841,897,822,873,834,896,788
S,935,880,896,838,896,824,872,833,898,786
S,933,879,891,841,893,823,870,831,896,786
S,929,878,894,841,895,823,871,833,899,787
S,937,880,893,839,894,823,871,835,898,786
S,934,878,896,842,893,824,874,831,898,788
S,934,880,891,839,894,822,872,830,897,786
S,934,879,893,839,893,822,872,833,896,786
S,941,883,892,840,895,820,871,830,899,786
S,931,881,895,839,894,821,871,829,898,786
S,931,879,894,839,894,822,871,832,897,786
S,934,880,894,840,892,818,871,829,895,786
S,936,881,893,839,894,820,872,831,897,785
S,936,882,892,839,893,820,870,828,898,785
S,930,878,892,839,892,819,871,829,896,786
S,929,878,897,836,892,819,871,830,898,786
S,929,880,895,841,893,818,870,828,897,784
S,929,878,895,839,895,819,870,826,899,784
S,933,880,894,837,894,819,869,828,899,786
S,936,878,893,838,896,819,870,828,899,784
S,930,880,889,838,893,818,868,826,898,786
S,934,877,892,838,893,819,867,828,899,784
S,934,881,892,838,893,817,870,827,896,785
S,936,877,893,838,894,820,870,827,898,784
S,929,878,892,838,893,818,870,828,896,786
S,930,878,893,837,892,817,870,826,899,785
S,931,876,896,838,891,818,869,827,898,785
S,931,876,896,837,893,818,867,827,898,786
S,932,875,897,837,891,815,868,824,897,785
S,931,871,910,834,892,816,868,823,897,785
S,930,877,909,835,891,816,869,823,904,786
S,935,881,915,834,890,816,869,824,899,784
S,933,880,919,833,892,816,868,822,899,784
S,934,878,918,833,891,816,868,822,898,786
S,935,877,920,832,892,816,869,824,899,785
S,935,877,919,833,892,816,868,824,898,783
S,934,877,917,831,892,816,868,821,901,787
S,935,881,918,834,891,817,868,821,898,785
S,934,879,914,834,890,816,868,821,899,783
S,934,878,914,832,890,815,868,821,899,783
S,936,880,913,832,893,816,868,821,898,783
S,932,882,913,833,891,816,869,822,899,785
S,936,882,912,835,889,815,870,823,898,785
S,931,883,914,835,890,815,868,821,900,785
S,933,885,919,833,890,818,867,821,896,786
S,932,886,930,832,887,816,870,824,897,787
S,933,884,933,833,887,815,869,820,899,786
S,933,884,932,831,890,815,868,825,897,785
S,935,886,934,834,891,815,869,823,898,785
S,937,888,934,831,890,814,869,821,900,786
S,933,888,935,832,890,816,870,824,900,785
S,935,887,936,831,890,815,869,822,901,786
S,933,889,938,832,890,816,870,823,901,786
S,932,891,937,831,889,817,869,822,898,785
S,932,891,938,831,888,814,868,824,900,786
S,936,890,936,834,890,815,869,820,902,785
S,929,892,938,833,889,816,869,824,901,785
S,931,893,937,833,890,815,868,823,898,787
S,931,891,936,832,890,815,868,823,901,784
S,935,892,937,830,889,816,867,822,898,783
S,939,893,939,830,886,815,869,823,899,786
S,932,894,938,832,887,816,868,824,900,785
S,933,892,938,833,888,815,868,822,901,786
S,932,892,936,834,891,817,868,822,901,783
S,930,893,939,833,891,815,868,826,899,784
S,936,896,939,831,892,815,869,822,900,785
S,930,894,938,832,888,816,868,822,898,785
S,932,895,938,832,889,816,870,825,898,786
S,934,896,940,834,888,815,869,823,901,784
S,934,897,940,831,890,815,868,822,898,786
S,933,896,940,833,889,816,868,823,899,785
S,931,895,940,832,887,815,867,825,898,785
S,931,895,940,831,890,816,869,822,899,785
S,931,896,939,833,889,816,869,823,899,785
S,936,894,939,832,888,815,869,823,902,784
S,935,894,942,830,890,814,868,825,898,785
S,936,894,939,831,889,816,868,822,901,785
S,933,896,940,833,887,817,869,824,899,783
S,940,899,940,833,890,813,870,824,900,784
S,930,896,940,832,889,816,869,825,904,783
S,933,898,940,832,890,817,870,824,899,783
S,932,896,941,836,890,817,869,822,901,784
S,935,897,941,832,889,815,868,823,899,785
S,937,896,940,833,889,816,869,826,901,786
S,929,897,943,834,890,817,867,824,902,785
S,933,896,941,831,889,815,869,828,902,784
S,933,899,943,834,890,815,868,826,901,785
S,936,899,942,834,889,817,869,826,901,785
S,935,898,941,834,888,817,868,827,900,785
S,934,896,941,833,890,815,867,826,900,786
S,933,900,943,834,888,815,869,825,904,783
S,932,901,941,833,890,817,869,827,902,785
S,934,896,942,834,888,816,869,828,900,785
S,932,901,943,832,889,817,870,829,900,786
S,936,897,942,833,888,816,868,827,899,786
S,933,899,943,834,890,817,868,828,900,786
S,934,901,943,835,888,817,869,827,900,787
S,933,901,942,833,890,818,869,827,903,785
S,943,903,941,832,888,818,869,829,899,787
S,932,899,943,834,889,818,869,828,903,785
S,937,901,943,833,888,816,870,826,900,786
S,932,901,941,832,890,819,870,827,903,786
S,937,900,941,833,888,816,869,825,899,788
S,933,902,942,834,888,817,868,828,903,785
S,933,904,941,833,887,818,869,828,901,785
S,938,903,943,836,892,818,870,827,900,786
S,932,906,941,833,889,818,870,829,901,786
S,932,905,940,833,890,817,871,830,901,786
S,935,904,943,833,890,818,870,827,900,787
S,935,904,942,834,889,818,870,827,902,786
S,936,904,942,834,890,818,870,829,903,785
S,933,907,940,834,892,818,871,828,903,786
S,932,907,941,833,887,817,871,827,901,785
S,934,905,941,835,892,817,874,826,906,785
S,933,906,942,836,893,817,874,827,904,784
S,932,904,941,835,895,816,876,826,905,787
S,932,904,940,833,895,818,877,829,904,787
S,931,899,940,834,896,816,877,829,904,786
S,929,901,939,831,893,817,877,827,901,788
S,928,894,937,835,893,817,876,828,901,787
S,929,896,937,834,894,817,876,827,902,785
S,928,895,937,835,894,816,877,829,903,785
S,925,893,937,833,894,816,876,830,903,784
S,931,890,937,833,895,816,876,828,901,786
S,929,887,937,833,892,815,876,829,902,786
S,931,886,935,833,892,816,876,825,902,785
S,929,885,935,832,894,816,877,828,900,786
S,931,880,936,832,895,817,876,825,899,783
S,929,885,935,830,895,816,875,825,902,784
S,927,888,932,833,893,815,876,824,901,784
S,926,883,936,832,895,816,877,824,899,785
S,927,881,938,831,895,815,876,825,899,786
S,928,888,938,831,893,816,876,825,897,784
S,929,885,941,831,893,815,875,826,899,783
S,930,887,942,831,893,818,877,824,899,786
S,926,884,942,830,896,815,876,826,892,785
S,929,885,940,830,895,816,877,826,900,786
S,935,887,942,831,896,816,877,824,900,786
S,926,884,940,831,893,816,876,824,897,785
S,926,885,942,832,893,816,876,824,897,787
S,929,883,940,830,894,816,876,825,900,785
S,936,883,938,830,895,816,876,826,900,787
S,930,881,940,831,894,815,876,826,898,786
S,929,880,941,832,895,816,877,825,899,786
S,928,872,942,828,898,817,876,826,897,788
S,929,862,943,829,897,817,876,828,899,789
S,929,861,943,829,898,818,878,833,897,788
S,929,862,946,829,898,818,877,829,896,789
S,931,855,944,829,898,820,876,829,897,788
S,929,853,944,830,900,818,878,831,897,789
S,923,849,947,828,899,819,877,829,898,788
S,926,843,940,822,899,820,877,828,899,789
S,926,846,944,825,902,819,878,831,895,789
S,927,846,942,825,900,819,877,829,896,790
S,929,844,943,823,902,818,877,828,897,790
S,923,845,942,823,901,818,879,830,898,791
S,922,845,942,822,902,818,878,829,895,791
S,924,845,944,823,900,818,879,831,895,789
S,928,845,941,819,898,819,878,828,893,789
S,924,844,941,822,898,818,880,828,899,788
S,925,844,941,822,900,819,879,828,898,791
S,924,841,940,822,897,819,879,829,898,790
S,924,843,939,821,899,817,878,828,897,789
S,925,842,942,820,898,818,879,824,896,788
S,928,840,941,820,899,817,877,828,897,789
S,927,841,942,821,898,817,878,829,895,789
S,928,842,942,821,899,817,878,828,897,789
S,929,845,943,820,899,817,879,826,897,789
S,929,846,944,821,898,816,879,828,895,790
S,927,849,942,822,896,818,876,824,897,786
S,928,863,943,826,900,820,876,830,895,788
S,931,861,943,826,900,819,876,827,896,788
S,922,874,943,828,902,818,877,828,897,787
S,930,871,939,828,896,819,876,829,894,789
S,934,880,935,830,899,819,876,830,896,787
S,921,879,934,830,898,822,876,831,897,787
S,937,889,934,828,895,820,875,829,894,788
S,935,889,935,830,896,818,876,830,896,788
S,934,892,935,832,896,820,876,829,896,786
S,928,893,936,830,896,818,876,828,895,788
S,928,897,937,829,897,819,875,832,896,787
S,930,894,937,830,895,819,875,830,897,787
S,933,895,937,832,895,820,875,830,895,788
S,934,897,941,830,896,819,875,830,897,788
S,929,893,940,829,897,819,875,831,896,787
S,927,897,940,830,897,820,875,830,895,788
S,927,896,941,830,894,819,875,831,897,788
S,930,898,942,831,897,817,875,830,895,785
S,934,898,942,831,894,815,872,828,896,786
S,931,899,941,830,895,819,875,829,895,787
S,931,892,942,829,893,818,875,829,897,785
S,932,890,940,828,894,816,874,828,897,787
S,931,889,939,829,893,818,874,829,895,786
S,930,889,936,826,895,817,875,829,895,787
S,926,884,934,827,895,818,874,829,898,786
S,933,883,933,826,896,818,874,826,895,784
S,927,883,931,826,897,816,874,827,897,787
S,922,881,928,827,896,817,874,828,894,787
S,932,880,928,827,898,816,876,825,893,788
S,931,882,929,827,901,817,874,826,897,787
S,933,885,931,828,896,815,874,829,896,787
S,933,885,933,828,893,817,874,831,896,788
S,934,890,934,829,896,819,875,830,895,790
S,929,890,936,831,896,819,873,830,898,789
S,933,895,938,830,892,820,874,834,897,790
S,930,896,935,832,894,819,877,833,901,791
S,921,901,939,831,895,820,874,834,899,791
S,933,903,939,833,892,821,873,835,900,790
S,937,913,940,831,895,822,872,834,898,789
S,933,905,938,832,897,821,875,833,895,789
S,936,906,939,832,893,821,874,835,900,790
S,930,905,938,832,890,821,873,833,897,790
S,935,903,940,833,891,821,874,835,900,790
S,930,899,935,830,895,822,874,833,900,788
S,936,907,938,833,892,821,871,833,897,789
S,934,905,937,832,893,819,874,833,895,789
S,929,902,936,828,891,818,873,833,898,787
S,931,901,939,831,894,821,874,832,899,788
S,930,900,936,829,890,820,872,831,896,786
S,929,896,932,829,893,818,874,830,900,787
S,929,888,931,830,892,819,873,831,897,788
S,929,871,937,828,895,819,873,831,897,786
S,932,869,937,823,890,817,872,832,897,787
S,932,858,937,826,892,818,874,829,897,786
S,933,858,938,827,893,817,872,829,897,787
S,934,856,938,827,892,818,875,831,899,785
S,932,854,937,825,891,818,875,830,898,786
S,931,852,938,826,893,817,875,830,896,787
S,935,852,938,825,894,816,874,829,895,788
S,933,859,937,825,895,818,874,829,897,785
S,936,861,939,827,893,817,875,828,897,787
S,931,860,946,826,893,818,875,827,898,785
S,933,866,947,826,894,818,874,828,897,785
S,934,864,949,826,894,818,875,827,897,787
S,933,867,950,826,893,818,874,829,895,787
S,936,870,948,826,893,816,874,830,895,787
S,933,872,950,827,896,818,875,829,899,785
S,931,874,948,827,892,816,874,829,898,787
S,929,881,946,828,891,818,873,829,898,785
S,936,881,946,827,894,817,873,830,898,785
S,932,883,946,826,890,817,873,828,899,787
