V,933,869,807,759,802,793,903,842,880,804
V,936,870,808,759,802,793,903,842,880,805
V,934,870,808,759,802,794,903,842,880,803
V,934,870,808,758,802,793,904,842,880,804
V,932,870,809,759,802,793,903,841,880,804
V,931,870,808,758,803,793,904,842,880,805
V,933,870,809,758,803,793,903,842,880,804
V,934,869,809,758,801,794,903,841,880,803
V,934,869,809,758,802,793,904,842,880,804
V,934,869,809,759,803,793,904,842,880,804
V,935,871,809,757,802,792,904,841,880,803
V,933,870,809,758,803,792,904,841,880,804
V,933,869,809,759,803,792,904,841,880,803
V,934,869,809,758,803,792,904,842,880,803
V,933,869,809,758,801,793,904,841,879,803
V,934,868,809,758,803,792,904,841,879,804
V,934,869,809,758,802,792,904,842,880,804
V,934,869,809,758,803,791,904,842,880,803
V,935,869,809,757,803,792,903,842,880,804
V,934,870,808,758,803,792,904,843,880,804
V,934,870,807,757,802,792,904,842,880,804
V,932,870,808,757,802,791,903,841,881,805
V,933,870,807,757,802,792,903,843,880,804
V,934,871,808,756,803,791,904,842,880,804
V,932,870,808,755,802,791,903,841,880,804
V,934,869,807,756,802,791,903,842,880,804
V,934,869,808,755,802,792,904,842,881,803
V,935,869,808,756,802,791,904,841,881,804
V,932,869,806,756,801,791,904,842,880,804
V,934,869,808,755,802,791,904,841,880,804
V,933,869,807,756,802,791,903,841,880,804
V,933,870,808,755,802,791,903,842,879,804
V,934,870,809,755,802,791,904,841,880,804
V,933,870,807,755,802,791,903,842,880,804
V,933,870,809,755,803,791,904,842,880,803
V,932,869,809,755,802,790,904,841,880,804
V,934,869,809,755,802,791,903,841,881,804
V,933,870,809,755,802,791,903,842,880,804
V,933,870,810,755,802,791,904,841,881,804
V,932,869,810,754,803,791,903,841,879,804
V,934,870,810,753,801,791,904,840,880,804
V,933,869,809,754,802,791,903,842,880,804
V,934,869,809,755,802,791,903,841,880,804
V,931,869,809,754,802,791,903,841,880,804
V,934,870,810,754,802,791,904,841,880,803
V,933,869,810,755,802,790,903,841,880,803
V,934,869,811,755,803,791,903,841,879,804
V,933,870,810,755,802,791,903,841,880,804
V,934,870,811,755,803,791,902,841,881,803
V,933,870,811,755,802,791,903,841,879,803
V,933,870,810,754,803,791,904,841,880,804
V,932,869,810,754,803,791,903,841,880,803
V,933,869,810,755,801,791,903,841,880,803
V,931,868,810,755,801,791,904,839,880,803
V,934,870,810,754,801,791,904,841,879,804
V,933,870,810,754,801,791,904,841,879,804
V,935,870,811,754,801,791,904,841,880,803
V,934,869,810,755,801,791,904,841,879,804
V,932,870,808,756,801,790,905,841,880,804
V,934,869,808,755,800,790,905,842,880,803
V,932,871,809,756,801,791,905,841,881,804
V,935,871,808,758,800,791,906,840,880,803
V,935,870,806,757,801,792,906,840,879,801
V,933,871,807,758,800,792,907,842,879,803
V,933,870,807,760,800,792,908,844,878,804
V,934,870,807,758,801,789,907,841,879,804
V,930,869,806,756,801,791,907,842,880,804
V,933,871,806,757,799,792,907,844,878,804
V,937,869,806,759,800,790,907,842,878,803
V,936,869,806,758,800,790,907,844,879,803
V,931,872,806,758,801,792,905,845,877,804
V,934,871,806,759,800,791,906,845,878,803
V,931,871,806,759,800,790,906,844,878,803
V,934,869,806,757,801,791,908,845,880,803
V,936,869,806,757,800,791,907,844,879,803
V,931,871,806,757,799,791,907,845,879,804
V,934,868,805,757,800,790,907,843,878,803
V,936,870,805,756,801,790,906,845,878,802
V,934,871,806,756,800,790,907,846,879,802
V,935,872,806,755,801,791,907,844,877,802
V,933,871,807,755,801,790,905,845,877,802
V,933,871,807,753,802,790,905,846,878,803
V,934,869,808,754,800,790,905,846,878,802
V,934,869,807,754,800,789,906,843,876,802
V,932,870,807,754,800,790,905,843,878,802
V,932,870,807,753,799,791,905,843,877,802
V,937,873,808,753,800,789,904,843,877,803
V,934,868,807,754,801,790,904,844,877,803
V,934,870,809,756,801,790,905,843,875,801
V,932,869,808,754,799,790,905,843,878,802
V,933,869,807,754,799,791,903,843,876,801
V,933,869,808,753,800,790,905,842,874,801
V,930,870,810,754,803,790,902,843,876,802
V,931,869,809,754,803,789,903,844,876,802
V,933,869,810,754,805,788,902,842,876,803
V,931,869,811,754,806,789,902,842,876,802
V,932,870,811,753,805,790,901,842,876,802
V,930,869,812,753,804,789,901,842,876,803
V,931,868,811,754,804,790,901,842,876,802
V,931,868,810,753,803,790,901,842,875,802
V,931,869,810,754,804,790,900,842,876,803
V,929,868,812,754,804,789,900,841,876,804
V,930,868,811,754,804,789,900,843,875,803
V,932,869,811,753,802,789,899,843,876,803
V,928,869,813,754,803,789,900,842,874,804
V,931,869,812,754,803,789,899,841,875,804
V,931,867,813,754,804,790,900,843,875,803
V,930,867,815,754,805,790,899,843,874,805
V,932,868,817,754,813,790,900,841,874,805
V,932,869,818,754,816,790,900,841,876,804
V,934,869,820,755,829,789,899,840,876,804
V,929,868,819,754,840,790,899,842,876,803
V,928,869,819,754,847,791,900,841,877,803
V,930,868,820,755,853,789,900,842,878,803
V,930,869,819,754,855,788,899,842,879,803
V,931,868,821,754,860,789,900,840,881,803
V,931,868,821,754,861,790,899,842,883,803
V,929,867,821,755,863,789,898,841,883,803
V,929,869,820,755,867,789,899,840,890,803
V,929,867,821,755,876,789,897,839,896,801
V,928,867,822,756,878,789,898,840,897,803
V,928,866,824,755,886,789,898,839,902,802
V,928,868,826,756,891,788,899,839,905,801
V,927,866,827,755,892,788,899,838,907,801
V,928,867,827,756,889,788,899,838,906,801
V,930,867,827,756,888,787,899,838,904,802
V,924,865,827,755,883,788,897,838,903,801
V,928,866,826,756,881,787,898,838,902,801
V,929,867,827,756,878,787,898,839,902,803
V,930,867,825,756,880,788,899,841,900,803
V,928,867,826,756,875,787,900,840,898,803
V,929,868,826,755,871,788,899,842,898,803
V,928,865,824,755,869,787,900,841,897,803
V,929,867,824,756,864,788,899,843,895,803
V,928,867,824,756,861,788,899,840,890,803
V,930,867,823,755,855,787,900,843,892,804
V,930,868,821,756,847,788,900,846,889,804
V,930,868,822,756,846,788,900,846,890,805
V,929,869,819,756,836,787,901,845,885,805
V,929,868,819,756,837,788,901,847,883,805
V,931,868,820,756,833,787,901,848,882,805
V,932,868,819,758,833,785,901,847,880,806
V,934,870,817,757,832,787,902,847,878,804
V,933,869,818,759,826,786,902,847,877,804
V,934,871,818,760,825,787,903,847,878,804
V,933,869,818,760,824,788,904,848,879,805
V,935,871,818,761,824,788,905,847,879,804
V,938,871,818,763,823,787,904,847,877,803
V,942,870,819,763,823,787,904,846,877,803
V,938,872,817,763,823,786,906,847,876,804
V,939,872,817,762,823,787,906,846,878,802
V,939,871,818,763,823,786,906,846,878,803
V,941,874,817,763,823,787,906,846,877,802
V,942,874,818,762,822,787,906,846,876,803
V,941,874,817,762,822,787,906,846,878,803
V,940,875,818,762,824,786,907,845,879,802
V,943,873,819,763,822,786,907,845,878,802
V,944,873,819,762,824,786,907,845,879,802
V,941,873,819,762,830,787,906,843,879,802
V,943,875,820,761,829,786,908,845,877,802
V,942,874,819,762,828,786,906,845,879,803
V,942,875,820,762,828,785,905,844,875,802
V,944,875,820,761,829,787,907,843,878,801
V,941,874,820,761,824,786,906,842,877,801
V,944,876,822,761,824,786,907,844,878,801
V,941,874,822,761,827,787,907,842,877,800
V,943,876,823,761,828,787,907,844,877,802
V,940,874,824,760,827,786,907,843,877,801
V,941,876,825,761,827,787,907,844,878,801
V,941,876,826,759,823,786,907,844,876,801
V,941,875,826,760,824,786,907,844,875,801
V,939,875,826,760,825,786,908,843,876,801
V,940,875,826,760,825,785,907,844,875,800
V,941,875,826,760,825,787,907,844,876,800
V,939,873,826,760,824,786,907,844,876,800
V,940,876,826,759,824,786,907,845,875,802
V,938,874,825,760,824,787,906,843,875,800
V,940,875,826,760,823,786,906,844,878,800
V,939,875,826,760,823,786,906,844,875,799
V,936,873,827,759,821,786,906,843,874,800
V,938,873,825,760,823,785,904,845,875,801
V,938,875,825,760,823,786,905,843,875,800
V,937,874,826,760,822,787,905,843,876,800
V,937,873,825,759,822,786,905,843,876,800
V,936,873,825,758,822,786,905,843,874,800
V,936,874,825,759,823,786,906,843,876,800
V,938,873,825,758,824,786,905,842,874,800
V,938,874,824,757,823,786,905,842,877,799
V,936,872,825,758,824,786,906,842,876,801
V,935,872,825,758,827,786,905,841,876,800
V,935,873,825,757,827,786,906,843,878,800
V,938,873,825,757,826,786,906,841,877,800
V,935,870,825,757,825,786,905,842,876,799
V,935,872,825,757,825,786,905,841,876,800
V,936,872,825,756,824,786,905,840,876,800
V,934,872,825,757,823,786,905,841,876,800
V,936,872,825,757,824,786,904,840,876,799
V,936,871,824,757,823,786,905,841,876,800
V,934,872,825,757,824,787,904,840,877,800
V,936,872,825,757,824,786,904,840,876,800
V,933,871,825,757,824,786,905,841,877,799
V,935,872,825,757,824,786,903,842,876,800
V,935,871,825,756,823,786,903,840,877,799
V,936,871,825,756,824,786,903,841,876,800
V,936,872,825,756,823,786,904,840,876,799
V,933,872,824,758,823,786,904,840,876,800
V,933,871,825,757,823,786,904,840,876,799
V,935,872,825,757,822,786,904,840,875,800
V,935,872,825,757,823,786,903,840,876,799
V,934,872,825,756,823,786,904,841,877,799
V,936,871,824,755,823,786,903,840,877,799
V,934,871,825,755,823,787,902,841,875,800
V,935,871,825,756,823,787,902,841,877,799
V,933,871,825,755,822,787,903,840,876,800
V,935,871,826,756,822,787,902,840,876,800
V,935,871,825,757,822,787,902,841,877,800
V,934,872,825,757,822,787,902,840,877,800
V,934,870,825,757,822,787,902,841,876,800
V,934,871,825,756,822,787,902,839,877,799
V,936,873,825,756,822,787,902,840,876,800
V,935,871,825,756,822,787,902,840,876,799
V,934,872,825,757,822,787,902,841,877,800
V,935,871,825,757,822,786,903,840,874,800
V,935,871,825,756,822,786,902,840,877,799
V,935,872,825,757,822,786,902,841,878,799
V,934,871,825,755,824,785,902,840,876,799
V,935,872,825,757,823,786,902,840,876,799
V,934,872,825,756,824,787,901,840,876,799
V,937,871,825,757,823,785,903,840,876,798
V,935,871,826,757,824,786,902,840,876,800
V,934,871,826,757,823,786,901,839,875,799
V,935,871,825,757,823,786,902,840,876,798
V,932,871,824,756,824,786,902,839,876,798
V,934,871,825,756,823,786,902,840,877,799
V,935,872,825,756,823,785,902,840,876,799
V,934,870,825,756,822,786,902,839,876,799
V,935,872,826,757,822,787,901,839,876,799
V,935,872,825,756,822,785,902,840,877,799
V,933,871,825,756,823,786,901,839,877,799
V,935,871,825,756,821,786,902,840,876,799
V,936,871,825,755,821,786,901,839,876,799
V,935,871,825,756,821,786,902,839,876,800
V,933,871,825,756,822,786,902,840,877,799
V,935,871,825,756,821,785,902,840,876,799
V,934,870,825,755,821,786,901,840,877,799
V,934,871,825,757,821,786,902,839,877,799
V,935,871,825,756,821,787,901,839,877,799
V,935,872,825,755,819,786,902,840,876,799
V,935,871,824,756,821,787,902,839,877,799
V,934,871,824,756,821,786,901,840,875,799
V,934,871,825,757,821,787,902,840,877,799
V,933,870,825,756,821,787,902,840,877,800
V,935,871,825,757,820,787,902,839,873,798
V,933,871,825,755,821,787,902,839,876,799
V,935,871,825,756,821,786,902,840,877,799
V,933,872,825,756,820,787,900,840,876,799
V,934,871,825,756,821,787,901,839,876,798
V,934,871,825,756,820,786,901,840,877,799
V,934,871,825,756,821,788,901,840,877,799
V,935,870,825,756,820,787,902,839,876,799
V,932,871,825,756,822,786,901,839,878,799
V,934,871,825,756,821,786,901,840,877,799
V,933,871,825,757,821,787,902,840,876,798
V,933,871,825,756,821,786,901,840,877,799
V,935,871,825,756,821,786,902,839,877,799
V,933,871,825,756,821,787,901,839,876,799
V,935,871,824,756,820,787,901,840,876,799
V,935,871,825,757,821,787,901,840,877,798
V,934,871,825,756,820,787,901,840,877,799
V,934,871,825,756,821,787,901,839,875,799
V,933,871,825,756,821,787,901,839,876,799
V,934,871,825,756,821,786,901,840,877,798
V,934,871,825,755,820,787,900,840,876,798
V,933,871,825,757,821,785,900,840,877,798
V,933,871,825,757,821,787,901,840,876,799
V,933,871,825,757,821,787,900,841,877,799
V,934,871,824,757,821,787,902,841,877,798
V,935,871,825,757,820,787,901,839,876,797
V,934,871,825,756,821,787,900,840,876,799
V,934,870,825,757,820,787,900,839,876,798
V,934,871,825,757,820,787,901,840,876,799
V,933,870,825,757,820,786,901,840,876,798
V,935,871,825,756,820,787,900,840,877,798
V,933,871,825,757,821,786,901,840,876,798
V,932,871,825,757,821,787,900,839,877,799
V,934,871,825,757,820,787,901,840,876,799
V,933,871,825,757,821,787,901,840,876,799
V,935,871,825,757,820,787,901,840,876,798
V,934,870,825,757,821,786,900,839,876,798
V,932,871,825,756,821,787,900,839,876,797
V,933,871,825,757,821,787,901,840,877,798
V,933,871,825,757,821,787,899,839,878,800
V,933,871,823,756,821,787,900,840,876,799
V,934,872,825,756,820,787,901,839,876,799
V,933,872,825,757,820,786,900,840,876,798
V,933,872,825,757,820,787,900,838,876,799
V,934,871,825,757,822,787,900,840,877,798
V,934,871,825,756,821,787,901,840,877,799
V,934,871,826,757,821,787,900,839,877,798
V,935,871,825,757,820,787,900,839,877,798
V,935,870,825,756,821,787,900,839,875,798
V,934,871,825,756,820,787,901,839,876,799
V,935,871,825,756,820,787,900,840,877,798
V,934,871,825,757,820,787,900,840,876,798
V,935,872,825,757,821,787,900,839,875,798
V,934,872,824,756,821,787,900,839,875,798
V,933,870,825,756,820,787,900,839,876,796
V,934,870,825,756,820,787,900,839,876,798
V,935,870,825,755,819,787,899,838,876,797
V,934,870,824,756,821,787,899,840,875,797
V,934,870,826,756,821,787,899,839,875,797
V,935,870,825,755,822,787,899,838,876,795
V,934,869,824,755,824,788,898,837,874,796
V,934,870,825,756,825,785,898,838,874,796
V,933,870,825,756,823,787,898,838,874,797
V,935,870,825,755,822,786,898,839,874,796
V,936,870,826,756,822,787,899,838,874,797
V,933,869,825,756,821,787,898,839,875,797
V,934,871,825,756,823,786,898,837,874,796
V,935,870,826,756,822,785,898,838,874,796
V,934,870,825,755,822,787,898,838,873,796
V,935,869,825,756,822,787,897,838,873,796
V,934,870,825,756,821,787,898,838,874,796
V,933,870,825,756,820,786,897,838,874,796
V,934,870,825,755,821,786,898,837,874,797
V,934,870,825,756,821,787,898,838,873,796
V,935,869,825,756,821,786,897,838,874,796
V,933,870,825,756,821,787,897,838,874,796
V,932,870,826,755,821,785,897,838,874,796
V,933,870,825,756,822,786,898,837,874,796
V,935,870,825,755,822,787,898,838,873,795
V,935,869,824,755,820,786,898,837,875,797
V,934,870,825,755,821,787,899,838,873,796
V,933,868,825,755,821,787,897,837,873,796
V,934,869,826,755,821,786,898,837,874,796
V,934,868,826,755,821,786,898,838,873,796
V,934,870,826,755,821,787,898,837,873,796
V,934,870,826,755,821,786,898,838,873,796
V,936,870,826,755,821,787,898,837,872,796
V,933,870,825,755,820,786,898,837,873,796
V,935,869,826,755,821,786,898,838,874,795
V,934,870,826,755,821,787,898,837,873,796
V,933,870,827,756,821,786,897,837,873,795
V,935,870,827,756,821,786,898,838,873,795
V,935,870,826,755,820,786,898,837,871,796
V,935,869,827,755,821,787,898,836,872,796
V,935,869,827,755,820,787,898,837,871,796
V,935,869,827,755,821,787,900,838,870,797
V,936,869,827,756,820,787,899,837,870,795
V,936,871,828,755,820,788,900,838,867,798
V,936,870,828,755,821,788,900,839,867,797
V,933,870,828,755,820,788,900,839,867,796
V,935,869,828,755,820,789,899,839,866,797
V,936,870,828,755,821,788,899,838,864,797
V,936,870,828,755,821,789,899,839,865,797
V,935,871,828,755,820,789,899,838,865,796
V,935,871,828,755,821,789,899,839,865,797
V,935,871,828,755,821,789,898,838,865,796
V,936,870,829,756,821,788,898,839,864,797
V,935,870,828,755,822,789,899,838,864,797
V,933,869,828,755,822,789,899,838,864,796
V,935,869,827,755,821,789,898,839,864,796
V,935,870,829,755,822,789,898,838,863,796
V,935,870,828,754,821,788,899,839,864,796
V,936,870,829,755,822,789,898,840,863,798
V,936,871,829,755,822,790,896,842,862,800
V,937,870,829,755,823,791,896,842,861,801
V,935,871,828,755,821,792,895,843,860,802
V,937,871,828,754,818,792,894,844,859,804
V,937,871,828,754,824,794,893,843,857,805
V,935,871,828,754,828,795,891,845,857,806
V,938,872,829,753,820,795,892,845,856,807
V,935,871,828,754,821,796,891,844,856,805
V,937,872,827,753,820,796,890,846,856,807
V,938,872,827,754,820,796,891,845,855,805
V,936,871,827,752,819,796,890,845,856,806
V,936,872,828,753,818,794,891,844,855,806
V,936,872,828,753,819,795,890,844,854,806
V,937,871,828,753,821,795,888,843,855,806
V,935,871,828,754,820,795,890,843,855,805
V,936,872,827,753,820,794,890,843,856,806
V,936,871,827,754,819,795,890,842,856,805
V,937,872,827,754,818,794,890,842,855,806
V,936,872,827,754,818,794,889,843,855,804
V,936,872,826,753,822,793,889,841,856,804
V,937,871,826,753,820,794,889,842,856,804
V,936,872,825,753,821,794,890,842,856,804
V,936,871,826,753,820,794,889,842,856,804
V,935,872,825,753,819,793,889,841,856,804
V,936,871,826,751,819,793,890,841,857,803
V,936,871,826,752,819,793,889,841,856,803
V,937,871,825,753,819,793,890,841,855,803
V,937,871,826,751,820,793,890,838,856,803
V,936,871,825,752,819,793,890,840,857,803
V,935,872,826,753,820,793,889,840,856,803
V,937,872,826,752,819,793,891,840,857,803
V,937,871,826,751,819,793,890,840,856,803
V,937,872,825,753,819,793,889,840,856,802
V,937,871,826,752,819,792,890,840,857,802
V,937,871,826,753,818,793,890,840,857,802
V,937,870,825,752,819,793,889,839,856,803
V,937,871,826,752,819,793,890,839,857,802
V,936,871,825,752,820,793,889,839,857,802
V,937,871,825,752,819,793,889,839,857,802
V,937,871,826,752,820,793,890,840,858,802
V,937,871,826,752,820,792,888,840,857,802
V,935,872,826,752,819,793,889,840,858,802
V,935,871,826,753,819,793,889,840,857,802
V,935,871,825,752,819,793,890,839,857,801
V,934,871,826,752,819,793,890,840,857,802
V,936,871,826,752,820,793,889,839,857,802
V,937,871,826,752,820,793,890,839,857,802
V,937,871,826,752,820,793,889,840,857,802
V,936,870,826,752,819,793,889,840,857,802
V,936,871,825,752,818,792,890,840,857,802
V,937,871,826,752,819,793,889,839,857,802
V,936,872,826,752,819,793,889,839,857,802
V,937,872,826,752,819,793,889,840,857,802
V,936,870,826,752,819,793,890,840,857,802
V,937,871,827,752,818,793,889,840,857,802
V,937,871,826,752,818,793,889,840,857,802
V,935,869,826,751,818,793,890,840,858,802
V,936,871,825,752,818,793,889,839,857,802
V,937,871,826,752,818,793,889,839,858,802
V,937,871,826,752,818,793,889,839,858,802
V,937,871,826,752,819,793,890,839,857,802
V,936,871,826,752,818,793,889,839,857,802
V,935,870,826,751,818,793,889,839,858,802
V,936,871,826,751,817,792,889,840,857,801
V,935,871,826,751,819,792,889,840,858,802
V,936,871,827,752,819,793,890,839,858,802
V,937,870,826,752,818,792,890,840,859,801
V,937,870,826,752,819,792,890,839,859,801
V,939,870,827,751,818,792,890,839,859,801
V,937,870,827,752,818,793,890,839,859,801
V,936,871,827,753,819,793,890,839,860,802
V,936,871,827,752,819,793,890,839,859,801
V,935,870,827,752,819,792,890,839,859,801
V,936,871,827,752,818,792,890,838,860,802
V,936,871,827,753,819,793,890,839,860,802
V,936,871,826,752,817,792,889,838,858,801
V,936,871,826,752,818,793,890,839,859,802
V,934,870,826,753,817,792,890,839,859,801
V,937,871,827,752,818,793,890,839,859,801
V,937,871,826,751,818,792,890,839,859,801
V,937,871,827,752,818,792,890,839,860,801
V,935,871,827,752,818,793,890,838,859,801
V,937,871,827,752,817,791,889,837,859,802
V,936,871,827,752,818,792,889,839,860,801
V,936,870,827,752,818,792,890,840,860,801
V,935,870,827,752,817,792,890,839,859,801
V,937,871,827,752,817,791,889,838,860,801
V,936,871,827,752,817,792,890,839,860,801
V,936,871,827,751,816,793,890,838,860,801
V,935,871,827,752,817,793,890,839,860,801
V,936,871,827,753,816,793,890,839,863,801
V,937,870,826,753,815,793,890,838,864,801
V,935,870,827,752,816,793,891,838,864,802
V,935,869,827,751,816,793,891,839,863,801
V,936,870,826,754,816,793,891,839,865,800
V,936,869,826,753,817,793,892,838,864,801
V,935,870,827,753,817,793,892,838,864,802
V,936,870,827,752,818,792,891,838,864,801
V,937,870,827,753,820,792,891,838,864,800
V,937,871,827,752,816,792,891,838,864,801
V,936,869,828,753,816,793,892,838,865,801
V,936,870,827,753,816,793,891,838,864,801
V,935,871,827,753,816,793,892,838,864,801
V,936,870,828,753,815,791,891,837,865,800
V,935,870,827,753,816,793,891,838,865,801
V,934,870,827,752,816,792,890,838,864,800
V,936,870,827,753,816,792,891,837,864,801
V,936,871,827,753,816,793,892,838,865,801
V,937,870,827,753,815,792,891,838,864,800
V,935,870,827,753,816,791,891,839,865,799
V,935,870,827,753,816,792,890,838,864,800
V,936,871,827,753,816,792,891,838,865,800
V,936,870,827,753,816,792,891,838,866,800
V,935,870,827,752,815,792,891,838,864,800
V,936,869,827,753,816,792,891,838,864,800
V,937,870,827,753,815,792,891,837,864,800
V,936,870,828,752,816,791,890,837,864,800
V,936,870,828,753,816,792,891,838,864,801
V,935,870,828,753,815,792,890,837,864,800
V,935,870,828,752,816,791,891,838,864,800
V,936,870,827,752,815,792,891,837,865,799
V,936,870,827,753,816,792,891,838,864,799
V,937,870,827,752,816,792,891,837,864,800
V,936,870,827,753,816,792,890,837,864,800
V,935,870,827,752,815,791,890,838,864,800
V,937,870,827,752,816,792,891,838,864,800
V,936,870,828,753,816,791,890,838,865,800
V,935,870,826,752,815,790,890,837,864,800
V,936,870,827,752,816,791,891,837,864,799
V,935,870,828,753,815,790,891,838,864,799
V,936,870,828,753,816,792,891,837,864,800
V,937,870,828,753,816,792,891,837,864,800
V,937,870,827,752,816,792,890,837,865,800
V,937,870,828,752,816,792,891,837,864,799
V,937,870,827,753,816,792,891,837,864,800
V,935,869,826,752,816,791,891,838,864,799
V,936,871,827,752,816,791,890,837,865,800
V,935,870,827,753,816,792,890,838,863,799
V,936,870,828,753,815,791,891,837,863,800
V,935,870,827,752,816,791,891,836,864,800
V,935,870,827,751,815,792,890,838,864,799
V,937,871,828,753,816,792,890,837,864,800
V,936,870,828,752,816,792,891,838,863,800
V,936,870,827,753,815,792,891,837,863,799
V,937,870,827,753,816,792,890,837,864,800
V,934,871,828,753,816,791,889,838,863,800
V,935,870,827,752,816,791,891,838,863,800
V,936,870,827,752,816,792,890,838,863,800
V,935,870,828,752,816,791,891,837,863,799
V,935,870,827,752,815,792,891,837,864,800
V,935,870,828,753,816,792,890,837,862,800
V,936,870,827,752,816,792,890,837,864,799
V,935,870,827,753,816,791,891,837,862,800
V,939,871,828,752,815,791,891,837,864,799
V,936,871,827,752,816,792,891,837,864,800
V,936,870,828,753,816,791,890,837,864,800
V,937,871,827,752,815,791,890,837,864,800
V,936,870,827,753,816,792,890,838,864,799
V,936,870,828,752,816,791,890,837,864,800
V,936,870,827,752,815,792,889,838,863,800
V,933,870,827,753,815,792,890,837,863,800
V,935,869,827,753,816,791,890,838,864,799
V,935,871,828,753,815,791,890,838,864,800
V,936,870,827,753,816,792,891,838,863,799
V,935,870,827,753,816,792,891,838,864,799
V,935,870,827,753,815,791,889,837,864,800
V,936,868,827,753,814,791,890,837,864,800
V,935,870,826,753,815,791,891,838,863,800
V,937,870,825,754,815,792,890,837,864,800
V,936,870,825,754,815,791,890,838,864,800
V,935,870,826,754,815,791,890,838,864,800
V,934,869,826,754,815,791,891,838,863,799
V,936,869,826,754,815,791,891,838,863,800
V,935,871,824,753,815,791,892,838,863,800
V,936,870,826,754,814,791,891,838,864,800
V,936,870,826,754,815,791,891,837,864,800
V,935,870,826,754,815,791,891,837,864,800
V,936,870,826,754,815,791,891,838,863,799
V,935,870,825,754,815,791,891,838,863,800
V,932,869,826,754,814,790,891,838,864,800
V,935,870,825,754,815,791,890,839,864,800
V,935,869,825,754,815,791,891,838,864,800
V,935,869,826,754,815,791,890,838,864,799
V,935,869,826,755,814,791,891,837,864,800
V,936,870,826,754,815,791,892,838,863,800
V,935,871,825,754,815,790,889,839,864,800
V,936,870,826,754,815,791,891,838,864,800
V,936,870,825,754,815,791,891,838,863,801
V,936,870,825,754,815,791,891,838,864,800
V,935,870,826,754,814,791,892,839,864,801
V,937,870,826,754,814,790,891,838,865,801
V,935,869,826,754,815,791,892,839,865,800
V,935,870,826,754,815,791,892,839,864,800
V,935,869,825,754,814,791,892,840,865,800
V,936,867,826,755,814,791,892,838,864,800
V,935,869,826,754,814,791,892,839,865,801
V,935,869,825,754,815,791,893,840,865,800
V,935,870,826,754,814,790,893,838,865,801
V,935,870,826,754,814,791,893,840,864,802
V,934,869,826,754,814,791,893,839,864,801
V,934,869,825,754,814,791,892,839,863,801
V,935,869,826,754,815,791,892,839,863,800
V,936,869,825,755,814,791,892,840,863,801
V,934,869,826,755,814,789,893,840,862,802
V,935,869,825,755,814,791,892,841,862,801
V,934,868,825,756,815,791,892,841,862,803
V,935,869,826,756,814,791,892,841,861,802
V,934,868,826,756,814,790,892,841,861,803
V,935,868,825,756,815,790,891,841,859,803
V,933,868,826,756,815,792,891,841,856,806
V,930,868,825,758,815,794,890,844,853,809
V,929,867,824,758,818,795,889,844,850,810
V,928,868,824,758,816,796,887,846,844,814
V,926,868,826,758,817,798,887,848,832,819
V,926,868,825,758,818,799,888,848,831,819
V,927,868,825,759,823,799,888,849,812,822
V,925,868,825,759,824,800,888,849,804,823
V,926,868,825,759,822,800,889,850,800,824
V,926,867,824,759,812,800,890,851,785,825
V,924,868,824,760,813,800,891,850,783,825
V,926,868,824,760,813,801,889,850,781,824
V,926,868,824,759,812,800,891,850,781,824
V,927,868,823,759,809,799,892,849,781,823
V,928,868,824,759,809,799,892,848,781,822
V,929,868,824,759,809,799,892,848,783,822
V,928,868,823,760,809,799,893,848,784,822
V,928,866,824,759,809,798,893,848,786,821
V,928,868,824,759,809,798,893,848,789,822
V,929,868,824,759,810,798,893,847,793,821
V,929,867,824,759,811,798,894,847,800,821
V,929,867,824,759,812,797,894,847,816,820
V,930,867,824,759,812,797,895,847,831,819
V,933,868,827,759,808,796,900,846,851,819
V,935,868,829,762,812,795,911,847,886,817
V,936,869,829,762,814,794,912,845,892,817
V,937,869,830,762,817,794,913,846,895,816
V,938,869,830,764,819,793,912,846,897,816
V,938,869,829,764,820,794,912,846,898,814
V,937,870,830,764,822,793,912,846,900,814
V,938,869,829,763,822,793,912,845,899,814
V,936,870,830,764,826,792,911,845,902,813
V,936,870,831,764,829,793,912,845,903,813
V,936,869,831,762,831,793,912,844,903,812
V,935,869,831,763,832,791,912,845,904,812
V,936,869,832,763,838,792,912,843,905,812
V,933,869,832,762,840,792,912,842,905,811
V,933,870,832,762,840,791,912,841,905,811
V,934,869,832,762,841,791,912,840,905,810
V,935,869,832,761,845,791,912,839,909,809
V,935,868,832,762,851,791,911,840,913,808
V,935,869,832,761,853,791,910,840,914,808
V,931,869,832,762,855,792,907,840,912,807
V,930,867,832,761,856,792,905,839,911,807
V,931,868,832,762,856,792,904,839,911,807
V,931,868,833,762,855,791,901,839,909,807
V,928,868,833,762,855,791,899,838,907,807
V,929,867,833,762,855,791,897,838,907,808
V,927,867,834,761,855,792,896,838,904,808
V,927,867,834,762,855,791,896,838,903,807
V,928,867,835,762,854,791,896,838,902,807
V,928,867,834,762,848,790,895,839,900,809
V,927,866,834,762,846,791,896,840,899,809
V,928,867,834,762,844,790,896,840,899,809
V,928,867,835,763,841,790,898,841,899,810
V,929,868,833,763,839,790,899,842,898,810
V,932,867,833,764,837,790,900,843,898,811
V,931,868,832,765,831,788,900,843,898,811
V,934,867,830,765,827,789,901,843,897,810
V,933,867,830,765,826,789,900,844,895,810
V,934,868,829,765,822,789,900,844,896,811
V,932,869,828,765,817,789,902,843,897,811
V,934,868,828,765,817,789,902,845,896,811
V,935,869,827,765,813,788,902,845,896,811
V,932,869,824,764,816,789,902,846,897,811
V,935,868,824,765,813,790,901,845,896,810
V,934,868,823,764,813,789,902,846,896,810
V,934,870,821,763,810,789,902,846,896,810
V,932,869,820,763,811,789,899,846,896,810
V,933,868,821,763,812,789,901,846,897,810
V,931,869,820,763,811,790,901,846,896,809
V,932,869,819,762,810,789,901,845,896,810
V,931,869,819,762,808,790,900,846,896,810
V,932,870,819,762,809,789,901,846,896,809
V,930,869,820,762,807,790,901,845,894,809
V,930,869,818,761,808,790,901,845,895,808
V,930,869,818,761,809,791,901,845,896,807
V,927,868,818,761,809,790,901,845,894,808
V,930,869,818,761,808,789,901,845,896,807
V,928,869,818,761,808,790,901,844,894,808
V,929,869,818,761,809,790,901,845,895,808
V,929,869,818,761,808,791,901,845,894,807
V,928,869,818,761,808,791,900,845,895,808
V,927,869,818,761,809,791,902,845,895,808
V,928,869,817,761,808,791,901,845,894,808
V,926,870,817,761,808,791,902,845,895,808
V,929,869,817,760,808,791,902,845,893,808
V,928,869,816,760,808,791,902,845,894,808
V,928,870,817,760,808,792,901,845,895,808
V,928,869,817,760,809,791,902,845,895,808
V,925,870,817,760,809,791,901,845,894,808
V,928,870,817,759,809,792,901,845,894,808
V,928,869,817,761,809,792,902,845,895,807
V,927,869,817,759,808,792,902,844,895,808
V,928,870,817,760,808,793,902,844,893,806
V,927,870,817,761,808,792,902,844,895,808
V,928,870,817,760,809,792,902,844,894,807
V,927,869,817,761,808,793,903,844,894,808
V,927,870,816,761,808,793,902,844,895,807
V,926,870,817,761,808,793,902,844,894,807
V,926,870,817,761,809,793,902,843,895,807
V,926,870,816,760,808,792,902,844,895,807
V,928,870,817,760,807,793,902,843,894,808
V,926,869,817,761,808,793,902,844,894,807
V,928,870,817,761,808,793,902,844,894,807
V,926,870,818,760,812,793,902,844,893,808
V,928,869,817,761,813,793,901,844,893,807
V,926,869,818,761,813,794,900,843,893,808
V,926,869,818,761,808,793,900,843,893,809
V,927,869,819,761,814,794,901,843,893,809
V,927,870,819,762,816,794,900,843,891,809
V,926,870,819,762,815,793,901,843,893,810
V,927,868,820,761,819,793,903,843,893,810
V,928,869,819,761,816,793,902,843,893,810
V,927,870,819,762,817,793,903,843,894,809
V,928,869,820,762,815,793,903,844,893,810
V,928,869,820,762,818,793,904,844,893,811
V,928,869,820,762,815,793,904,844,894,810
V,927,869,821,762,815,793,904,843,894,810
V,928,869,821,762,813,793,903,843,893,810
V,928,868,821,760,813,793,903,843,893,810
V,928,869,821,762,812,793,902,842,893,810
V,927,869,821,762,813,793,903,842,893,809
V,929,869,821,761,812,792,903,843,892,810
V,927,868,821,761,812,793,903,842,893,809
V,929,870,821,761,812,793,902,842,893,809
V,928,869,821,762,812,793,902,842,893,810
V,927,869,820,761,812,792,902,842,892,809
V,928,869,820,761,811,793,902,842,893,810
V,927,869,822,762,812,793,902,842,892,810
V,928,869,822,761,812,793,901,842,892,809
V,929,870,822,762,812,794,901,841,892,809
V,928,868,823,761,810,793,901,840,892,809
V,927,869,823,761,810,794,902,842,892,809
V,927,868,824,761,810,793,901,841,893,808
V,928,869,823,761,809,793,902,841,892,808
V,928,868,823,762,807,793,902,842,892,809
V,929,868,823,761,809,792,903,841,892,809
V,929,869,823,761,810,793,902,841,892,808
V,928,869,824,761,810,793,903,841,893,810
V,927,869,824,761,809,793,903,841,893,809
V,929,870,824,761,809,793,903,841,893,809
V,926,869,824,760,810,793,903,841,892,809
V,927,869,824,761,810,793,903,841,892,808
V,928,869,824,761,809,793,903,841,892,809
V,928,868,825,760,809,792,902,841,892,808
V,928,869,825,760,810,793,902,841,893,808
V,928,868,826,760,810,792,901,840,892,808
V,927,869,825,760,810,793,903,841,892,809
V,928,868,826,760,810,793,902,841,892,808
V,927,868,826,760,810,793,902,840,892,809
V,928,868,826,760,810,793,902,840,893,809
V,927,868,827,760,809,793,902,841,892,807
V,926,868,827,760,809,792,902,840,892,808
V,926,869,827,759,810,793,901,840,891,808
V,927,868,828,760,808,793,902,840,892,808
V,927,868,828,760,809,793,902,841,890,808
V,928,868,828,760,808,793,901,840,892,808
V,928,868,828,760,809,793,901,840,892,808
V,926,868,828,759,809,794,901,840,892,808
V,927,867,828,760,809,794,902,840,891,808
V,927,868,828,760,809,794,901,840,892,808
V,926,868,828,760,809,794,902,840,891,808
V,927,867,827,759,809,794,901,840,892,808
V,928,869,828,760,809,794,901,840,892,808
V,928,868,828,759,809,793,902,840,892,807
V,927,867,828,760,808,794,901,839,891,808
V,928,868,828,760,809,794,900,840,892,807
V,927,868,829,760,808,794,900,839,892,808
V,928,869,829,760,808,794,900,840,892,807
V,927,868,828,760,809,794,901,840,892,808
V,927,868,828,760,809,794,901,840,892,807
V,926,867,827,759,807,793,900,840,892,807
V,927,867,828,759,808,793,901,839,892,808
V,929,867,828,760,809,794,901,840,892,807
V,927,868,828,760,808,793,901,840,891,808
V,927,867,826,760,808,793,901,839,892,807
V,927,868,829,760,808,794,900,839,892,807
V,927,868,828,760,808,794,901,839,891,807
V,928,868,828,760,809,793,900,840,893,807
V,927,868,829,759,808,794,901,840,892,808
V,927,868,828,760,808,793,900,840,892,808
V,926,868,828,760,809,794,901,840,892,807
V,928,868,828,760,808,794,901,840,892,808
V,927,868,828,760,809,793,901,840,891,808
V,926,867,828,760,808,793,901,840,892,807
V,927,867,828,760,808,793,900,840,892,807
V,927,868,828,760,809,794,900,840,892,807
V,926,868,828,760,808,794,900,839,891,808
V,927,867,828,760,809,794,900,838,892,807
V,927,866,828,760,809,793,900,840,891,807
V,927,868,828,760,808,794,900,840,892,807
V,927,867,827,760,808,793,900,839,892,807
V,926,868,828,759,808,793,901,840,892,807
V,926,867,828,760,808,793,900,840,892,807
V,927,867,829,759,809,793,900,839,892,807
V,927,867,827,760,809,794,901,840,892,807
V,926,867,827,760,809,793,899,839,891,807
V,926,867,828,759,808,794,899,839,892,808
V,928,868,828,760,809,793,900,839,892,807
V,927,867,828,760,809,793,900,839,891,807
V,927,867,828,760,809,793,899,839,891,807
V,926,867,828,760,808,793,900,840,892,807
V,927,868,828,760,809,793,900,839,892,807
V,927,868,828,759,808,794,900,840,892,808
V,926,868,828,760,808,793,900,840,891,808
V,928,867,828,760,807,792,900,838,891,806
V,925,868,828,760,809,793,900,838,892,807
V,927,868,828,760,809,793,900,839,891,807
V,925,867,828,759,810,794,900,839,891,808
V,927,868,828,760,809,793,900,839,892,807
V,926,868,828,760,809,793,900,840,891,807
V,928,867,829,759,807,792,900,839,892,808
V,927,867,828,759,808,794,900,840,892,807
V,927,867,829,760,808,793,900,840,891,807
V,926,867,828,760,809,793,900,840,891,806
V,928,867,828,760,809,793,899,839,892,807
V,926,868,828,759,809,793,900,839,891,807
V,927,868,828,760,808,793,899,839,891,807
V,925,867,829,759,808,793,900,839,891,806
V,926,867,828,760,808,793,899,839,891,807
V,927,867,828,760,808,793,900,839,892,807
V,927,867,827,760,808,793,899,839,892,807
V,926,868,828,759,808,793,900,839,891,807
V,926,868,828,759,808,792,900,840,891,807
V,927,867,828,759,808,793,900,839,892,807
V,926,866,828,759,808,793,899,839,892,806
V,925,867,828,759,808,793,899,839,892,806
V,927,867,828,758,808,793,900,838,891,807
V,926,867,827,759,808,793,900,839,892,806
V,926,868,828,760,808,793,900,838,892,808
V,926,867,828,759,808,793,899,839,892,806
V,926,867,828,760,808,793,899,839,892,807
V,925,867,828,759,808,793,899,839,892,808
V,926,867,828,760,809,793,899,839,891,807
V,927,867,828,759,808,793,899,839,892,807
V,926,867,828,759,808,794,900,840,891,807
V,926,868,827,760,808,794,899,839,892,807
V,926,868,828,759,809,793,899,840,892,807
V,925,867,827,759,808,793,899,839,891,807
V,926,867,827,760,808,793,899,839,891,807
V,926,867,828,760,809,793,899,839,890,807
V,927,867,828,759,809,793,899,839,892,807
V,926,867,828,760,808,793,899,839,891,806
V,926,867,827,759,808,793,899,838,892,806
V,925,866,827,759,808,793,899,839,891,806
V,927,868,828,759,807,793,899,839,892,807
V,927,868,827,760,808,793,899,840,891,807
V,926,867,827,759,808,792,897,839,891,806
V,927,867,828,760,808,793,899,839,891,806
V,925,867,828,760,808,793,899,840,892,807
V,925,866,828,759,809,793,898,839,891,807
V,927,867,828,760,808,793,899,840,892,807
V,926,867,828,760,808,793,897,838,892,806
V,926,867,828,760,809,793,898,839,891,807
V,926,867,828,759,808,793,899,840,891,806
V,925,867,827,759,808,794,899,839,892,806
V,927,867,828,759,809,793,898,839,891,806
V,926,868,828,759,809,794,899,839,891,807
V,926,867,828,759,809,793,898,840,891,807
V,926,867,828,759,808,793,898,838,892,807
V,926,868,828,759,809,793,898,839,891,806
V,924,867,828,760,809,793,898,839,891,806
V,926,867,828,759,809,793,897,839,891,808
V,926,868,828,760,809,793,898,839,891,807
V,927,867,828,760,808,793,898,839,891,807
V,927,867,827,759,807,793,898,839,891,807
V,927,865,828,759,808,793,898,840,891,806
V,926,867,828,760,808,793,898,839,891,807
V,925,867,827,760,808,793,898,839,892,807
V,925,867,828,759,808,793,898,839,891,806
V,926,867,828,759,808,793,898,839,891,807
V,925,867,828,759,808,793,898,838,891,807
V,926,868,828,759,808,793,898,839,891,807
V,927,867,828,760,808,794,898,840,890,807
V,925,867,828,759,808,793,897,839,891,807
V,926,867,828,760,808,793,898,840,891,806
V,926,867,828,759,808,793,898,839,891,807
V,926,867,828,759,808,793,898,839,892,806
V,926,867,828,760,808,793,898,839,891,805
V,923,868,828,760,808,793,898,838,892,807
V,925,867,828,758,808,793,898,839,892,806
V,925,867,827,757,807,793,898,839,891,806
V,924,867,828,760,809,793,899,838,890,807
V,926,867,828,760,809,793,898,840,892,806
V,925,867,828,760,808,793,898,839,892,806
V,925,867,828,759,809,794,898,840,891,807
V,925,867,828,760,807,792,897,838,891,807
V,927,867,829,761,807,793,898,839,891,807
V,924,867,828,759,808,793,898,839,891,806
V,926,867,828,760,808,793,898,839,890,806
V,926,867,828,760,808,792,899,839,891,806
V,925,867,828,760,808,793,898,839,891,807
V,926,865,828,759,809,793,898,839,890,807
V,925,867,827,760,808,793,898,839,891,806
V,926,867,828,759,807,793,898,839,891,807
V,926,867,828,760,809,792,898,839,891,807
V,926,866,827,759,808,793,897,839,891,807
V,926,867,828,759,808,794,898,839,891,806
V,926,867,828,760,808,793,898,839,892,806
V,926,867,828,759,809,793,898,839,891,806
V,925,868,828,759,808,793,897,839,891,807
V,925,867,828,759,808,793,898,840,892,807
V,928,867,828,760,808,793,898,838,891,806
V,926,867,828,760,808,793,898,839,891,807
V,926,867,828,760,808,793,898,839,891,806
V,926,867,827,760,808,792,898,840,891,806
V,926,867,828,760,809,793,898,839,891,807
V,926,867,828,760,808,794,898,839,891,806
V,925,866,828,760,808,794,898,839,891,807
V,925,867,828,760,808,794,897,839,892,806
V,926,867,828,759,808,794,898,839,891,807
V,925,867,827,759,808,794,898,839,892,807
V,925,867,828,759,808,794,898,839,891,806
V,925,867,827,759,808,794,898,839,891,807
V,927,868,828,759,808,794,898,840,890,805
V,925,867,828,759,807,793,898,839,891,806
V,924,867,828,760,808,794,898,839,891,805
V,926,865,828,759,808,794,897,839,892,807
V,925,867,828,759,808,794,897,839,891,806
V,925,868,828,760,806,794,898,838,892,805
V,926,868,827,760,808,794,898,839,891,806
V,925,868,828,760,808,794,897,840,891,807
V,925,867,828,760,808,794,898,839,891,807
V,925,868,828,759,808,794,898,839,891,806
V,926,867,827,760,808,794,898,839,891,806
V,925,867,828,760,808,794,898,839,891,806
V,925,867,828,760,808,794,898,839,892,807
V,926,867,828,759,807,794,898,839,891,807
V,925,868,827,759,808,794,898,839,891,807
V,926,867,828,760,808,794,898,839,891,806
V,925,868,828,760,808,794,898,839,891,806
V,925,866,827,759,807,794,897,839,891,806
V,926,867,828,760,808,795,897,839,891,806
V,926,867,828,760,808,794,898,839,891,806
V,926,867,828,760,808,794,897,839,891,806
V,925,866,828,759,808,794,898,839,891,806
V,925,867,827,760,808,794,898,839,891,807
V,925,867,828,759,808,794,898,838,891,806
V,925,867,828,760,808,794,898,839,892,807
V,927,867,827,760,808,794,898,838,891,806
V,927,867,828,760,808,794,898,839,891,806
V,926,867,827,759,808,794,898,839,891,806
V,927,868,827,760,808,794,898,839,891,805
V,926,867,828,760,808,794,897,839,892,806
V,926,868,828,759,809,795,898,839,891,806
V,926,867,827,760,807,793,898,839,891,806
V,926,867,828,759,808,794,897,839,891,806
V,925,867,828,760,808,794,898,839,891,806
V,926,865,827,759,808,794,898,839,891,807
V,926,865,828,760,808,794,898,839,891,805
V,925,868,828,759,808,794,897,839,892,806
V,926,868,828,760,808,794,898,839,891,807
V,925,867,828,760,808,794,898,839,892,805
V,926,867,828,760,808,794,898,839,891,807
V,926,866,828,760,807,793,897,839,890,807
V,925,866,828,759,807,794,898,839,891,806
V,925,867,828,760,807,794,898,839,892,807
V,925,868,828,760,808,794,898,839,890,806
V,926,867,828,760,808,794,898,839,891,806
V,925,867,826,760,808,794,898,838,891,807
V,925,867,828,759,807,794,897,838,890,806
V,926,867,827,759,807,793,897,839,891,807
V,925,867,827,760,808,794,897,839,891,806
V,925,867,828,760,808,794,897,839,891,806
V,925,867,828,760,808,794,897,839,892,806
V,926,867,828,759,808,795,898,839,891,806
V,926,867,828,760,808,795,897,838,891,806
V,926,867,828,760,807,794,897,838,891,806
V,926,867,828,760,808,794,898,839,891,807
V,926,866,827,759,807,794,898,839,891,807
V,926,867,828,759,808,794,898,839,890,806
V,925,867,827,760,808,794,898,839,891,806
V,925,867,828,760,808,794,897,839,892,807
V,926,868,828,760,808,792,898,839,891,806
V,925,867,828,760,808,794,898,840,891,807
V,926,867,828,760,808,793,898,839,891,807
V,925,867,828,760,808,794,898,839,891,806
V,925,867,828,760,806,794,898,839,891,806
V,925,867,828,760,807,794,898,839,891,807
V,926,866,827,760,808,794,897,839,890,806
V,926,867,828,760,807,794,898,838,891,806
V,926,867,828,760,808,794,898,839,891,806
V,925,868,829,760,807,794,897,839,891,806
V,926,867,828,760,807,794,898,838,891,806
V,925,867,828,760,808,794,898,839,891,806
V,925,867,828,760,806,794,898,839,891,805
V,925,867,828,760,807,794,897,839,891,806
V,927,867,827,760,807,794,898,839,891,806
V,925,867,828,760,808,794,897,839,890,807
V,924,867,828,760,807,794,898,839,892,806
V,927,867,828,760,807,794,897,839,890,807
V,926,867,828,760,808,794,898,839,891,806
V,925,867,828,760,808,794,897,839,890,806
V,926,867,828,760,808,794,897,839,891,806
V,925,867,827,760,807,794,897,839,891,806
V,926,866,828,760,808,794,898,839,891,806
V,927,867,828,760,806,794,897,839,891,806
V,925,867,828,760,808,793,897,839,891,805
V,926,867,827,760,808,794,898,839,892,806
V,926,867,828,759,808,794,898,839,892,806
V,925,867,828,760,807,794,897,839,890,806
V,926,866,828,760,808,794,898,839,891,806
V,926,867,828,760,808,794,898,839,891,806
V,926,867,828,760,808,794,898,839,892,806
V,926,867,828,760,808,794,898,839,891,806
V,925,867,828,760,808,794,897,839,890,805
V,927,866,827,760,807,794,898,839,891,806
V,925,867,828,760,808,794,898,839,891,806
V,926,867,828,760,808,794,897,839,891,806
V,926,867,828,760,808,793,897,839,890,807
V,925,867,827,759,808,794,898,839,892,806
V,925,867,828,760,808,793,898,838,891,806
V,926,867,827,760,808,793,897,838,891,807
V,925,867,828,759,808,794,897,839,891,806
V,925,867,828,760,808,793,898,839,891,806
V,926,867,827,759,808,794,897,838,891,805
V,926,867,829,759,807,793,897,838,891,805
V,926,867,828,760,807,794,897,839,891,806
V,925,867,828,760,808,793,898,839,891,806
V,925,867,828,760,807,793,898,838,892,806
V,925,867,828,760,807,793,898,839,890,807
V,926,867,828,760,808,793,898,839,891,806
V,925,867,827,760,807,793,898,839,891,806
V,925,866,828,759,807,793,897,839,891,806
V,925,866,828,759,807,794,898,839,892,806
