F,912,889,920,771,882,785,877,779,897,751
F,882,874,928,756,815,776,749,761,756,708
F,883,872,929,754,816,776,750,760,756,710
F,883,872,928,755,818,775,749,760,757,711
F,880,873,927,756,817,775,750,761,757,709
F,880,871,928,755,816,776,750,759,756,708
F,880,874,927,757,814,777,749,760,756,708
F,882,872,926,755,814,776,749,760,757,709
F,880,874,927,757,814,777,749,759,755,711
F,882,873,926,755,815,777,749,760,757,710
F,882,870,928,757,813,776,750,760,757,709
F,881,872,926,755,815,776,749,761,757,709
F,882,872,928,755,816,777,750,760,757,710
F,880,872,928,756,814,776,749,761,758,710
F,880,872,927,754,813,776,749,759,757,710
F,881,873,926,756,815,776,748,760,758,711
F,882,872,928,755,813,776,749,760,757,709
F,882,872,927,757,816,775,748,760,758,708
F,883,873,927,755,814,777,749,761,757,708
F,882,874,928,756,815,776,750,759,756,710
F,879,874,928,756,815,776,750,760,758,710
F,882,872,927,755,817,777,749,760,756,709
F,881,873,928,755,813,776,750,761,757,710
F,881,873,926,754,813,776,750,760,757,708
F,881,874,928,756,814,776,750,761,759,709
F,883,871,926,756,814,777,750,760,758,708
F,879,869,926,752,813,778,749,760,756,708
F,882,872,926,756,812,774,748,760,757,709
F,881,874,926,756,814,777,749,760,757,710
F,882,872,926,755,811,776,749,760,757,707
F,883,872,926,756,815,777,748,761,758,711
F,882,873,925,756,813,776,747,761,757,711
F,882,873,927,756,811,775,748,761,758,707
F,882,870,927,756,813,776,748,761,757,708
F,881,873,927,756,810,776,748,761,757,708
F,882,872,926,753,812,776,749,761,758,708
F,883,873,926,757,813,777,749,759,756,709
F,883,872,927,755,811,777,748,760,759,707
F,882,872,925,755,810,777,748,760,756,709
F,883,871,925,756,812,776,749,760,756,709
F,881,872,926,756,811,776,749,760,757,709
F,884,875,926,755,810,776,749,759,757,708
F,881,872,929,755,811,776,752,760,758,708
F,882,874,927,755,809,777,749,760,757,710
F,882,874,925,755,809,777,748,760,756,711
F,882,874,924,755,807,776,749,761,756,709
F,882,873,925,756,808,776,748,761,757,708
F,882,875,926,756,809,777,750,760,758,708
F,883,874,925,756,809,774,749,760,757,711
F,883,874,927,756,807,777,747,761,759,709
F,884,871,926,755,809,776,749,761,757,709
F,881,871,927,753,809,775,749,760,759,708
F,879,870,927,756,809,777,749,760,758,710
F,881,873,927,755,808,777,749,760,758,708
F,884,871,927,755,809,776,748,760,757,708
F,881,872,928,755,807,777,750,760,755,708
F,880,875,926,755,810,776,749,761,758,707
F,883,872,926,757,808,776,748,761,757,709
F,882,871,926,755,808,776,749,760,758,710
F,884,873,927,755,809,777,749,760,757,709
F,883,873,927,757,808,775,749,760,757,709
F,879,872,927,754,809,777,749,761,758,709
F,879,874,928,755,809,777,748,761,757,708
F,883,873,927,757,808,775,748,759,759,708
F,879,871,926,756,809,775,749,760,757,709
F,882,873,926,757,807,777,748,760,759,711
F,882,874,925,754,809,777,750,761,757,708
F,879,872,927,756,807,775,750,760,757,709
F,881,872,925,756,807,776,749,761,758,709
F,882,871,927,755,809,778,749,761,758,710
F,881,873,927,755,809,777,750,761,759,710
F,883,873,926,756,807,777,749,760,758,710
F,881,872,925,756,808,777,750,760,757,711
F,881,872,926,755,807,776,749,760,758,709
F,881,872,925,756,807,775,749,761,758,711
F,880,872,926,755,809,775,748,761,758,709
F,881,871,926,757,807,778,749,759,758,709
F,880,874,925,757,810,777,749,760,758,709
F,883,872,926,756,808,776,750,761,759,707
F,879,872,926,755,807,776,749,759,758,710
F,882,874,925,755,811,776,749,760,759,710
F,883,872,927,755,810,776,749,761,757,708
F,881,874,927,756,808,776,750,760,758,711
F,882,871,924,756,810,776,750,759,757,709
F,880,871,927,756,809,776,749,761,761,710
F,882,872,927,756,808,777,749,759,760,707
F,879,870,925,757,810,775,748,760,760,710
F,880,873,925,755,807,775,749,760,758,709
F,881,872,924,756,807,775,750,761,758,711
F,884,869,925,754,807,776,749,760,760,709
F,883,874,925,755,807,777,749,761,759,708
F,881,873,925,754,808,776,749,760,760,707
F,880,872,927,757,808,776,749,761,758,710
F,880,871,926,756,808,777,748,761,760,709
F,880,872,926,754,806,775,751,761,759,708
F,882,874,926,757,808,776,749,760,758,708
F,884,873,927,757,808,776,750,760,760,709
F,882,872,926,756,808,777,749,761,756,708
F,879,871,925,755,808,777,749,759,759,709
F,882,873,926,756,808,776,749,759,759,708
F,881,872,926,755,809,777,750,760,758,708
F,880,873,927,756,807,776,748,761,760,708
F,881,872,926,757,807,775,750,759,759,710
F,882,872,924,755,808,776,747,759,757,708
F,879,871,926,756,805,777,749,759,759,708
F,882,873,925,756,808,776,750,760,759,709
F,882,872,926,756,809,776,750,761,760,708
F,882,873,926,755,808,777,750,760,758,707
F,879,874,926,756,807,777,750,759,759,708
F,881,872,924,756,809,777,748,760,760,710
F,879,870,926,757,809,776,748,759,758,708
F,883,874,925,755,809,776,750,760,759,710
F,882,874,927,757,808,776,750,761,759,710
F,883,872,927,754,807,777,748,761,759,709
F,883,873,925,757,806,777,749,760,760,709
F,883,872,926,757,808,775,748,759,759,708
F,884,874,927,757,807,776,750,760,759,710
F,881,872,926,755,809,777,749,760,761,707
F,882,872,926,757,808,776,749,760,760,707
F,882,873,924,756,808,775,748,761,758,709
F,880,873,925,757,808,776,749,760,760,708
F,882,874,926,755,808,777,748,761,758,709
F,880,872,925,756,808,777,749,760,760,708
F,882,873,925,756,807,776,749,760,759,709
F,880,875,926,755,809,776,749,760,760,711
F,881,873,925,757,808,776,750,760,761,708
F,881,871,927,756,808,777,749,760,759,709
F,880,873,927,757,809,777,749,761,760,711
F,880,872,926,757,808,777,750,760,760,709
F,880,874,925,756,808,776,748,761,758,710
F,879,873,926,754,807,777,750,759,760,710
F,882,871,927,757,808,776,750,761,760,708
F,881,874,927,756,808,776,749,761,760,707
F,882,873,927,755,808,777,749,759,758,708
F,883,873,927,755,808,777,749,761,758,708
F,880,872,927,757,808,776,750,759,760,709
F,883,872,927,756,808,776,750,761,761,709
F,883,873,925,757,807,776,749,760,759,709
F,881,872,925,754,808,777,750,760,760,708
F,882,873,928,756,809,777,749,760,761,709
F,880,871,926,755,808,775,748,759,758,709
F,884,871,926,756,809,776,749,760,761,710
F,879,871,925,756,808,775,749,761,761,708
F,882,873,924,754,808,778,749,760,760,710
F,882,873,926,755,807,774,749,759,758,710
F,882,873,927,756,807,775,751,761,761,710
F,882,875,926,756,806,777,749,759,761,710
F,883,872,924,756,807,777,751,761,758,710
F,880,876,927,756,808,776,750,760,758,709
F,880,873,925,757,807,776,750,760,758,707
F,882,874,927,754,807,776,750,760,759,710
F,882,873,926,755,808,776,751,759,759,709
F,881,872,927,757,808,776,748,759,760,708
F,881,874,926,756,807,777,749,759,760,709
F,881,873,925,755,807,777,751,758,759,709
F,884,873,926,755,806,777,749,759,758,709
F,882,871,927,756,808,776,750,760,758,711
F,882,873,925,755,807,776,749,760,760,707
F,881,871,924,755,808,776,750,761,760,710
F,884,869,925,755,806,777,750,759,761,708
F,880,872,925,753,806,776,750,761,760,708
F,882,872,926,755,808,778,750,760,758,708
F,880,873,926,756,808,776,750,760,759,708
F,882,872,927,756,807,776,750,760,760,708
F,880,869,927,757,808,776,750,761,760,709
F,883,874,926,755,809,777,750,760,760,709
F,882,871,925,757,811,777,750,759,760,711
F,883,872,924,757,811,777,751,760,759,706
F,881,870,926,755,811,777,750,760,759,708
F,881,874,927,756,811,777,750,760,759,708
F,882,874,926,755,808,778,748,760,760,712
F,880,872,927,756,809,777,748,760,760,710
F,883,873,926,757,810,776,750,761,758,707
F,880,872,927,754,811,775,750,759,758,710
F,884,872,927,757,811,776,750,760,760,710
F,880,871,927,755,811,776,751,759,758,709
F,881,873,925,757,811,777,750,761,759,709
F,881,873,926,755,812,778,752,761,760,707
F,883,871,927,755,809,778,749,759,760,709
F,882,871,925,757,810,776,749,760,759,709
F,883,873,922,755,810,776,749,760,759,709
F,882,873,926,756,808,776,750,760,760,710
F,880,872,926,756,810,777,750,759,761,709
F,880,873,925,756,809,777,750,759,758,709
F,881,873,927,754,806,778,749,759,761,709
F,883,871,926,755,807,777,750,761,758,710
F,880,872,926,756,807,777,750,760,759,709
F,881,871,927,757,807,776,751,760,759,709
F,881,872,926,754,809,778,749,761,759,711
F,880,871,927,755,808,777,750,761,759,709
F,880,872,926,755,808,776,751,761,758,710
F,880,873,925,755,807,776,749,760,761,709
F,880,873,925,756,807,776,750,760,758,710
F,882,871,927,756,808,777,750,761,757,711
F,880,872,925,757,810,776,750,761,760,710
F,883,872,927,756,810,776,749,760,758,711
F,882,873,926,755,808,776,750,761,760,710
F,882,870,927,756,809,776,750,760,760,711
F,884,871,923,756,809,776,750,760,759,710
F,882,871,926,756,809,777,750,759,760,711
F,882,874,928,757,808,778,749,760,760,709
F,881,869,926,756,808,778,749,760,761,710
F,880,871,927,756,809,777,750,760,760,711
F,882,872,927,756,809,777,749,761,759,709
F,880,870,926,756,807,776,749,760,760,710
F,883,872,926,757,809,776,749,761,759,710
F,884,870,926,755,809,776,750,761,760,710
F,882,871,926,756,808,774,749,760,759,710
F,883,870,927,757,805,776,750,762,758,709
F,880,872,925,756,807,776,749,760,758,708
F,882,869,925,756,808,777,751,760,760,710
F,883,871,926,756,809,777,751,760,760,709
F,881,870,927,756,809,776,748,760,758,709
F,880,872,926,756,810,777,749,761,760,710
F,881,872,927,756,809,776,749,762,760,708
F,879,869,926,756,808,777,750,761,759,710
F,881,872,926,757,807,776,750,761,761,711
F,881,872,927,756,807,776,749,759,759,711
F,881,872,927,757,808,776,750,761,760,711
F,883,873,926,756,808,777,750,760,759,709
F,881,870,925,757,808,775,746,759,759,708
F,881,871,926,756,807,776,749,762,759,709
F,882,870,926,757,808,776,750,760,759,708
F,880,871,926,756,807,777,749,760,759,709
F,880,873,925,756,804,776,749,760,761,711
F,881,869,927,757,808,778,750,760,759,708
F,880,870,927,755,807,777,749,760,759,710
F,884,872,925,755,808,777,749,760,758,710
F,885,871,925,756,808,776,750,760,759,709
F,881,870,925,757,807,777,749,761,758,707
F,881,870,927,755,807,777,749,761,759,709
F,878,872,927,756,808,777,749,761,761,711
F,880,869,926,756,807,777,751,760,757,711
F,882,872,926,757,809,777,749,761,760,710
F,882,870,926,757,809,778,748,761,760,712
F,879,871,926,756,809,775,749,760,760,710
F,881,871,926,758,809,777,748,761,758,710
F,880,872,925,756,808,776,750,760,758,711
F,879,870,927,754,807,779,750,760,759,709
F,882,870,927,756,808,776,750,760,760,709
F,882,870,926,757,807,776,750,761,761,708
F,881,870,926,755,808,776,750,760,759,709
F,881,872,927,757,808,776,749,762,759,711
F,881,872,927,754,808,778,750,762,760,710
F,881,872,927,757,809,777,750,759,759,709
F,878,870,926,756,812,775,750,762,759,708
F,882,872,925,758,808,777,750,762,761,711
F,882,870,927,757,811,776,751,762,758,708
F,880,870,927,756,808,776,750,761,759,711
F,883,872,927,757,807,779,749,760,759,709
F,880,869,926,755,809,776,750,760,759,709
F,883,870,927,757,807,777,749,761,760,710
F,879,869,926,756,809,778,750,760,757,711
F,879,869,924,755,811,777,750,760,757,709
F,881,871,927,757,808,776,750,760,760,710
F,879,873,924,755,808,777,750,760,760,710
F,879,872,924,757,808,777,749,760,759,710
F,883,871,927,757,809,777,751,760,759,708
F,884,871,925,757,810,776,751,760,761,711
F,881,869,926,757,811,775,750,761,761,710
F,881,872,926,756,809,777,750,760,760,709
F,882,869,926,757,811,777,749,759,762,710
F,881,870,926,755,812,775,750,760,760,709
F,882,870,925,756,812,777,749,760,761,710
F,884,870,923,757,809,777,750,761,760,709
F,885,869,928,758,807,779,750,761,761,709
F,883,869,925,758,809,776,750,760,760,710
F,880,870,925,756,809,777,749,762,762,711
F,880,872,925,755,811,776,750,761,757,709
F,880,869,925,757,810,777,750,761,761,709
F,881,871,927,757,811,777,750,761,761,708
F,883,869,926,757,809,776,749,761,760,711
F,880,872,925,757,811,777,750,760,760,710
F,880,869,924,756,811,777,751,760,758,708
F,882,870,925,756,819,779,750,761,760,709
F,880,869,924,756,818,776,750,761,760,710
F,880,871,925,756,815,777,749,761,760,709
F,885,871,926,758,816,778,751,761,759,708
F,881,872,925,757,820,777,749,760,759,710
F,884,868,926,758,818,777,749,761,759,709
F,881,871,926,756,816,777,749,763,758,709
F,882,870,926,755,816,778,749,761,760,710
F,883,872,925,756,817,776,749,760,760,709
F,880,870,925,756,815,776,749,761,759,710
F,881,869,925,757,819,777,749,761,761,711
F,882,871,926,757,817,777,749,761,758,708
F,880,870,925,757,817,776,750,761,760,710
F,882,866,923,758,817,778,750,761,761,709
F,882,870,926,758,815,777,750,761,760,710
F,881,869,925,759,811,778,750,760,760,709
F,884,872,926,756,813,777,749,761,758,711
F,882,872,926,757,813,776,749,760,761,710
F,882,868,924,757,812,777,749,762,759,710
F,882,869,925,757,812,775,749,762,759,708
F,884,871,926,759,812,777,751,760,759,711
F,880,871,926,756,810,776,750,761,758,711
F,880,872,926,755,808,778,749,762,759,711
F,884,872,926,757,809,776,750,761,760,708
F,882,871,924,758,810,776,749,760,759,711
F,881,872,925,756,811,777,749,760,760,709
F,881,869,926,755,810,777,749,760,759,709
F,883,871,924,756,810,776,749,761,760,710
F,882,871,926,756,811,777,749,761,761,709
F,880,871,926,757,811,778,751,761,761,711
F,883,869,924,757,808,776,749,762,760,710
F,882,869,925,758,810,776,749,760,759,712
F,882,866,924,757,812,777,750,760,761,709
F,883,868,926,756,809,777,750,762,759,709
F,882,872,926,758,809,776,751,760,758,708
F,883,868,925,757,809,778,750,761,761,711
F,883,870,926,757,809,777,750,760,759,712
F,886,873,926,756,809,776,749,760,761,711
F,883,870,924,757,809,777,751,759,760,710
F,884,871,927,757,809,778,750,761,760,710
F,884,872,925,756,809,776,749,761,760,709
F,885,870,925,756,808,777,750,761,761,709
F,883,872,926,757,809,776,749,759,760,709
F,883,870,926,756,809,777,750,761,758,710
F,880,871,924,756,811,776,751,760,760,709
F,881,871,926,757,811,776,748,761,759,709
F,881,871,925,756,811,777,750,760,760,709
F,882,871,925,757,811,778,750,759,760,709
F,882,869,926,756,812,777,749,760,760,710
F,882,871,926,756,813,776,749,761,760,711
F,882,869,926,755,813,776,749,761,761,709
F,882,871,924,757,812,776,750,761,761,709
F,884,871,924,757,812,777,750,760,759,709
F,881,870,927,759,812,777,751,761,758,709
F,882,870,925,756,810,777,750,761,760,711
F,881,870,926,758,807,776,750,761,761,709
F,880,870,925,756,809,776,750,760,759,712
F,884,869,926,757,807,777,750,761,759,711
F,883,870,926,757,807,778,750,761,762,709
F,884,872,927,757,807,777,750,761,760,710
F,883,871,926,757,808,778,750,760,761,710
F,882,872,925,758,807,775,751,761,759,709
F,880,871,925,759,806,778,750,761,760,711
F,882,871,925,757,808,777,750,761,760,711
F,881,869,925,757,806,778,751,761,760,711
F,884,869,927,757,806,777,749,761,760,710
F,882,869,925,758,805,777,751,761,759,709
F,881,871,925,756,807,779,750,760,759,709
F,883,869,926,755,805,777,749,760,762,709
F,882,871,925,758,807,777,751,762,759,710
F,882,870,926,758,806,777,750,761,760,710
F,884,870,926,757,805,778,751,760,761,709
F,881,869,925,756,808,778,750,760,759,709
F,884,872,925,756,805,778,751,761,761,709
F,883,870,925,757,806,778,751,761,760,708
F,882,870,925,758,806,777,750,761,761,710
F,881,872,927,759,806,776,749,761,759,709
F,882,870,924,757,807,778,750,760,761,709
F,880,871,926,757,806,777,750,761,760,709
F,881,870,925,757,807,777,750,761,760,711
F,884,870,923,756,805,777,749,761,761,711
F,880,869,924,758,805,778,751,760,761,712
F,881,869,926,758,807,778,750,761,760,709
F,881,870,923,757,807,777,751,760,760,710
F,884,870,925,757,808,778,750,761,759,711
F,881,871,925,757,808,778,750,761,760,710
F,880,869,924,756,810,777,750,762,762,711
F,884,870,925,758,809,777,751,761,761,710
F,883,869,924,757,809,779,750,760,761,711
F,883,871,926,756,809,776,750,761,762,711
F,883,871,925,758,810,778,750,762,761,710
F,879,870,922,756,809,777,751,761,760,710
F,882,869,926,757,806,777,751,761,760,711
F,880,872,926,758,808,777,750,761,761,711
F,881,870,926,758,807,777,750,762,760,711
F,881,871,926,759,808,779,749,760,757,710
F,881,871,925,759,804,778,750,761,762,709
F,880,869,925,756,806,777,751,761,761,710
F,881,871,924,759,807,776,750,760,760,711
F,885,870,926,758,807,777,751,762,760,711
F,883,870,925,757,806,778,751,761,761,710
F,883,869,925,758,807,777,749,762,761,710
F,882,871,926,759,805,778,750,761,761,712
F,881,871,926,757,808,778,751,762,761,709
F,882,870,926,758,807,777,750,761,759,711
F,882,871,925,758,807,777,751,761,760,710
F,881,870,925,757,807,778,750,760,761,709
F,882,868,926,757,807,777,749,761,761,708
F,883,870,923,759,807,776,750,760,760,709
F,882,871,926,757,807,778,750,762,760,711
F,883,871,926,755,807,776,749,761,760,711
F,881,872,926,758,808,776,751,760,760,709
F,882,871,924,756,807,777,750,761,760,710
F,881,872,925,758,807,777,750,761,761,709
F,880,870,926,756,806,777,750,761,761,710
F,880,869,925,758,808,778,750,762,762,712
F,882,871,924,758,808,778,750,762,760,708
F,881,869,925,756,807,779,751,762,762,711
F,883,870,925,758,807,778,750,763,761,710
F,883,874,924,756,808,777,752,762,761,709
F,882,869,925,758,808,778,751,761,762,711
F,884,871,925,757,807,777,750,760,761,709
F,884,872,924,757,807,777,750,760,762,711
F,881,871,925,758,808,777,751,762,761,708
F,881,869,924,757,808,778,751,762,759,709
F,884,869,926,756,805,778,751,763,762,710
F,882,872,926,758,805,777,750,762,762,710
F,882,870,925,756,806,777,751,761,760,709
F,881,867,925,755,806,778,750,762,761,709
F,881,870,927,758,806,778,751,760,760,712
F,883,870,926,759,814,777,751,761,759,709
F,883,869,924,758,813,777,751,762,762,712
F,882,869,925,756,811,776,752,759,763,709
F,884,872,925,757,810,777,751,762,760,710
F,882,872,925,758,809,777,751,761,761,709
F,881,869,927,756,812,779,750,760,761,709
F,881,870,924,754,808,777,751,762,762,709
F,888,869,926,759,810,777,751,761,761,710
F,883,871,926,758,811,776,751,763,762,712
F,880,869,925,757,808,776,750,761,762,712
F,884,870,925,757,808,778,750,761,761,710
F,881,869,925,759,811,777,751,762,761,712
F,884,871,925,757,810,777,749,761,762,709
F,884,870,926,757,809,776,750,761,761,712
F,883,870,925,758,808,778,751,761,761,714
F,882,872,925,757,808,778,751,760,761,709
F,881,870,926,759,810,777,751,762,760,710
F,881,870,926,758,808,778,750,760,761,708
F,882,870,925,759,808,777,750,762,760,711
F,878,872,927,757,805,776,751,761,760,711
F,882,871,925,756,808,778,750,762,761,711
F,880,870,925,757,807,775,751,762,762,710
F,883,868,924,757,809,778,751,760,760,711
F,881,872,925,758,807,778,749,761,761,709
F,883,870,924,757,808,778,750,761,760,710
F,881,869,924,756,808,777,751,760,760,712
F,883,871,925,759,809,778,751,761,760,710
F,882,870,924,758,810,777,750,761,762,709
F,883,872,925,758,807,777,749,760,761,710
F,881,869,924,757,808,778,750,761,762,712
F,883,871,927,757,808,778,751,761,762,710
F,883,868,926,758,807,776,752,763,761,708
F,882,869,926,758,809,778,750,761,761,710
F,883,868,927,759,808,778,751,760,761,711
F,883,871,925,757,808,778,751,762,761,710
F,881,871,926,759,806,779,751,761,762,711
F,883,871,925,757,808,777,750,762,760,710
F,882,870,926,757,807,777,750,762,762,709
F,881,869,925,759,807,775,750,761,761,709
F,886,868,926,758,807,777,750,762,761,711
F,880,871,925,757,807,777,749,761,761,709
F,883,869,926,758,809,777,750,762,761,710
F,882,869,926,757,808,778,751,761,762,710
F,884,870,924,758,807,777,750,762,760,712
F,882,869,925,758,805,776,751,762,759,712
F,884,868,925,759,806,778,752,760,759,711
F,882,870,926,759,808,776,749,762,760,710
F,885,873,925,758,806,777,751,761,761,710
F,883,869,924,759,807,777,750,760,761,712
F,880,869,925,757,807,778,750,762,760,711
F,884,869,925,760,808,778,751,761,760,709
F,884,871,925,757,806,777,750,762,762,709
F,879,870,924,759,808,777,750,761,762,711
F,881,868,924,757,807,777,751,761,761,710
F,881,868,925,757,806,778,750,762,759,710
F,879,868,925,759,808,778,751,761,759,712
F,884,868,925,758,808,778,750,761,760,711
F,884,868,924,758,808,777,752,763,761,710
F,881,867,927,759,806,778,750,762,762,710
F,881,869,926,759,808,777,751,761,761,707
F,885,870,924,757,807,777,751,761,762,712
F,881,869,923,759,806,777,750,761,760,709
F,881,868,925,759,807,777,751,762,761,711
F,881,868,925,756,806,777,750,761,761,711
F,884,869,924,757,807,779,750,760,759,710
F,885,870,923,761,809,777,751,761,762,710
F,881,869,923,758,806,776,751,762,760,709
F,882,868,924,757,807,777,750,763,762,710
F,883,871,927,759,807,776,749,762,761,709
F,886,871,927,756,807,777,752,762,761,708
F,881,869,924,757,807,778,750,762,760,709
F,880,871,925,759,805,778,749,762,759,710
F,881,872,926,757,808,777,751,761,760,710
F,882,869,926,758,808,777,750,761,761,711
F,883,870,925,758,808,778,751,761,761,710
F,882,870,926,759,808,778,750,762,762,711
F,884,871,924,758,806,777,750,761,757,710
F,880,871,925,758,808,777,751,761,761,710
F,883,872,925,758,808,778,752,763,760,710
F,882,868,924,756,809,778,749,760,761,711
F,884,868,926,757,806,778,749,761,760,711
F,882,870,925,758,806,776,751,761,761,711
F,882,872,924,758,807,778,750,762,760,711
F,883,868,923,759,808,778,750,761,760,710
F,885,870,926,757,807,776,750,762,760,712
F,882,869,925,758,807,777,751,762,760,708
F,884,869,924,757,806,778,750,762,762,710
F,881,870,924,757,807,778,750,760,761,708
F,881,869,926,758,808,779,751,761,761,711
F,882,869,926,759,807,777,750,761,761,712
F,881,871,925,759,808,779,750,762,759,709
F,884,869,925,758,807,776,751,761,761,709
F,882,871,926,757,808,778,750,762,761,712
F,882,872,926,758,807,777,751,761,761,711
F,884,870,926,759,807,776,751,762,760,710
F,880,869,925,756,807,777,752,762,759,711
F,884,872,923,758,808,777,751,761,762,707
F,879,870,924,759,809,776,751,760,762,711
F,880,869,926,759,809,778,751,761,761,711
F,882,869,927,757,809,776,751,761,760,710
F,884,869,925,757,807,777,751,762,760,711
F,881,871,924,757,807,777,751,761,761,708
F,882,870,925,758,808,778,750,761,759,710
F,881,868,926,759,809,778,750,760,763,709
F,883,869,923,759,807,777,750,762,762,709
F,884,870,923,758,809,777,751,761,762,711
F,883,872,925,758,807,777,751,761,762,712
F,883,871,924,758,807,776,751,762,761,709
F,885,868,921,757,808,778,751,760,762,709
F,882,871,926,758,808,777,751,761,760,709
F,880,870,927,756,811,777,750,762,760,710
F,882,870,926,760,810,774,751,760,762,712
F,885,868,925,758,809,777,750,760,762,711
F,881,869,925,758,807,779,751,762,762,709
F,884,870,925,759,807,777,750,762,762,709
F,884,868,925,758,807,776,750,762,759,712
F,884,870,924,755,810,778,750,761,762,712
F,882,871,924,758,810,777,751,760,760,710
F,883,868,925,758,809,779,751,762,761,712
F,883,869,926,758,809,777,749,761,761,709
F,884,870,925,758,811,776,749,761,762,710
F,881,869,924,758,810,779,751,761,759,709
F,884,869,925,757,811,776,750,762,762,710
F,881,870,924,759,812,777,750,761,761,709
F,883,869,925,757,812,778,751,761,761,710
F,883,870,926,758,813,778,751,762,762,711
F,884,871,925,759,813,779,751,761,760,708
F,883,869,925,759,811,778,750,762,762,711
F,882,872,924,757,813,776,751,761,762,710
F,881,871,924,758,812,777,750,762,760,709
F,884,869,926,757,814,778,751,761,761,711
F,881,868,925,758,814,779,751,762,760,712
F,883,871,926,760,812,776,750,762,760,709
F,881,870,926,757,813,777,751,762,762,710
F,881,870,925,759,813,776,751,761,762,711
F,884,870,926,759,813,777,750,762,760,711
F,884,871,924,757,811,777,750,761,762,710
F,882,871,924,757,810,777,750,762,762,711
F,882,869,926,758,812,776,750,761,760,711
F,883,871,925,757,811,777,751,762,762,708
F,884,872,924,757,811,777,750,761,761,712
F,884,868,925,757,810,777,750,761,760,710
F,879,870,925,758,812,778,751,761,763,711
F,887,869,926,758,811,778,750,761,762,710
F,882,869,924,757,812,778,751,760,762,708
F,883,871,925,757,811,777,752,761,762,710
F,880,869,924,758,812,778,750,761,761,711
F,884,869,926,757,811,776,750,761,761,712
F,883,870,925,759,812,778,750,761,762,711
F,883,871,925,758,811,777,751,761,763,709
F,882,871,926,759,812,778,751,761,762,709
F,882,867,925,759,810,778,751,761,761,710
F,885,869,925,757,811,778,751,761,760,709
F,881,872,926,758,811,777,749,762,761,709
F,883,871,925,759,808,777,750,762,761,710
F,883,869,925,758,807,778,752,762,763,711
F,884,870,926,759,810,778,751,762,760,709
F,884,870,923,758,809,778,750,762,760,711
F,884,870,924,757,809,776,750,761,761,711
F,881,870,923,757,810,778,750,762,761,710
F,885,870,925,759,808,778,751,761,760,709
F,881,871,924,759,809,777,750,762,763,711
F,881,869,926,758,809,778,751,762,761,710
F,883,870,925,759,809,779,750,760,761,709
F,883,869,923,757,809,777,751,760,762,710
F,882,870,924,759,809,778,750,761,762,711
F,884,869,926,759,810,777,751,761,763,712
F,883,871,926,759,810,776,750,762,762,709
F,884,870,924,757,808,778,751,762,760,709
F,879,872,926,758,809,778,751,762,762,712
F,883,872,924,759,808,778,749,761,763,710
F,884,871,925,758,809,778,751,762,762,710
F,884,867,923,759,809,777,751,761,760,711
F,884,872,924,758,811,777,751,762,762,709
F,885,870,924,759,811,777,751,762,762,710
F,884,871,925,758,810,778,751,762,762,710
F,882,869,924,759,809,777,751,762,760,710
F,883,870,925,759,808,777,752,761,760,711
F,882,870,923,758,808,778,750,761,761,711
F,880,871,924,759,808,776,751,760,762,710
F,883,870,924,758,807,778,751,761,763,711
F,882,869,925,757,807,777,750,761,761,711
F,884,866,924,759,807,777,749,761,763,709
F,881,871,924,756,806,779,750,762,762,710
F,883,869,924,757,807,777,751,762,761,710
F,883,869,924,758,808,777,751,762,760,709
F,883,870,925,759,809,777,752,761,762,709
F,885,870,924,758,808,778,750,761,761,709
F,881,868,925,758,807,777,752,762,762,709
F,882,868,926,758,809,777,752,762,761,710
F,883,868,925,759,807,777,750,760,762,711
F,884,872,924,758,808,778,751,761,760,710
F,883,867,925,757,810,777,750,760,762,710
F,881,870,924,759,810,777,751,762,760,712
F,884,869,925,759,810,778,751,761,760,711
F,883,872,926,758,809,777,751,761,762,711
F,882,871,924,758,809,779,750,762,760,711
F,881,869,924,758,808,776,752,761,762,709
F,882,872,925,757,809,776,751,761,762,709
F,884,869,925,758,810,778,752,762,761,710
F,882,869,925,759,808,776,750,762,762,711
F,879,869,926,757,811,778,748,762,763,710
F,882,870,925,758,808,779,750,762,760,712
F,882,870,924,758,807,777,751,762,763,712
F,884,869,925,759,807,778,750,761,762,711
F,881,870,925,757,809,777,751,761,762,710
F,881,870,925,759,809,776,751,762,762,712
F,883,868,924,758,808,777,751,762,761,711
F,884,868,926,759,808,777,751,761,762,711
F,882,870,923,757,807,779,750,763,761,708
F,883,869,924,757,809,778,751,761,762,710
F,882,869,926,757,808,778,750,761,763,711
F,880,871,926,758,810,777,750,761,762,709
F,884,870,925,757,807,777,752,762,761,710
F,884,868,926,759,810,777,750,761,761,710
F,881,869,924,756,810,778,751,761,763,710
F,882,869,925,757,809,778,750,761,762,710
F,884,871,924,758,807,778,752,762,761,709
F,882,870,924,758,808,776,751,762,762,710
F,879,869,924,759,809,778,751,760,761,710
F,880,869,924,759,808,778,751,762,763,710
F,880,869,925,757,809,778,751,761,763,710
F,882,869,925,757,810,779,750,761,760,709
F,882,871,924,758,811,776,751,761,763,709
F,882,871,923,758,809,777,750,761,761,710
F,881,871,925,758,810,778,751,762,760,710
F,884,872,924,757,809,777,750,760,763,711
F,882,872,926,758,811,778,751,762,763,709
F,884,868,925,758,811,778,751,762,762,711
F,883,872,924,758,809,777,750,760,761,712
F,882,869,924,759,810,777,750,761,761,710
F,881,868,922,757,808,777,749,761,761,709
F,882,871,925,757,809,778,751,759,763,711
F,882,870,923,757,808,776,751,760,762,710
F,882,871,924,757,808,777,751,762,761,709
F,882,869,923,759,809,776,749,761,762,711
F,885,870,924,757,808,778,751,760,763,711
F,881,871,925,757,809,777,751,762,762,708
F,881,870,926,759,808,776,750,762,762,710
F,882,868,925,759,809,777,750,762,762,710
F,882,871,923,758,810,778,750,761,760,712
F,883,870,924,759,809,778,749,762,761,710
F,878,869,923,758,812,777,751,761,761,711
F,884,871,925,758,809,777,750,761,760,711
F,881,869,926,760,808,777,751,762,761,711
F,885,867,926,757,809,778,751,760,762,709
F,881,870,924,759,808,778,752,761,761,710
F,883,870,924,758,810,777,751,761,760,712
F,883,870,925,759,809,779,749,761,763,709
F,882,872,924,758,809,778,751,762,763,712
F,882,869,924,759,809,777,750,760,762,713
F,880,869,925,759,808,778,752,761,761,709
F,882,870,925,758,809,777,752,762,762,711
F,884,869,926,758,811,777,752,762,763,709
F,885,869,924,757,809,777,750,762,761,710
F,883,869,926,758,808,777,751,762,762,712
F,881,870,923,757,809,777,751,760,763,711
F,883,871,925,756,811,777,750,761,760,709
F,882,869,924,757,808,777,751,761,762,710
F,880,870,925,759,808,777,751,761,761,710
F,882,870,925,757,808,779,751,762,761,710
F,884,869,925,758,808,777,753,762,763,711
F,882,870,925,758,810,777,752,761,761,709
F,884,869,924,757,809,777,751,761,762,710
F,883,869,924,759,807,779,749,761,761,710
F,881,871,926,758,810,778,751,761,761,711
F,882,871,925,758,808,778,751,762,762,709
F,882,872,924,758,809,777,751,761,762,710
F,883,871,924,758,810,776,752,761,761,710
F,881,868,924,758,810,777,750,762,761,711
F,883,868,924,759,809,777,751,762,763,711
F,882,869,925,758,810,777,751,760,761,707
F,884,870,924,757,811,777,751,761,761,710
F,881,872,925,757,810,778,751,762,759,710
F,882,871,925,758,809,778,753,760,761,712
F,883,869,926,757,809,777,751,760,763,711
F,883,869,924,757,808,778,752,761,762,712
F,882,871,924,759,809,778,751,761,762,710
F,881,867,922,758,809,778,750,760,762,710
F,883,869,924,758,809,777,750,761,762,711
F,881,870,924,758,811,777,751,760,761,710
F,884,870,924,757,810,777,751,762,761,711
F,882,870,924,758,809,776,751,761,762,712
F,883,872,924,757,810,777,752,761,761,710
F,881,869,924,759,809,778,751,762,761,712
F,884,870,925,757,809,777,751,761,761,711
F,882,870,923,757,811,778,752,761,762,709
F,882,870,924,759,810,777,752,761,762,709
F,880,870,925,758,809,778,752,761,763,711
F,883,871,923,757,813,777,751,761,762,710
F,884,869,923,758,810,776,752,762,762,709
F,884,871,925,759,812,777,751,761,761,710
F,884,870,924,758,811,777,752,760,763,709
F,883,870,925,758,811,778,750,762,762,711
F,883,869,926,759,811,777,752,762,761,710
F,883,868,923,759,807,777,753,761,762,710
F,883,869,923,757,809,777,751,762,761,711
F,882,870,923,758,808,777,752,761,761,712
F,882,869,925,759,810,779,752,762,761,711
F,882,872,924,758,808,778,749,759,762,709
F,883,871,924,758,806,777,752,760,762,712
F,885,870,925,756,808,777,750,762,763,710
F,884,870,923,758,808,778,751,759,762,709
F,882,871,924,758,809,777,751,760,763,711
F,881,871,924,757,808,778,751,761,763,710
F,882,871,925,758,807,777,752,762,763,709
F,882,870,925,757,807,778,751,760,762,712
F,884,871,926,759,807,777,751,760,761,709
F,882,869,923,758,807,777,751,762,762,709
F,880,868,926,758,808,776,750,760,762,711
F,881,870,925,757,808,778,752,762,762,712
F,884,870,924,758,808,777,752,761,761,710
F,884,869,925,757,808,777,751,762,762,710
F,880,871,926,760,807,777,752,761,762,710
F,884,871,925,758,808,778,751,761,763,711
F,880,872,924,757,809,777,751,760,762,712
F,881,869,923,758,807,777,751,761,763,710
F,883,869,923,757,805,777,752,762,762,710
F,882,871,925,757,808,777,751,762,762,712
F,881,868,924,758,807,778,750,762,761,711
F,883,869,925,758,807,778,751,761,762,711
F,881,869,924,759,807,778,752,761,761,710
F,881,872,924,758,808,778,751,762,761,708
F,881,871,924,758,806,779,751,761,762,710
F,881,871,924,758,806,779,751,761,761,712
F,885,873,926,757,808,777,752,761,762,709
F,880,872,923,759,808,777,750,762,762,711
F,884,871,927,758,809,778,752,761,762,711
F,882,870,925,758,807,778,751,762,762,711
F,883,867,923,758,807,776,751,761,761,709
F,879,869,925,757,806,777,751,762,759,710
F,882,868,925,758,808,777,751,761,760,712
F,883,869,924,759,808,776,752,763,761,711
F,881,872,925,758,807,777,751,761,762,711
F,880,870,925,758,809,777,751,759,762,710
F,882,872,925,757,808,778,751,761,761,712
F,879,870,924,757,807,778,752,760,761,708
F,883,869,924,758,808,779,751,761,762,709
F,882,871,923,755,808,777,750,762,763,712
F,881,871,924,758,808,777,750,762,761,711
F,883,870,925,757,807,778,750,761,762,710
F,881,871,924,756,808,778,751,761,762,711
F,884,870,925,758,805,777,751,761,764,710
F,882,870,925,758,807,777,750,761,761,709
F,881,871,925,757,806,778,750,763,763,709
F,883,869,924,757,807,777,751,762,761,708
F,882,869,926,758,808,778,751,760,762,711
F,884,871,924,759,804,779,751,761,761,710
F,881,869,922,758,806,778,750,761,763,711
F,881,870,924,758,807,778,752,761,759,710
F,884,872,926,758,808,777,751,761,762,710
F,884,869,923,759,808,777,752,761,763,710
F,883,869,924,759,807,778,751,762,763,712
F,884,871,925,759,807,777,751,762,762,711
F,883,869,924,758,808,776,751,761,760,710
F,884,871,923,757,808,776,754,764,762,710
F,884,872,924,757,808,776,751,760,761,711
F,882,870,925,757,807,778,751,762,761,710
F,881,870,925,757,806,777,753,760,762,710
F,883,871,925,757,808,778,751,763,759,710
F,880,869,923,758,806,777,752,762,762,711
F,882,868,924,759,806,777,750,762,760,711
F,883,870,924,759,809,777,750,760,763,710
F,882,870,924,758,807,778,751,762,764,710
F,884,869,923,759,806,778,752,762,762,711
F,883,868,924,759,808,778,752,761,763,712
F,881,869,925,759,806,778,750,762,762,710
F,882,870,925,758,808,778,751,762,762,710
F,883,870,925,757,809,777,752,761,763,711
F,884,870,925,757,807,777,752,761,763,712
F,881,871,925,759,806,778,752,762,763,710
F,883,870,925,758,808,778,750,763,763,712
F,882,867,925,759,807,778,751,760,763,710
F,881,871,925,758,810,777,752,761,761,713
F,881,868,924,758,814,777,751,762,762,709
F,883,870,926,756,815,777,752,761,761,710
F,884,872,924,757,813,777,752,761,762,709
F,883,872,925,759,813,778,752,761,760,709
F,884,869,925,759,811,777,751,762,761,710
F,882,868,925,758,812,777,751,762,762,712
F,883,869,925,757,812,777,752,762,762,711
F,883,870,924,757,809,778,752,761,762,713
F,882,870,924,759,811,778,751,762,761,710
F,886,872,923,758,810,777,750,762,761,711
F,882,870,923,759,812,777,751,761,762,710
F,880,871,925,758,810,777,751,762,761,710
F,883,868,924,758,810,778,752,761,762,712
F,881,869,925,758,812,778,750,761,761,711
F,881,869,925,759,811,777,752,761,760,711
F,881,868,925,758,810,778,751,761,761,709
F,882,871,924,759,810,777,752,762,761,711
F,881,869,925,758,810,776,751,763,762,712
F,883,870,925,758,809,778,751,762,762,712
F,882,870,925,758,810,778,752,762,761,710
F,886,871,924,759,809,778,752,762,763,712
F,881,871,923,758,810,778,752,760,762,711
F,884,869,924,758,809,778,752,761,762,712
F,882,869,924,758,809,777,752,762,762,711
F,882,868,924,759,810,777,750,763,762,712
F,885,870,923,758,811,779,753,762,762,711
F,884,868,925,758,808,778,752,761,763,712
F,881,870,925,759,808,777,752,761,763,711
F,881,871,926,759,809,776,751,763,760,711
F,883,870,924,760,810,778,751,761,762,712
F,884,871,924,758,809,778,753,761,764,712
F,883,869,925,759,809,777,752,762,762,710
F,885,871,925,759,809,778,752,761,762,711
F,883,871,924,758,810,777,752,762,763,712
F,883,870,923,760,810,778,752,762,759,712
F,884,872,923,759,808,778,751,762,763,712
F,883,870,923,757,808,777,752,762,763,711
F,880,869,924,757,809,778,751,761,764,711
F,884,868,925,758,809,778,752,763,760,710
F,882,869,923,757,808,778,751,762,763,711
F,883,870,923,758,807,778,752,762,762,712
F,884,872,925,758,810,777,751,762,762,710
F,882,868,924,759,808,778,751,762,762,711
F,882,871,924,758,809,778,752,761,762,710
F,881,870,924,758,808,778,752,761,761,710
F,882,871,924,758,811,778,752,761,763,710
F,882,870,924,759,810,778,752,761,763,711
F,882,872,924,758,810,777,752,761,762,712
F,881,869,925,759,808,778,753,761,761,713
F,882,871,925,758,809,778,752,762,761,712
F,882,871,923,758,810,778,752,762,763,710
F,883,869,923,759,810,778,750,762,762,712
F,883,871,925,759,810,778,752,761,761,711
F,882,873,926,756,811,778,753,762,763,711
F,883,869,924,760,809,777,751,762,762,709
F,882,870,923,758,808,778,751,760,763,710
F,880,868,923,758,809,777,752,762,761,710
F,882,870,925,760,809,779,752,761,760,711
F,882,869,924,758,810,777,751,762,761,712
F,881,869,923,760,807,776,751,762,764,713
F,886,871,923,759,809,778,752,762,762,711
F,883,869,923,759,808,777,751,762,762,710
F,884,870,924,759,808,778,752,762,763,712
F,881,870,925,758,809,779,752,763,763,710
F,881,869,923,758,810,778,752,762,763,710
F,884,871,924,759,810,778,751,763,762,710
F,881,871,924,760,808,777,751,761,762,711
F,882,869,924,759,810,778,752,761,762,711
F,881,868,926,761,809,778,751,762,763,711
F,884,870,924,759,808,778,751,762,762,713
F,884,871,925,758,807,778,751,761,763,712
F,882,870,924,756,808,778,752,761,762,711
F,884,869,923,760,811,777,751,762,763,712
F,886,870,923,757,810,778,750,761,762,711
F,884,871,924,758,809,777,751,762,759,713
F,884,870,923,758,808,778,751,761,763,712
F,883,870,924,757,811,778,751,762,762,711
F,883,870,924,759,809,778,751,762,760,711
F,884,870,925,759,811,778,751,761,761,712
F,884,870,924,759,809,778,751,762,762,710
F,884,869,924,755,809,778,752,763,761,709
F,882,871,923,759,807,777,752,762,761,712
F,881,868,925,759,808,777,753,762,764,713
F,881,871,923,757,810,778,752,760,762,712
F,886,869,924,757,811,778,751,762,762,711
F,882,869,925,758,808,778,751,762,762,710
F,882,869,923,757,808,777,752,762,761,711
F,881,869,925,760,809,777,752,761,764,711
F,878,868,923,758,810,779,751,761,762,713
F,880,871,924,758,809,778,751,761,763,711
F,884,869,924,759,810,777,752,762,762,712
F,884,869,924,758,808,777,751,762,762,710
F,882,869,923,757,809,777,751,762,762,712
F,884,869,924,757,810,778,750,761,762,712
F,882,870,925,759,808,778,750,761,762,712
F,884,870,925,757,808,778,752,762,761,711
F,881,869,924,759,806,776,752,761,762,711
F,881,869,925,758,810,778,751,762,764,712
F,882,868,926,758,810,776,750,761,763,710
F,884,869,924,758,810,778,753,763,761,713
F,879,872,925,758,809,778,751,761,762,711
F,882,869,923,759,809,778,751,762,761,711
F,882,869,923,759,809,778,751,762,762,711
F,881,873,924,758,810,777,752,762,763,711
F,883,869,925,759,809,778,752,761,761,713
F,881,870,923,758,809,778,751,762,763,712
F,885,869,925,761,808,777,752,762,763,712
F,882,869,924,760,811,779,752,763,763,711
F,881,870,924,759,810,779,751,762,763,709
F,882,869,924,758,810,776,752,762,763,710
F,885,868,924,758,811,777,750,761,763,711
F,881,872,923,760,809,777,752,761,762,712
F,882,869,924,759,811,777,751,761,763,711
F,881,871,924,760,811,777,751,762,762,713
F,883,869,923,758,811,778,752,762,764,711
F,884,870,925,757,810,778,752,762,761,712
F,883,870,924,759,808,778,750,761,762,711
F,881,869,924,758,809,777,752,763,761,710
F,883,870,924,759,809,777,752,762,763,711
F,884,869,923,760,807,778,751,762,764,710
F,884,871,924,759,810,778,752,761,763,710
F,883,869,923,759,808,777,751,762,762,712
F,883,872,925,758,808,778,752,763,763,709
F,884,868,923,759,809,778,751,763,762,709
F,884,870,924,758,809,778,752,762,762,710
F,884,871,923,758,808,777,751,761,762,713
F,883,869,923,757,810,778,751,762,762,712
F,880,871,925,758,810,778,752,762,763,712
F,884,870,924,757,810,778,752,762,762,711
F,886,870,924,758,811,777,752,761,762,711
F,883,867,923,760,808,780,751,761,763,710
F,884,871,924,757,809,777,750,761,762,711
F,884,871,924,759,810,779,751,761,763,709
F,883,871,924,757,810,778,752,761,762,712
F,884,870,925,758,808,777,753,763,761,712
F,885,870,925,758,810,777,752,762,762,711
F,883,868,924,757,811,777,751,762,761,711
F,880,870,923,758,810,778,751,762,761,712
F,883,872,923,758,809,777,750,762,763,711
F,884,872,925,758,809,777,752,762,762,711
F,882,871,923,759,809,777,752,761,762,712
F,882,869,923,758,808,778,752,761,764,712
F,885,870,924,758,808,778,752,763,762,710
F,883,870,925,758,810,778,751,762,764,712
F,881,870,923,759,809,778,750,762,761,711
F,883,869,923,758,808,777,751,763,761,710
F,883,869,924,760,808,778,751,762,763,712
F,884,869,924,759,809,775,752,762,762,713
F,884,870,926,759,807,777,751,763,762,712
F,883,870,925,758,810,778,751,762,762,711
F,882,869,924,757,807,777,752,761,762,711
F,884,868,923,758,811,777,752,763,762,711
F,883,870,924,759,810,777,751,761,763,713
F,880,871,925,759,809,779,752,762,763,711
F,883,869,924,759,810,779,752,763,763,710
F,882,869,925,758,809,777,752,762,762,710
F,883,869,924,758,809,777,753,762,764,711
F,883,871,923,759,810,776,751,762,764,711
F,884,869,923,760,810,778,750,761,763,711
F,883,869,925,758,808,777,752,762,762,711
F,885,871,923,758,811,776,752,761,762,712
F,883,871,924,760,811,777,753,761,763,710
F,882,872,925,758,810,778,751,762,762,712
F,885,869,923,758,811,778,751,761,764,712
F,885,869,923,758,810,778,752,763,762,710
F,882,870,923,757,810,779,750,762,764,713
F,884,870,924,758,810,777,751,762,763,711
F,882,871,922,755,808,777,751,763,762,709
F,881,869,924,759,809,778,751,762,763,710
F,884,871,923,759,809,777,752,762,762,710
F,884,870,924,759,809,778,751,764,762,711
F,878,867,922,759,810,778,752,762,762,711
F,882,869,923,759,810,776,752,761,764,710
F,884,870,924,760,810,779,751,763,763,710
F,884,868,926,759,810,778,752,762,763,711
F,884,872,924,759,812,777,751,762,763,711
F,882,868,924,759,812,778,751,761,763,712
F,884,871,924,757,812,778,752,763,762,713
F,883,871,924,758,811,778,752,762,762,711
F,882,868,924,758,814,777,751,761,763,711
F,881,868,923,759,813,777,752,763,761,711
F,884,870,924,759,814,778,752,762,762,711
F,879,871,925,759,814,778,752,763,763,713
F,886,869,923,758,815,777,751,763,760,711
F,884,871,923,758,813,779,751,762,761,710
F,883,870,925,758,817,778,751,762,764,710
F,885,869,924,759,810,778,752,761,763,710
F,883,870,924,759,812,778,752,762,762,710
F,882,871,924,758,811,778,752,763,762,710
F,883,871,924,759,812,778,752,762,762,712
F,884,871,923,760,812,778,752,762,763,712
F,880,869,925,758,810,779,752,761,762,710
F,881,872,925,758,812,778,752,762,763,711
F,883,869,924,760,815,779,752,761,763,712
F,884,868,923,759,813,778,751,762,762,711
F,883,869,923,758,811,779,751,762,762,711
F,882,870,923,760,812,778,752,763,762,712
F,881,872,924,760,813,778,751,762,763,710
F,885,871,923,758,813,778,752,762,761,713
F,884,869,923,758,812,778,752,762,762,712
F,885,871,922,758,813,778,752,763,763,712
F,881,871,922,758,813,778,751,762,764,710
F,884,871,923,758,814,777,752,763,762,711
F,884,870,925,758,811,777,751,761,763,710
F,884,870,924,759,813,778,751,761,763,711
F,881,870,924,760,812,778,752,762,763,712
F,882,868,925,760,814,778,751,762,762,711
F,882,872,924,758,811,779,752,761,763,712
F,883,870,922,759,810,779,751,762,761,712
F,884,870,924,758,813,778,752,762,763,712
F,883,871,924,759,811,778,751,762,764,713
F,881,869,923,758,814,777,752,762,764,711
F,885,868,923,758,811,778,752,762,763,710
F,883,870,924,759,812,777,751,762,763,711
F,885,869,924,756,811,778,751,761,764,711
F,882,871,923,758,810,778,750,762,764,712
F,883,868,924,758,811,777,752,761,763,710
F,883,870,924,760,811,778,752,762,764,711
F,883,870,924,757,811,779,752,763,762,710
F,885,870,924,759,810,778,751,761,761,713
F,885,868,923,760,810,779,751,762,762,711
F,883,868,923,757,810,778,752,761,764,712
