M,946,854,922,814,883,800,893,794,879,781
M,943,855,922,812,884,799,893,795,881,779
M,948,853,923,812,883,799,892,796,877,782
M,941,855,922,813,882,800,892,795,881,781
M,945,852,921,814,883,801,892,794,878,779
M,942,853,923,813,883,799,894,794,878,783
M,941,855,922,813,884,800,893,796,878,780
M,943,855,922,814,882,800,893,794,881,780
M,936,857,922,813,883,800,892,795,878,780
M,946,857,923,811,884,800,892,794,876,779
M,944,855,923,812,884,800,893,795,881,780
M,947,856,921,812,883,800,892,794,881,780
M,945,856,923,812,885,800,893,795,883,779
M,942,854,921,813,883,800,893,794,879,781
M,944,854,921,812,884,799,892,794,878,780
M,944,854,921,812,884,800,892,795,878,781
M,945,856,922,813,884,799,892,794,881,779
M,942,857,921,813,884,800,893,795,878,779
M,947,853,922,814,884,799,892,794,879,780
M,945,849,923,811,881,800,892,795,883,780
M,944,853,921,812,883,799,893,795,880,781
M,947,851,923,812,882,799,892,796,879,779
M,946,853,922,812,881,799,892,796,878,780
M,944,855,923,812,882,801,892,795,876,781
M,947,856,921,814,881,799,893,795,878,781
M,942,854,922,814,885,799,892,794,881,780
M,943,857,921,812,883,800,893,795,880,781
M,944,855,923,814,884,801,894,794,881,780
M,941,860,921,812,883,799,892,795,882,781
M,945,855,921,813,884,800,892,796,878,779
M,943,856,922,811,882,800,892,794,881,781
M,944,852,921,813,883,800,893,795,876,780
M,943,855,922,813,883,800,893,794,879,779
M,944,855,921,813,882,800,892,795,881,780
M,944,854,921,811,884,800,892,795,881,779
M,944,857,921,813,884,800,891,795,878,780
M,943,855,921,813,883,801,893,794,879,779
M,942,852,921,813,882,800,893,793,878,778
M,944,857,922,812,883,799,894,796,880,780
M,943,851,921,813,883,799,892,794,876,780
M,944,853,921,809,883,801,892,794,878,781
M,946,855,921,811,884,800,893,795,882,779
M,943,855,919,812,883,800,891,793,879,778
M,942,856,921,811,882,799,892,795,879,778
M,943,851,922,814,883,799,891,795,878,780
M,942,854,922,813,883,799,891,795,879,780
M,941,854,922,813,883,801,893,795,879,778
M,946,854,921,812,883,799,892,795,879,779
M,942,852,922,812,882,800,893,794,879,780
M,943,856,922,811,881,799,893,795,877,779
M,942,855,920,812,884,800,892,796,881,779
M,942,856,922,812,882,799,892,793,880,779
M,945,852,921,812,882,799,892,794,884,778
M,942,856,922,813,884,801,893,796,879,779
M,946,857,921,812,882,801,893,796,881,780
M,941,852,921,812,882,799,892,794,882,778
M,945,853,921,813,885,799,892,796,877,778
M,943,854,922,811,882,801,893,794,877,780
M,945,854,921,811,884,799,893,795,877,780
M,944,855,922,812,884,799,893,793,877,779
M,944,847,919,814,884,800,892,796,882,779
M,943,856,922,814,882,801,892,795,877,780
M,941,852,920,813,882,800,892,796,877,780
M,941,851,921,813,884,801,892,795,880,780
M,944,851,923,812,882,800,893,795,879,780
M,942,856,920,812,883,800,893,796,876,780
M,943,851,922,811,884,800,893,793,876,780
M,944,856,920,812,882,800,892,794,878,780
M,945,853,920,813,884,801,893,794,877,781
M,943,854,921,814,884,800,893,794,876,779
M,942,851,921,812,885,799,892,795,878,780
M,942,854,921,814,883,800,893,795,881,780
M,942,854,921,812,884,800,891,796,875,781
M,943,853,921,813,884,801,894,795,877,780
M,945,851,921,813,883,800,893,795,878,779
M,945,855,919,812,883,800,892,794,876,779
M,943,849,921,814,884,799,892,796,882,779
M,943,852,922,811,884,800,893,794,877,780
M,942,854,921,812,882,800,894,795,877,779
M,946,853,922,812,883,799,893,795,877,778
M,944,852,921,813,884,799,891,795,881,781
M,942,854,922,813,883,801,893,795,877,780
M,941,854,920,813,881,800,893,795,880,780
M,946,852,921,813,882,801,893,796,878,779
M,944,853,921,813,883,799,892,794,876,778
M,945,850,922,813,880,800,894,796,879,780
M,941,852,920,812,881,801,893,795,881,780
M,944,852,921,813,883,799,891,795,878,780
M,945,850,921,813,883,801,893,795,878,780
M,944,854,922,812,882,799,893,796,880,779
M,944,853,920,812,883,800,892,795,876,780
M,941,852,920,813,882,799,893,794,881,779
M,942,852,922,812,880,799,891,795,875,780
M,944,855,920,813,882,801,892,794,878,779
M,944,851,919,812,883,799,892,794,879,778
M,943,851,921,812,881,800,893,795,877,780
M,944,849,920,814,882,799,892,795,877,778
M,941,852,920,812,881,800,892,794,880,779
M,945,851,921,812,883,801,890,795,877,780
M,942,853,920,810,883,800,892,794,876,780
M,943,852,921,812,883,799,893,795,879,780
M,945,852,920,812,882,800,893,795,877,780
M,939,849,920,811,881,799,893,792,880,778
M,942,852,921,813,882,800,893,795,878,778
M,945,852,921,812,882,800,893,795,881,779
M,943,852,920,813,879,801,892,793,880,779
M,944,855,919,812,880,800,893,796,877,779
M,942,850,921,811,883,799,893,794,881,780
M,944,852,920,810,879,798,891,794,875,780
M,942,852,921,812,880,801,892,795,880,778
M,943,852,921,813,883,801,893,794,877,780
M,948,847,919,812,882,801,892,796,875,779
M,945,851,920,813,880,801,893,794,878,779
M,941,852,921,813,883,801,894,794,877,780
M,944,855,921,813,881,799,893,795,878,779
M,940,851,921,813,880,800,892,794,877,780
M,944,850,919,812,882,800,893,795,881,779
M,943,853,921,812,881,802,892,796,881,779
M,942,849,921,813,880,799,893,794,878,780
M,945,849,921,812,880,800,893,795,875,780
M,944,854,919,811,882,799,891,795,881,778
M,942,852,921,811,882,799,893,794,880,779
M,946,849,920,812,882,800,894,795,876,778
M,944,850,920,812,881,800,894,794,881,778
M,942,851,921,810,880,801,893,793,881,778
M,941,851,921,813,882,799,894,795,879,778
M,940,846,922,810,878,799,892,794,879,779
M,942,847,922,811,882,799,892,793,876,779
M,942,850,921,813,879,801,892,796,878,778
M,942,851,920,813,881,800,891,795,878,780
M,945,855,921,812,882,799,893,795,878,780
M,945,856,919,812,879,800,893,793,881,777
M,944,851,919,811,879,799,892,796,876,778
M,944,852,920,812,883,798,892,796,877,780
M,943,850,921,813,882,799,892,795,887,779
M,941,849,921,812,880,801,893,794,881,777
M,944,855,920,813,882,800,892,795,878,779
M,940,854,919,813,879,800,892,795,877,777
M,942,850,918,812,880,799,891,794,880,779
M,940,857,921,813,879,800,893,795,878,778
M,946,849,920,813,880,800,892,795,878,779
M,942,854,919,812,881,800,892,795,874,780
M,940,854,920,813,879,800,892,794,881,778
M,945,855,919,811,878,800,893,794,872,778
M,944,858,922,815,879,800,893,795,879,779
M,941,851,920,811,879,800,891,795,878,779
M,939,853,919,812,880,800,892,794,875,779
M,940,853,920,811,879,799,891,794,882,780
M,942,853,920,812,879,800,892,795,880,778
M,939,852,920,811,880,799,891,794,875,778
M,944,850,920,811,878,800,892,795,877,780
M,943,850,920,812,879,800,894,794,880,781
M,947,849,919,812,878,801,893,795,880,778
M,941,851,919,813,880,800,893,794,880,779
M,941,851,921,813,877,801,893,795,875,778
M,944,853,920,812,880,800,892,795,875,779
M,940,850,921,811,878,800,894,796,878,779
M,944,856,919,811,879,801,894,795,879,779
M,945,853,919,811,880,800,893,795,875,779
M,942,853,920,811,880,801,892,794,877,777
M,941,852,919,812,881,800,892,796,880,777
M,941,849,920,813,878,799,892,794,878,778
M,946,854,919,812,876,801,894,796,882,777
M,943,853,920,812,880,800,892,795,877,779
M,943,850,919,812,880,800,893,794,879,775
M,945,855,918,812,878,801,892,795,878,777
M,942,852,920,812,879,800,893,795,878,779
M,942,854,921,811,879,801,892,794,878,779
M,943,853,920,813,880,800,892,796,880,779
M,940,850,919,813,877,799,893,796,878,779
M,940,853,920,811,879,800,893,796,878,779
M,941,849,919,811,878,800,894,794,875,780
M,940,853,919,813,878,801,892,795,877,777
M,940,849,921,812,880,799,893,795,879,778
M,944,850,919,812,880,801,890,794,876,779
M,941,852,920,813,876,800,891,794,877,778
M,944,852,920,811,877,799,893,794,879,779
M,943,856,922,813,878,799,892,794,875,779
M,940,855,919,811,879,799,893,794,878,778
M,944,850,920,813,880,799,893,796,880,776
M,942,849,921,813,878,799,893,795,879,780
M,941,851,919,811,878,799,892,795,873,779
M,944,852,920,811,880,800,892,793,877,778
M,944,852,920,812,877,800,892,794,879,779
M,941,854,921,813,878,799,893,794,879,778
M,941,850,919,811,879,800,893,795,879,779
M,942,851,919,812,877,799,891,794,875,779
M,943,849,919,812,879,799,892,795,875,778
M,941,853,920,812,879,800,891,794,881,779
M,941,851,919,812,878,801,892,796,876,780
M,946,851,920,812,879,800,891,794,875,779
M,942,849,919,811,879,800,893,794,877,779
M,941,849,920,813,879,800,893,795,877,779
M,941,854,919,813,877,800,892,795,876,778
M,942,852,919,811,880,801,891,794,880,779
M,944,853,920,811,878,801,891,794,879,779
M,944,852,920,811,879,801,892,793,874,778
M,939,853,919,811,879,799,892,796,878,778
M,941,854,919,811,879,800,892,795,874,778
M,942,848,919,812,878,800,892,793,874,778
M,942,853,920,810,880,800,893,795,875,777
M,946,851,920,812,880,800,893,795,878,777
M,943,853,918,812,878,799,891,794,879,778
M,945,857,920,813,880,801,893,794,879,779
M,941,849,919,813,879,799,892,795,874,777
M,941,852,919,812,879,800,892,794,879,778
M,941,849,919,812,878,799,891,795,880,778
M,944,850,920,812,878,798,893,794,879,777
M,945,851,920,813,880,801,892,794,878,779
M,941,851,919,811,878,799,891,795,874,778
M,941,848,919,811,877,799,893,795,880,779
M,944,852,919,811,879,799,893,795,881,778
M,943,849,919,811,880,800,892,793,874,779
M,942,853,920,811,877,799,892,794,874,780
M,940,852,918,811,878,800,892,795,875,777
M,943,850,919,810,879,800,893,795,880,778
M,944,849,920,810,877,800,893,794,875,779
M,947,852,919,811,876,800,893,794,880,780
M,942,855,919,812,878,799,890,794,877,779
M,941,850,918,811,879,800,893,794,876,779
M,940,849,918,810,878,799,891,795,876,779
M,944,850,920,811,879,800,892,795,878,778
M,940,850,921,810,879,799,892,794,879,778
M,941,853,918,812,877,800,892,795,878,779
M,941,849,919,812,879,800,892,796,874,778
M,943,853,919,811,879,800,893,795,879,780
M,938,848,919,812,878,799,893,794,879,777
M,944,849,919,811,876,800,892,794,879,779
M,943,852,918,812,875,799,893,795,879,779
M,943,849,919,809,878,799,891,794,874,780
M,939,850,918,812,879,799,892,794,878,778
M,941,847,919,812,879,799,891,795,873,777
M,942,853,919,810,878,799,892,794,878,778
M,941,852,919,811,879,799,892,794,877,780
M,945,850,918,811,878,799,891,794,878,777
M,940,849,920,812,879,801,891,794,878,779
M,943,852,918,810,879,799,892,794,876,778
M,943,853,917,810,878,800,891,794,875,778
M,941,848,920,809,879,799,890,794,880,779
M,941,851,918,811,879,799,892,793,875,779
M,939,855,918,812,879,799,892,794,878,777
M,943,853,919,811,878,799,891,795,879,776
M,944,850,919,812,880,799,892,794,880,778
M,945,853,918,810,877,799,893,794,874,779
M,943,852,917,811,878,800,893,794,876,778
M,943,858,920,812,877,799,892,795,877,777
M,944,849,920,810,879,799,891,794,874,779
M,944,849,918,811,877,799,892,795,879,780
M,943,850,919,812,879,799,891,793,878,777
M,942,853,919,811,877,800,890,794,880,779
M,939,850,918,812,878,800,892,794,879,777
M,943,848,918,811,878,798,891,794,875,778
M,943,854,919,811,879,799,892,795,877,778
M,943,849,919,811,878,799,893,795,876,777
M,942,851,919,811,879,800,891,793,873,778
M,942,849,920,809,876,798,892,793,877,777
M,942,849,919,810,876,800,891,796,878,777
M,942,852,918,810,879,800,891,794,877,778
M,940,851,919,812,877,800,891,793,880,778
M,942,852,919,813,878,799,891,794,879,778
M,942,850,918,810,879,799,891,794,876,778
M,941,851,919,812,879,800,891,793,877,779
M,943,849,918,811,878,799,890,794,875,777
M,943,851,918,810,878,798,893,793,875,780
M,944,851,918,811,879,800,893,795,875,779
M,940,853,919,811,878,800,892,793,876,778
M,942,851,918,811,878,799,893,795,872,780
M,942,850,918,810,877,800,892,793,879,776
M,943,850,918,811,878,800,892,794,873,777
M,945,852,920,810,878,798,892,794,878,778
M,944,852,919,811,874,800,892,794,880,777
M,943,849,918,812,878,801,891,794,875,779
M,941,852,919,811,878,800,891,795,874,778
M,940,850,918,809,879,800,891,793,878,778
M,943,849,918,810,878,800,892,795,876,778
M,940,851,919,810,878,799,892,793,877,778
M,945,851,919,808,880,800,892,793,879,778
M,941,853,918,811,879,799,892,795,878,779
M,942,849,919,811,878,799,891,794,877,777
M,943,852,917,810,879,800,891,794,878,778
M,941,849,918,812,877,802,891,796,878,777
M,944,850,918,812,879,799,892,795,876,778
M,943,852,919,811,877,801,890,793,871,776
M,943,851,918,809,877,801,893,794,874,776
M,944,850,919,810,876,799,893,794,875,778
M,942,851,918,810,877,799,893,793,876,779
M,940,848,919,812,879,799,891,794,881,778
M,943,853,919,811,878,799,892,794,874,777
M,942,854,919,812,879,799,891,794,875,777
M,942,852,919,811,879,800,892,793,879,779
M,942,849,919,811,877,800,891,794,875,776
M,942,850,918,810,877,800,891,794,875,777
M,943,852,917,811,878,800,890,794,872,778
M,948,846,918,810,876,798,891,795,880,779
M,946,853,918,810,877,800,891,794,878,777
M,942,851,918,810,880,800,890,793,874,778
M,943,848,918,811,878,799,893,795,873,777
M,944,848,919,809,876,798,891,794,874,778
M,942,847,918,812,879,800,892,795,875,778
M,942,853,919,811,879,800,893,793,879,779
M,943,850,918,808,874,800,892,794,878,778
M,944,851,919,811,878,800,891,794,877,777
M,942,852,918,809,877,799,891,795,877,777
M,941,852,917,810,879,800,891,794,873,777
M,946,850,920,813,879,800,892,794,877,778
M,940,848,919,812,877,800,892,794,878,777
M,943,852,918,810,876,800,892,794,875,776
M,943,849,918,811,878,799,891,795,875,778
M,944,853,919,810,876,799,891,794,876,777
M,940,849,919,810,878,799,892,795,876,778
M,942,851,919,809,877,799,892,793,879,778
M,942,852,918,810,879,799,890,794,878,777
M,943,851,919,811,877,800,891,795,875,779
M,946,848,916,811,878,799,892,795,875,779
M,943,847,918,811,878,799,893,794,876,778
M,941,851,920,813,879,799,890,795,878,779
M,943,850,917,811,878,799,892,793,875,777
M,944,853,919,810,880,800,892,795,878,779
M,939,851,918,810,877,798,892,794,874,777
M,942,850,919,810,878,800,892,795,876,777
M,944,854,918,810,878,799,893,795,878,777
M,942,853,919,811,877,799,892,795,879,778
M,943,854,919,811,878,800,892,795,874,777
M,941,847,920,809,879,800,892,795,877,776
M,943,852,919,811,878,798,891,794,871,776
M,944,850,919,809,877,799,892,794,874,777
M,944,852,919,812,878,800,891,796,874,778
M,941,847,917,810,878,799,893,794,876,778
M,942,848,918,812,880,800,893,793,876,775
M,940,847,917,812,879,800,892,794,877,777
M,943,853,918,813,876,799,892,794,873,777
M,944,853,918,810,878,799,892,793,873,777
M,942,846,917,813,878,797,891,794,877,778
M,943,846,919,811,879,798,893,795,876,777
M,943,848,920,810,877,799,891,795,875,777
M,944,851,918,811,878,799,891,796,880,778
M,942,852,917,811,878,799,893,794,880,779
M,943,849,918,810,879,799,890,795,876,778
M,942,847,917,808,880,798,892,795,875,778
M,943,852,917,810,878,800,893,795,878,777
M,945,851,917,809,876,800,891,797,871,777
M,940,851,918,811,879,800,893,795,875,777
M,940,846,918,808,879,799,891,795,873,778
M,943,850,918,810,876,799,892,794,876,777
M,942,850,917,810,879,799,891,794,879,777
M,942,854,918,812,877,799,891,795,879,777
M,940,849,918,811,877,800,891,794,875,777
M,943,852,919,811,878,799,892,794,875,779
M,942,851,917,811,878,798,891,794,872,777
M,943,849,919,811,877,800,891,794,877,778
M,940,847,918,809,879,801,889,793,875,776
M,945,848,918,810,877,799,890,796,873,778
M,942,848,919,809,877,800,891,793,873,779
M,938,853,916,812,879,799,892,795,876,778
M,944,849,918,810,878,800,892,795,877,777
M,945,847,917,812,880,798,891,794,878,776
M,943,851,918,811,878,799,892,794,877,777
M,941,853,919,810,877,800,891,794,876,777
M,940,847,918,809,878,800,892,794,873,778
M,941,849,920,811,877,799,893,794,872,779
M,942,849,917,811,877,800,892,794,876,777
M,944,850,918,811,879,800,892,795,873,777
M,943,850,919,809,877,799,892,794,879,779
M,942,851,918,810,878,799,892,794,881,779
M,939,849,917,810,877,799,891,794,873,777
M,940,848,919,811,876,799,891,794,878,777
M,943,853,919,811,879,798,891,795,878,778
M,945,848,917,811,877,799,892,794,879,776
M,941,850,918,810,877,799,892,792,878,778
M,939,852,919,810,878,799,891,794,874,777
M,941,853,919,809,879,798,892,794,878,777
M,943,847,917,808,879,799,892,794,876,777
M,942,853,918,810,878,799,892,794,879,778
M,944,852,918,810,877,799,893,794,880,775
M,939,849,919,811,876,800,891,794,876,776
M,940,848,918,810,878,800,892,793,880,777
M,942,849,917,810,878,799,892,794,875,777
M,944,850,919,810,876,799,893,795,875,777
M,941,848,918,811,877,799,893,795,878,778
M,940,849,919,809,877,800,892,794,878,776
M,941,851,916,809,878,799,892,794,877,778
M,943,849,917,809,879,801,892,794,878,777
M,939,852,917,810,876,799,893,793,878,776
M,940,852,918,811,878,799,892,795,876,778
M,940,850,917,809,877,801,892,795,873,778
M,943,847,917,810,879,800,892,794,875,778
M,943,847,916,811,876,798,893,794,875,779
M,944,847,917,812,878,800,892,793,875,777
M,943,850,918,810,877,799,891,794,879,778
M,947,847,918,810,877,800,893,793,877,777
M,943,851,919,809,876,799,893,794,874,777
M,943,848,917,810,878,799,892,792,879,777
M,943,848,918,809,877,799,892,793,874,778
M,942,848,917,810,878,799,892,794,875,777
M,944,851,918,811,877,800,892,795,878,776
M,943,850,918,810,877,799,893,795,877,776
M,941,849,918,809,877,800,893,794,878,777
M,941,848,917,810,877,800,894,794,875,777
M,940,847,917,808,878,799,893,794,878,778
M,942,846,918,808,879,799,892,794,875,777
M,941,851,918,810,879,799,893,795,870,775
M,945,849,917,809,877,799,892,794,872,776
M,942,848,918,810,878,799,892,794,879,777
M,941,848,917,809,878,799,892,794,872,777
M,944,851,919,811,877,798,891,794,875,779
M,939,848,919,811,877,799,891,793,874,777
M,942,855,918,812,879,799,892,795,877,778
M,941,848,917,810,878,799,892,795,876,776
M,942,848,918,810,878,798,892,794,880,776
M,940,847,919,810,877,799,893,794,876,778
M,945,848,917,812,877,799,892,794,874,776
M,943,851,918,810,877,799,892,794,873,775
M,943,848,916,809,877,799,892,794,876,777
M,942,849,917,810,877,799,891,795,879,776
M,943,848,918,810,878,799,894,794,877,777
M,943,851,917,810,878,799,893,793,877,776
M,941,849,918,809,876,799,893,794,871,773
M,943,847,914,810,878,799,892,795,873,778
M,941,847,916,810,878,800,892,795,876,778
M,943,852,918,809,879,797,894,794,875,776
M,941,849,917,809,878,799,894,794,872,777
M,941,852,918,811,878,800,894,794,876,775
M,941,849,918,810,877,799,893,795,875,778
M,940,850,918,809,877,800,894,793,879,778
M,942,849,917,809,877,798,895,795,871,777
M,942,852,918,810,877,800,897,795,876,779
M,944,848,917,810,877,799,895,793,878,777
M,939,852,916,809,878,799,895,794,876,778
M,940,852,916,808,876,798,897,795,874,777
M,941,850,917,811,877,800,895,795,876,777
M,943,852,918,811,879,800,897,793,877,778
M,940,849,917,810,879,800,896,795,877,778
M,940,854,919,813,877,800,897,795,874,777
M,940,846,918,811,877,799,896,793,875,775
M,943,849,918,810,878,800,895,792,875,776
M,946,851,918,810,877,799,898,794,876,778
M,941,848,918,808,878,800,896,794,878,778
M,940,847,918,809,877,799,897,794,875,778
M,940,849,917,809,878,798,895,793,879,778
M,940,851,919,809,876,800,894,794,871,776
M,944,851,918,809,876,798,897,794,878,778
M,943,848,916,809,877,799,896,794,877,778
M,940,848,917,810,879,798,895,793,877,776
M,941,848,918,811,879,799,896,794,876,778
M,939,850,918,811,877,799,897,794,878,778
M,942,849,918,808,879,798,895,795,874,776
M,941,849,918,809,879,799,897,794,872,775
M,942,851,917,809,876,799,897,793,874,777
M,943,848,918,809,879,800,896,794,878,778
M,941,846,917,810,878,799,896,794,880,776
M,939,854,916,810,877,800,896,794,874,776
M,941,848,917,809,878,800,895,795,876,777
M,942,852,916,809,878,797,895,794,877,776
M,942,848,918,810,878,799,897,794,876,777
M,944,845,916,809,877,801,895,796,875,778
M,939,851,917,810,876,799,896,794,876,777
M,941,852,918,809,878,799,895,795,877,777
M,942,851,917,809,878,799,898,794,877,777
M,942,849,915,809,879,798,895,793,876,776
M,943,851,917,809,878,799,896,795,874,778
M,944,847,916,809,876,800,896,794,874,777
M,945,849,917,810,876,799,895,795,875,775
M,943,852,915,811,876,798,897,793,871,777
M,942,848,918,809,875,800,894,795,874,778
M,944,847,917,809,876,798,895,794,879,776
M,942,851,917,809,877,799,895,795,874,777
M,939,851,917,810,876,800,896,794,878,776
M,944,845,919,809,876,799,895,795,877,777
M,944,847,917,810,878,799,895,795,871,776
M,942,850,918,809,878,797,893,794,877,777
M,943,850,917,809,877,799,895,794,879,778
M,944,847,916,808,878,799,897,794,876,778
M,943,852,917,808,878,799,897,795,879,778
M,941,851,918,810,878,799,896,795,877,777
M,943,850,917,810,878,798,896,794,872,778
M,943,847,917,809,877,799,897,795,877,778
M,943,848,918,810,877,799,898,794,873,778
M,941,851,916,809,878,798,896,793,880,776
M,941,847,917,810,878,800,897,794,877,777
M,943,850,917,810,878,799,898,795,872,777
M,942,850,917,808,880,799,899,795,877,778
M,943,849,917,810,878,799,895,793,872,777
M,943,850,917,810,877,800,896,794,873,777
M,940,848,918,810,877,800,896,795,876,777
M,940,854,917,810,874,798,897,795,873,776
M,942,846,918,810,876,800,896,794,877,777
M,943,849,917,809,876,798,898,794,874,779
M,942,847,917,810,876,799,896,794,875,776
M,940,847,918,810,877,800,897,795,876,777
M,941,846,918,810,877,799,897,793,874,778
M,939,850,917,809,879,799,896,794,873,776
M,941,848,916,809,877,800,897,795,876,777
M,942,851,917,809,879,800,898,793,878,778
M,940,849,917,808,878,799,896,794,876,775
M,942,848,916,809,877,800,895,794,877,778
M,942,851,917,808,876,798,897,795,878,776
M,941,852,917,810,878,800,897,793,877,777
M,948,850,917,810,876,799,895,795,874,777
M,941,849,916,809,878,800,897,794,877,776
M,939,850,918,809,879,798,896,793,877,777
M,942,848,918,809,878,799,897,794,874,776
M,940,851,917,808,878,800,896,794,873,777
M,941,851,917,807,877,800,897,793,879,776
M,944,849,919,808,875,799,896,795,875,776
M,944,850,918,809,876,799,895,794,874,775
M,946,852,918,808,876,799,898,795,873,778
M,941,850,917,808,877,798,899,794,876,777
M,941,845,917,810,877,800,896,795,874,778
M,941,850,916,810,877,798,895,795,873,776
M,942,848,917,809,878,798,899,794,876,775
M,940,851,918,809,876,798,896,795,878,776
M,941,849,915,810,878,797,897,795,876,778
M,940,849,918,810,876,799,897,794,875,777
M,941,850,916,808,877,799,896,794,878,776
M,942,848,916,809,877,799,898,797,871,777
M,940,849,918,809,877,799,896,795,871,776
M,941,849,918,810,876,799,896,794,874,777
M,940,850,917,808,876,798,895,795,874,775
M,942,849,918,809,876,800,896,796,872,778
M,941,849,918,810,876,800,897,794,875,778
M,940,848,915,807,878,799,896,793,876,776
M,942,852,917,809,876,799,895,793,874,777
M,945,847,915,808,877,799,897,794,872,775
M,940,845,917,808,876,799,895,795,876,777
M,942,847,919,810,876,800,896,795,873,775
M,944,850,916,809,877,799,896,793,878,778
M,941,851,918,810,876,800,896,795,876,776
M,940,851,918,810,876,799,896,795,872,778
M,941,850,918,809,876,798,897,795,874,776
M,939,850,917,810,875,800,895,794,877,778
M,938,849,917,808,878,799,896,794,879,777
M,946,849,917,810,877,799,897,795,873,776
M,940,850,917,810,876,798,895,794,873,776
M,943,851,918,810,877,799,895,794,876,778
M,942,850,917,808,878,798,895,794,874,778
M,940,847,917,810,878,799,896,793,877,776
M,944,847,918,810,877,798,896,794,878,776
M,942,846,917,808,877,799,895,795,874,778
M,940,849,917,809,877,799,894,793,873,776
M,942,847,916,810,878,799,894,795,874,777
M,942,850,917,809,878,799,894,795,870,778
M,941,849,916,810,876,798,895,794,877,775
M,940,850,917,809,876,800,894,794,877,775
M,941,848,918,807,878,801,891,793,872,778
M,942,847,916,809,877,799,896,794,866,776
M,943,850,917,808,878,798,894,794,873,777
M,942,846,917,808,879,800,896,794,870,777
M,944,851,918,808,879,799,896,794,872,777
M,943,848,917,810,876,799,896,795,878,777
M,940,847,918,809,877,799,895,795,876,776
M,940,851,917,810,877,799,895,795,873,777
M,940,846,918,807,877,799,897,795,875,776
M,940,850,917,810,878,799,896,794,876,776
M,943,847,917,809,876,799,896,792,871,777
M,944,850,917,810,877,799,895,795,873,778
M,943,847,917,810,875,798,898,794,874,777
M,944,848,917,810,879,798,897,795,875,777
M,944,848,917,809,876,799,894,795,876,775
M,939,847,918,810,880,799,895,794,878,778
M,940,850,917,807,876,798,894,796,871,777
M,941,852,917,810,878,798,895,794,877,777
M,944,850,916,807,876,800,895,795,874,777
M,943,849,918,810,876,798,895,794,874,777
M,944,851,918,808,879,799,896,796,874,776
M,942,847,917,808,877,799,894,794,872,777
M,941,849,916,810,876,799,895,795,873,776
M,943,847,917,809,877,799,895,794,874,776
M,940,858,917,808,878,799,895,795,874,776
M,944,851,918,809,878,799,895,795,876,777
M,946,847,915,808,876,799,894,795,873,776
M,940,847,918,810,876,799,894,795,876,776
M,941,849,917,810,877,799,894,795,873,777
M,942,849,917,808,878,800,895,795,873,778
M,939,848,917,808,878,799,894,793,877,777
M,943,849,917,809,877,800,893,793,885,780
M,940,852,916,808,876,800,895,794,875,778
M,940,851,917,810,876,798,892,794,876,778
M,940,849,917,810,876,799,895,795,875,778
M,944,849,916,809,878,800,894,795,874,777
M,943,846,917,809,877,798,895,794,872,776
M,942,847,918,810,878,799,893,795,876,775
M,942,849,916,810,876,799,895,794,880,777
M,939,849,917,810,878,800,894,795,877,777
M,939,849,916,809,877,800,893,794,876,775
M,942,851,917,810,876,799,895,795,875,778
M,939,852,916,808,876,798,894,794,876,777
M,941,851,917,809,877,799,895,795,874,778
M,943,850,915,809,878,799,894,794,880,779
M,944,849,916,809,876,799,895,795,870,776
M,941,847,915,811,875,801,894,797,871,778
M,939,847,918,810,877,799,895,795,872,775
M,941,854,917,808,875,798,894,795,873,777
M,942,850,917,808,876,799,895,793,877,776
M,943,847,915,809,878,798,894,795,876,777
M,939,851,917,810,877,800,895,795,878,776
M,944,844,916,809,877,799,894,794,876,776
M,941,851,917,808,878,799,895,796,875,777
M,938,850,917,808,875,799,894,794,873,776
M,944,848,916,810,876,799,895,795,876,777
M,945,848,916,808,877,800,895,794,871,778
M,942,849,917,810,876,799,895,795,874,776
M,942,848,917,809,876,799,894,794,875,777
M,941,848,917,808,876,799,895,795,877,775
M,939,853,916,809,876,799,894,795,876,776
M,942,848,915,809,877,797,893,795,872,778
M,941,846,918,810,876,799,897,795,873,776
M,943,849,916,807,877,798,895,796,877,778
M,943,847,918,809,878,799,894,796,875,778
M,944,854,917,810,876,799,894,795,873,776
M,942,847,917,809,877,798,896,794,873,777
M,943,851,918,808,878,799,894,794,875,777
M,943,848,919,809,877,797,895,795,876,777
M,942,845,916,810,876,799,895,793,873,776
M,940,847,915,809,875,799,896,795,873,776
M,943,845,917,810,876,800,895,796,870,775
M,944,848,917,810,876,799,895,795,877,778
M,943,851,918,808,877,800,894,796,877,776
M,941,847,916,809,876,799,895,795,873,775
M,943,848,917,809,876,799,894,795,872,777
M,941,848,917,809,877,799,893,794,873,776
M,941,849,918,809,877,800,896,794,870,776
M,944,851,916,808,877,799,894,795,874,777
M,941,856,916,812,879,799,895,796,877,778
M,940,848,915,808,876,799,894,795,876,777
M,942,846,916,808,876,799,894,795,875,778
M,947,845,916,809,878,800,895,793,876,778
M,941,847,916,810,878,800,895,794,873,778
M,942,842,914,805,874,798,896,795,877,777
M,942,848,917,808,876,799,893,796,880,777
M,939,847,917,808,877,799,894,796,872,777
M,943,850,916,810,876,798,894,796,876,776
M,944,847,917,809,877,799,894,796,873,777
M,939,847,917,809,878,799,893,795,876,776
M,945,849,916,808,878,799,895,794,877,777
M,944,845,916,808,878,799,895,794,875,777
M,941,851,916,809,877,800,896,795,873,776
M,942,848,916,809,876,800,896,796,871,775
M,942,852,916,808,878,799,894,795,873,776
M,941,851,915,809,877,801,896,794,872,775
M,941,849,916,808,877,799,896,794,877,777
M,943,847,918,809,877,800,895,795,875,777
M,942,846,917,809,875,799,893,793,872,776
M,942,849,915,809,876,799,895,795,876,777
M,942,848,916,809,876,799,894,794,876,777
M,940,841,916,809,877,800,894,794,874,776
M,942,849,916,807,876,799,894,794,878,776
M,940,845,916,809,876,799,893,795,874,777
M,942,848,919,807,878,799,895,796,872,777
M,941,851,917,810,877,799,895,794,875,775
M,940,852,917,809,875,799,894,795,873,777
M,940,848,915,807,876,799,895,796,875,777
M,942,847,914,809,877,799,895,796,874,776
M,940,850,915,808,878,801,896,794,874,776
M,941,846,915,809,877,799,894,796,871,776
M,941,853,917,808,876,800,894,796,874,776
M,943,848,916,809,877,799,893,795,874,776
M,942,850,916,808,876,799,895,795,877,775
M,942,848,914,810,877,798,894,794,877,775
M,939,847,917,808,876,798,895,795,874,777
M,942,848,917,808,878,800,895,796,876,777
M,945,845,916,810,877,800,894,795,876,777
M,947,846,917,809,876,799,893,794,872,775
M,941,848,918,808,876,799,895,795,871,776
M,940,845,917,808,877,799,895,795,876,776
M,944,851,916,809,878,799,893,795,877,776
M,943,847,915,806,879,799,895,795,873,775
M,942,848,917,809,877,799,895,795,874,777
M,940,848,916,809,875,800,895,796,879,777
M,942,844,917,807,876,799,894,795,879,777
M,943,848,915,809,877,800,894,795,873,776
M,943,850,916,809,877,799,894,794,875,779
M,941,848,916,809,876,799,895,795,874,777
M,943,849,916,807,877,799,896,794,875,775
M,940,849,917,808,877,799,895,795,875,776
M,939,848,915,809,878,800,895,795,874,777
M,943,850,916,808,878,799,894,796,877,775
M,940,846,916,809,876,799,896,796,872,777
M,943,846,915,808,878,800,895,795,873,777
M,940,848,916,810,878,801,894,795,877,777
M,941,849,917,808,877,800,893,795,875,775
M,940,848,914,807,878,797,893,796,872,776
M,943,850,917,810,876,799,895,795,877,778
M,941,851,917,810,878,799,893,794,874,777
M,943,847,916,809,876,799,895,796,874,775
M,939,847,916,809,876,799,894,794,870,776
M,943,847,916,807,875,799,896,795,875,776
M,940,846,916,808,877,799,892,794,867,774
M,944,848,916,809,876,800,894,794,877,776
M,941,848,917,809,876,798,895,794,873,775
M,941,853,918,808,875,798,895,794,874,777
M,941,847,916,810,876,800,895,795,877,777
M,942,847,916,810,876,799,894,795,874,777
M,942,847,915,809,876,799,894,796,875,775
M,940,850,915,808,875,800,896,794,875,776
M,941,847,916,809,877,800,893,795,874,776
M,941,852,915,809,876,800,895,796,874,777
M,940,848,916,808,876,800,894,795,872,778
M,943,847,916,808,876,800,894,795,878,777
M,941,848,918,811,875,799,894,795,871,777
M,942,846,915,810,877,799,895,794,876,777
M,935,850,914,807,877,799,894,795,874,775
M,943,846,917,809,876,799,895,795,871,776
M,939,851,917,810,875,799,895,794,878,776
M,942,849,917,809,877,799,894,797,872,775
M,944,849,917,809,876,798,894,795,875,776
M,940,847,918,807,875,798,894,794,872,777
M,942,850,915,809,877,799,895,794,873,776
M,939,847,916,808,879,799,896,796,877,775
M,941,849,917,808,876,800,895,795,877,775
M,943,848,916,809,877,799,894,796,877,778
M,941,848,917,810,876,799,893,795,872,776
M,944,849,916,808,877,799,893,793,872,777
M,941,851,916,810,876,800,895,795,874,777
M,942,848,916,808,876,799,896,795,874,777
M,944,850,916,811,876,798,895,795,875,776
M,941,849,915,809,877,799,894,795,874,776
M,943,850,917,807,874,799,896,794,872,777
M,939,847,917,808,879,799,895,794,871,777
M,941,849,916,809,878,799,896,795,876,778
M,943,844,918,809,877,799,894,795,876,775
M,943,847,917,810,875,800,894,794,871,776
M,939,846,915,808,876,800,894,793,874,775
M,939,848,916,809,878,800,896,794,876,776
M,939,849,917,809,877,799,895,795,873,776
M,942,847,916,808,877,798,895,796,872,776
M,943,852,915,809,876,799,895,794,876,775
M,942,851,917,811,879,801,897,795,874,776
M,940,848,916,808,876,799,895,794,877,776
M,940,851,917,807,879,799,895,795,875,777
M,944,848,916,808,877,800,894,795,874,777
M,943,846,915,811,875,797,894,794,873,776
M,942,850,916,809,877,800,894,795,878,776
M,942,848,915,808,878,799,897,794,872,776
M,941,845,916,809,876,799,895,796,875,777
M,940,849,916,809,878,798,897,795,880,776
M,939,846,916,808,876,799,896,795,873,776
M,940,847,916,810,878,800,896,795,873,777
M,940,849,916,809,877,799,896,794,875,776
M,940,851,915,806,876,799,896,795,876,777
M,939,850,916,810,876,800,896,795,870,775
M,941,850,917,810,874,799,896,795,873,777
M,940,848,917,809,875,800,896,795,874,776
M,942,844,917,809,876,800,897,794,878,776
M,940,847,916,808,877,800,896,794,872,777
M,940,847,916,809,877,799,894,796,872,776
M,939,848,917,807,878,800,895,792,867,776
M,940,847,916,807,876,798,895,795,873,775
M,939,846,915,808,877,798,895,794,874,778
M,940,849,917,808,878,799,895,795,871,775
M,942,846,916,808,875,800,896,794,871,777
M,941,850,916,807,876,799,895,794,872,776
M,937,847,916,810,879,799,898,794,877,776
M,942,847,914,807,876,799,897,796,872,777
M,943,848,916,809,875,799,897,795,875,777
M,939,844,914,810,878,798,897,796,876,774
M,944,847,917,807,875,800,897,794,877,775
M,944,850,917,808,878,800,896,794,873,776
M,943,846,914,808,878,799,895,795,872,776
M,943,847,915,809,876,798,897,795,873,776
M,941,846,918,810,878,799,896,794,876,776
M,940,849,917,808,878,798,897,795,872,777
M,940,848,916,809,876,797,896,794,875,776
M,943,849,915,808,875,799,896,794,873,775
M,943,847,916,809,876,800,895,794,871,777
M,941,846,915,808,877,800,895,795,873,776
M,941,849,917,808,877,799,895,794,878,775
M,942,845,915,808,876,799,895,793,873,775
M,943,851,917,809,877,797,895,795,872,775
M,940,848,915,808,878,799,895,795,872,775
M,943,851,915,808,878,799,895,794,875,776
M,944,845,917,808,876,799,895,795,872,775
M,940,849,916,807,876,799,895,795,873,777
M,939,846,917,807,877,800,895,793,877,776
M,941,850,915,810,878,799,896,794,876,775
M,942,845,918,810,875,798,895,793,875,777
M,941,846,915,808,875,800,894,794,876,776
M,942,847,916,808,876,799,892,795,877,776
M,941,848,916,808,875,799,894,795,870,775
M,939,848,917,809,877,799,895,795,875,776
M,940,847,915,809,876,799,895,795,874,776
M,942,849,917,808,877,800,894,796,872,777
M,944,847,916,809,878,799,896,796,872,777
M,940,849,915,809,875,799,897,794,872,775
M,941,846,916,808,877,800,895,794,872,776
M,942,845,916,808,878,799,894,796,882,776
M,943,848,916,808,877,799,894,795,877,776
M,939,848,915,809,877,799,896,795,875,777
M,941,845,915,809,877,798,894,795,872,777
M,942,849,916,808,878,799,894,796,877,776
M,942,852,916,808,878,798,894,794,873,775
M,943,848,916,809,877,800,895,795,871,777
M,940,848,916,808,876,799,894,794,877,777
M,938,847,916,808,875,799,895,795,875,776
M,938,848,916,808,875,799,894,794,873,775
M,942,845,915,808,876,799,897,796,874,777
M,942,848,916,809,876,798,894,795,870,776
M,941,850,917,810,875,800,895,796,872,776
M,943,844,916,809,876,800,896,795,873,777
M,941,847,915,808,876,799,894,795,877,776
M,941,848,917,808,878,799,893,794,874,776
M,941,850,916,808,875,799,893,794,873,776
M,941,846,916,809,876,799,895,794,874,776
M,939,849,915,809,876,799,894,794,874,775
M,941,849,917,808,877,798,894,795,876,778
M,939,848,917,807,875,798,894,796,872,775
M,944,850,917,808,876,798,892,794,876,775
M,943,851,916,808,876,798,893,794,875,775
M,943,849,915,810,877,800,892,794,872,776
M,938,853,917,808,878,799,890,795,872,776
M,943,847,915,810,875,799,893,795,871,774
M,942,846,914,810,876,796,895,794,873,777
M,942,845,915,808,877,799,893,794,873,775
M,942,849,916,809,877,797,893,795,874,777
M,942,845,915,808,873,797,892,795,877,775
M,941,848,915,807,875,800,893,794,873,776
M,942,847,915,808,875,798,893,794,874,777
M,941,848,916,807,875,800,894,795,874,777
M,941,849,917,808,875,800,894,794,875,776
M,944,845,915,807,876,799,893,795,877,776
M,941,848,917,809,874,798,896,795,877,775
M,942,847,915,808,878,799,895,794,877,775
M,942,848,914,809,876,798,894,795,871,776
M,942,849,916,807,879,797,893,795,872,775
M,942,845,915,808,877,799,895,794,874,776
M,941,848,916,808,876,799,896,794,871,777
M,944,850,914,808,875,800,894,795,874,775
M,943,847,915,809,876,799,893,795,873,776
M,940,844,915,809,878,799,892,794,874,777
M,942,848,917,808,877,799,895,794,875,775
M,941,848,916,807,875,798,892,794,878,777
M,943,846,917,810,876,800,894,795,872,777
M,943,848,916,809,876,800,893,795,873,776
M,943,850,915,808,878,800,895,794,873,775
M,941,849,915,808,877,797,895,794,871,777
M,940,848,915,808,875,799,895,795,877,774
M,940,850,916,810,876,799,895,794,874,776
M,941,849,915,808,876,800,894,795,873,777
M,940,849,917,810,877,800,893,795,874,776
M,938,848,916,808,876,798,894,794,877,775
M,939,848,916,808,876,799,894,795,872,777
M,939,847,916,809,875,800,894,795,874,774
M,939,846,915,808,877,798,893,794,872,775
M,942,848,916,809,877,799,893,794,875,776
M,940,847,914,810,876,800,894,795,872,776
M,937,846,917,809,878,799,893,795,876,775
M,942,848,916,808,876,798,893,795,877,775
M,939,846,916,809,876,799,894,795,874,776
M,940,842,914,811,873,801,893,796,875,776
M,942,847,916,808,877,799,894,795,873,777
M,941,848,916,807,880,799,894,795,872,775
M,942,848,917,807,876,800,892,796,876,776
M,943,849,916,808,878,799,891,795,872,776
M,940,845,917,809,875,799,891,795,875,777
M,941,845,917,809,877,799,890,794,875,774
M,942,846,917,808,876,799,892,795,873,776
M,940,845,916,809,876,799,892,796,873,776
M,942,850,916,809,875,800,890,796,875,775
M,939,848,917,809,877,800,890,796,870,776
M,938,849,916,808,877,798,892,794,875,775
M,940,845,916,808,875,800,893,795,875,775
M,939,845,915,807,873,798,891,793,871,776
M,940,846,916,809,877,799,892,795,876,776
M,942,842,915,808,877,799,890,794,872,775
M,941,848,916,809,877,799,891,795,873,776
M,940,849,915,807,876,799,892,795,872,777
M,943,848,917,810,876,799,892,794,875,776
M,942,849,917,808,878,800,893,794,875,776
M,942,849,915,808,875,800,892,796,871,777
M,941,849,916,809,878,799,892,796,872,775
M,942,847,916,808,876,798,892,796,872,775
M,938,845,917,808,875,798,891,796,873,776
M,943,845,915,809,876,798,891,796,876,777
M,940,844,916,809,875,798,891,794,873,774
M,941,847,916,809,875,799,891,794,873,775
M,943,844,915,807,876,798,893,796,875,777
M,941,846,918,811,879,800,894,795,874,776
M,939,844,915,807,876,798,892,795,871,775
M,941,848,916,809,875,800,891,794,875,776
M,943,846,915,807,877,799,892,796,870,775
M,943,850,915,808,876,799,892,794,871,776
M,942,849,915,811,876,800,892,795,874,775
M,941,847,915,808,876,798,894,796,880,772
M,941,849,916,808,877,799,892,795,873,776
M,945,843,916,808,875,800,892,796,874,776
M,938,850,916,809,875,800,893,795,876,777
M,939,846,915,809,876,798,892,795,869,776
M,941,849,917,810,877,799,894,795,875,774
M,940,847,917,805,875,799,892,795,871,777
M,941,845,915,807,875,799,892,794,874,777
M,942,848,916,809,876,799,892,794,873,776
M,941,845,916,810,875,799,892,794,869,777
M,939,844,917,807,874,799,894,794,877,776
M,940,848,915,809,876,800,892,796,877,777
M,940,848,916,808,878,797,894,795,867,779
M,939,847,916,808,877,799,892,794,874,778
M,939,847,915,808,875,800,893,795,869,775
M,940,845,917,809,877,800,893,795,871,775
M,940,846,915,807,877,799,891,796,869,776
M,939,847,916,807,877,799,892,796,872,776
M,943,847,916,808,877,799,891,794,874,774
M,944,849,916,809,877,797,890,795,876,777
M,943,846,915,808,876,799,892,796,875,776
M,941,846,915,808,875,799,891,794,875,774
M,941,850,916,808,878,798,893,794,873,775
M,942,849,916,808,877,798,892,795,871,776
M,940,848,913,808,873,800,892,794,871,774
M,942,847,916,809,877,799,892,793,873,774
M,939,848,916,809,875,800,892,794,871,777
M,937,843,916,808,875,799,892,795,870,776
M,939,846,916,808,875,800,892,793,872,777
M,937,849,916,809,878,800,892,794,877,777
M,943,844,916,809,876,799,891,796,874,775
M,942,847,915,809,876,799,893,795,869,775
M,945,845,915,808,875,799,893,795,875,776
M,939,847,915,810,875,799,894,794,875,776
M,941,849,916,810,874,799,895,796,876,777
M,941,849,915,805,877,797,895,796,877,777
M,940,855,918,809,875,798,894,795,876,775
M,942,848,916,809,876,800,893,795,877,777
M,942,845,915,810,875,798,895,795,876,775
M,942,847,915,807,876,798,894,793,875,775
M,941,849,915,809,875,800,894,795,876,775
M,940,844,915,809,878,800,894,794,882,775
M,940,844,914,809,877,800,893,795,873,776
M,941,845,915,807,876,800,893,796,871,775
M,939,844,917,809,874,799,893,795,871,777
M,941,847,915,807,877,799,894,794,869,774
M,946,842,916,809,875,798,895,795,872,776
M,941,845,915,808,875,799,894,795,875,776
M,936,852,917,806,878,802,895,795,874,774
M,940,847,916,809,876,798,894,795,875,777
M,939,849,915,809,878,800,895,795,875,777
M,941,848,916,808,876,799,894,794,872,774
M,938,839,916,807,875,798,895,793,874,775
M,938,850,916,808,878,799,895,796,875,776
M,941,845,916,808,876,799,895,795,875,777
M,942,847,916,807,876,799,894,794,872,775
M,942,847,915,809,876,799,894,796,870,775
M,939,847,915,807,876,799,895,795,872,776
M,941,848,917,808,875,800,894,795,869,776
M,941,846,915,809,876,799,895,795,875,776
M,938,850,916,810,878,799,894,795,872,776
M,943,849,916,809,876,799,896,795,877,776
M,939,846,917,806,875,800,895,795,876,775
M,937,847,915,808,877,800,895,795,874,774
M,940,846,916,808,878,800,896,796,876,777
M,939,845,915,809,876,799,895,795,874,774
M,941,843,914,808,876,799,893,795,871,774
M,943,845,916,809,877,800,892,795,876,776
M,943,849,916,809,876,799,894,795,876,776
M,944,846,915,810,875,799,892,795,875,776
M,941,845,917,810,876,800,892,795,875,775
M,941,847,915,809,873,799,891,795,874,775
M,941,848,916,808,876,800,893,796,872,775
M,945,846,915,810,877,799,894,796,872,776
M,941,846,916,807,877,800,893,795,872,776
M,939,848,915,807,877,799,893,795,869,777
M,940,845,917,809,876,798,893,795,875,776
M,944,845,914,809,876,799,894,796,871,775
M,940,849,916,809,875,800,894,795,875,775
M,940,847,916,807,878,798,892,794,872,774
M,943,846,914,810,877,798,894,794,872,774
M,939,845,915,807,874,800,894,795,874,774
M,939,849,916,809,877,799,895,796,872,776
M,940,845,916,809,875,798,894,795,876,776
M,940,848,915,808,876,800,892,795,875,774
M,939,845,916,808,876,799,893,796,874,775
M,943,848,914,808,876,800,893,795,875,776
M,941,846,916,807,877,799,891,794,875,774
M,939,840,915,807,874,798,892,796,875,776
M,942,847,916,808,875,799,891,795,874,777
M,939,852,915,808,876,800,892,795,873,776
M,940,849,915,809,878,800,892,794,876,775
M,946,856,917,807,875,798,893,795,875,775
M,944,845,916,808,875,801,889,795,869,777
M,940,845,914,809,878,800,892,793,875,774
M,940,845,916,808,875,799,890,796,872,775
M,941,846,917,808,878,800,891,795,876,776
M,944,849,916,808,877,798,892,795,873,777
M,939,845,915,809,877,798,892,795,875,775
M,941,849,914,808,877,798,890,796,870,776
M,941,846,916,808,878,800,890,796,876,778
M,939,846,916,807,875,798,893,795,873,777
M,943,848,916,808,876,800,891,795,876,773
M,941,846,916,808,877,800,892,796,875,776
M,942,846,914,809,876,798,890,795,877,776
M,944,849,915,807,875,799,894,795,870,775
M,945,842,913,807,876,799,894,795,874,776
M,942,848,915,809,877,800,893,795,872,777
M,944,849,916,808,876,800,893,796,873,775
M,942,846,913,807,874,800,892,796,875,775
M,940,847,915,808,876,800,894,795,871,776
M,941,846,915,807,876,799,893,795,871,775
M,939,849,915,809,878,799,892,796,870,775
M,942,848,915,809,876,799,892,794,872,776
M,942,846,915,808,877,799,893,795,875,775
M,941,847,915,808,877,801,892,796,873,775
M,941,844,915,806,875,799,892,795,873,776
M,943,846,913,808,878,799,893,794,868,773
M,940,847,915,807,877,800,893,795,873,777
