Q,934,856,871,822,901,818,894,852,873,806
Q,932,858,872,820,900,817,894,851,875,805
Q,932,855,872,820,900,820,894,851,874,807
Q,934,857,872,820,899,818,894,850,873,805
Q,934,856,872,820,901,818,894,853,873,807
Q,934,857,872,821,902,817,896,852,873,806
Q,930,857,873,821,902,818,894,852,875,806
Q,931,857,872,822,901,818,895,851,873,805
Q,931,857,873,822,901,817,895,850,876,806
Q,935,856,872,821,903,817,896,849,874,803
Q,935,857,871,821,905,816,898,849,874,804
Q,934,858,873,822,904,816,895,848,876,804
Q,932,859,872,823,905,815,897,847,875,804
Q,933,860,874,822,905,815,896,845,877,804
Q,934,860,873,821,906,814,897,845,876,803
Q,935,858,874,822,901,814,897,845,875,801
Q,936,860,873,822,904,814,896,846,877,803
Q,933,858,872,822,904,814,898,846,874,801
Q,935,861,871,822,904,815,896,845,876,800
Q,933,858,874,822,904,814,896,846,876,801
Q,933,858,873,822,905,815,896,845,876,801
Q,933,856,872,822,903,815,895,845,875,803
Q,932,856,873,821,905,815,897,845,876,802
Q,933,855,873,821,903,814,897,845,876,801
Q,934,860,873,821,902,814,896,843,875,801
Q,934,860,873,820,904,814,896,846,875,801
Q,933,856,873,822,905,814,896,843,875,801
Q,936,857,872,821,902,814,896,844,876,802
Q,935,859,872,822,902,815,897,845,876,801
Q,936,859,872,822,903,813,896,844,877,801
Q,934,857,873,822,902,815,896,844,877,802
Q,936,856,874,821,900,814,896,846,877,803
Q,934,854,871,821,902,814,898,843,876,800
Q,934,855,873,821,902,815,897,842,875,802
Q,932,857,873,822,902,814,896,845,876,800
Q,933,855,872,821,900,815,897,845,876,800
Q,936,855,872,821,901,813,897,845,876,800
Q,933,856,872,822,902,814,896,842,875,802
Q,935,857,872,822,901,814,896,844,875,801
Q,933,853,871,820,902,815,897,844,874,800
Q,934,856,872,822,901,815,896,845,876,801
Q,932,855,872,822,902,813,896,845,877,800
Q,933,856,871,820,901,813,896,844,874,800
Q,935,854,872,821,900,815,897,845,875,802
Q,933,855,872,822,900,813,895,843,875,800
Q,933,856,873,821,900,815,895,845,873,801
Q,935,854,872,821,900,815,895,846,875,802
Q,933,854,873,821,902,814,896,845,873,802
Q,934,856,873,822,903,813,895,844,874,802
Q,934,854,871,822,903,813,895,846,875,802
Q,933,855,871,821,902,814,896,844,874,802
Q,933,855,873,821,903,813,896,845,874,801
Q,930,855,872,822,899,815,895,845,873,801
Q,934,857,873,821,901,815,896,843,872,802
Q,934,855,872,821,902,813,895,845,874,801
Q,934,855,873,822,903,815,896,846,875,800
Q,931,855,872,822,901,814,897,844,875,801
Q,934,855,872,820,901,814,896,845,874,800
Q,931,855,873,822,902,813,895,844,872,801
Q,933,856,872,820,903,814,895,844,874,801
Q,933,855,873,820,903,814,896,845,874,801
Q,934,856,872,822,902,814,895,844,875,801
Q,932,854,873,821,901,814,895,846,873,802
Q,933,854,872,821,902,814,896,846,873,801
Q,933,855,872,821,902,814,896,845,875,801
Q,934,854,872,821,900,814,895,843,876,802
Q,931,856,873,821,901,814,895,845,874,800
Q,932,854,872,822,901,813,896,843,876,800
Q,930,854,872,821,900,813,896,844,876,801
Q,932,854,872,820,900,813,895,844,875,802
Q,934,856,870,822,905,812,897,846,874,802
Q,934,856,874,822,902,814,895,843,875,801
Q,932,856,872,821,900,812,896,844,876,800
Q,933,855,873,820,902,814,895,843,875,800
Q,932,856,873,821,900,815,895,845,874,801
Q,932,856,873,820,900,813,895,843,875,800
Q,933,857,873,822,903,813,896,845,872,799
Q,932,854,871,821,899,813,893,843,874,802
Q,933,853,873,821,902,814,894,843,875,802
Q,933,854,872,821,900,813,894,844,878,802
Q,932,855,872,820,901,813,895,843,875,800
Q,933,854,873,819,903,811,894,844,874,800
Q,933,855,872,822,901,815,894,845,874,801
Q,934,856,872,820,900,813,895,842,876,800
Q,932,854,871,823,899,813,895,842,875,800
Q,930,856,872,822,901,815,894,844,873,802
Q,932,853,871,819,900,814,894,844,874,799
Q,933,855,872,820,900,814,895,844,875,800
Q,931,856,871,820,901,814,895,844,872,801
Q,931,855,871,821,901,812,894,842,873,801
Q,931,855,872,818,898,814,894,845,875,800
Q,934,855,872,821,902,813,894,843,876,802
Q,932,856,872,821,900,814,895,845,873,801
Q,932,855,871,822,901,812,894,843,874,800
Q,933,854,871,821,902,814,894,845,875,800
Q,932,855,872,820,901,814,895,842,874,803
Q,934,855,871,822,901,814,895,844,875,800
Q,931,854,873,821,899,814,895,844,875,801
Q,931,854,873,820,901,815,895,845,874,801
Q,928,856,872,820,901,814,896,844,874,799
Q,931,854,871,821,902,814,894,843,873,801
Q,932,855,872,819,901,813,894,843,875,800
Q,933,855,872,820,901,813,896,844,873,800
Q,930,856,872,821,900,813,894,842,872,798
Q,930,854,873,820,901,813,895,842,872,800
Q,934,854,872,820,900,813,895,842,875,800
Q,933,854,872,819,903,813,895,842,874,801
Q,934,856,873,820,900,814,894,844,875,800
Q,931,855,871,821,900,814,895,843,874,799
Q,934,853,872,820,900,812,895,843,874,801
Q,930,853,873,820,900,812,894,843,875,799
Q,932,854,871,819,901,813,895,844,873,800
Q,931,854,872,820,900,814,894,844,876,800
Q,933,855,873,820,899,813,896,841,872,800
Q,934,854,873,819,900,814,894,844,873,800
Q,934,855,872,821,901,814,896,841,873,799
Q,929,854,872,821,900,814,895,844,875,801
Q,932,855,872,820,898,814,894,844,874,801
Q,930,856,872,819,900,812,894,844,876,801
Q,930,858,873,822,900,813,893,843,873,798
Q,931,854,873,820,901,813,894,841,873,800
Q,931,854,872,819,899,814,894,843,873,801
Q,933,855,873,819,900,813,896,845,873,800
Q,931,856,870,821,900,814,894,844,873,800
Q,931,856,873,821,899,813,895,843,875,800
Q,933,855,872,820,899,814,895,842,874,802
Q,932,854,871,819,900,813,894,842,873,799
Q,933,854,872,820,899,813,895,843,874,800
Q,931,853,871,819,899,813,894,844,872,801
Q,932,855,872,820,900,814,892,842,874,799
Q,930,854,873,821,902,814,896,845,874,799
Q,933,855,872,820,900,814,895,843,873,800
Q,927,855,874,818,899,812,894,844,874,800
Q,934,854,873,820,901,814,894,842,872,800
Q,930,855,871,820,900,813,893,843,873,800
Q,930,854,872,820,900,813,894,842,873,800
Q,933,855,871,822,898,815,893,839,873,801
Q,933,856,872,821,901,814,894,843,875,798
Q,935,857,873,820,901,813,893,842,873,800
Q,932,856,872,820,899,813,894,842,875,801
Q,929,855,873,819,900,814,894,844,874,800
Q,934,854,872,819,901,814,894,843,872,801
Q,937,853,871,822,900,812,893,845,873,801
Q,931,854,872,820,900,813,894,843,871,800
Q,930,855,871,820,901,813,893,842,873,800
Q,932,855,871,819,901,814,894,843,874,800
Q,934,855,872,819,901,813,894,843,873,800
Q,930,853,871,820,901,814,894,844,873,801
Q,934,856,872,820,898,813,895,842,873,800
Q,932,854,872,820,900,814,893,844,873,800
Q,929,853,872,820,900,813,893,844,874,801
Q,931,855,872,818,899,813,893,844,874,800
Q,933,854,872,820,900,814,895,844,873,801
Q,929,855,873,820,899,812,894,844,873,799
Q,934,853,873,819,897,813,893,842,874,799
Q,931,855,872,819,900,814,895,842,872,800
Q,930,856,873,821,900,814,894,842,872,800
Q,931,856,872,819,901,813,894,842,874,800
Q,930,855,873,822,901,813,895,843,873,801
Q,932,856,872,820,899,814,894,843,873,801
Q,931,856,873,820,899,814,894,842,872,799
Q,930,854,871,820,900,813,893,843,873,799
Q,933,854,871,820,897,813,894,845,875,800
Q,931,854,870,819,899,813,893,844,873,801
Q,932,854,872,820,899,813,894,842,873,799
Q,932,855,872,818,900,814,892,845,877,800
Q,931,854,872,818,901,814,894,845,875,798
Q,933,854,871,819,901,813,893,842,872,798
Q,934,856,873,820,899,814,895,841,872,801
Q,931,854,872,819,899,814,894,843,874,799
Q,931,853,873,819,900,813,893,844,873,799
Q,931,854,871,820,898,814,895,843,872,800
Q,930,854,870,820,899,813,893,842,873,799
Q,932,855,871,819,897,814,894,842,876,799
Q,931,856,872,819,899,813,893,842,872,798
Q,928,854,871,820,899,813,895,842,874,799
Q,929,854,872,820,898,814,895,842,871,801
Q,932,855,872,820,901,814,894,842,874,799
Q,932,855,872,819,899,814,894,843,874,798
Q,928,855,872,821,897,813,892,843,872,800
Q,928,856,872,820,898,813,893,843,873,799
Q,930,855,873,821,897,813,894,843,874,801
Q,932,855,871,817,898,814,893,843,874,800
Q,932,854,870,819,898,813,894,843,872,799
Q,931,855,871,820,900,814,894,843,874,799
Q,932,854,872,819,900,814,893,842,873,800
Q,929,857,871,819,898,812,893,843,872,800
Q,931,856,872,820,899,813,894,844,872,798
Q,930,855,872,819,899,813,893,843,873,798
Q,930,854,871,819,898,813,894,842,873,799
Q,933,854,872,818,898,812,892,843,873,800
Q,932,852,871,819,897,812,894,842,873,800
Q,932,856,871,817,898,813,894,844,873,800
Q,933,855,872,818,900,814,894,842,871,799
Q,931,856,872,820,900,814,894,844,872,800
Q,930,854,871,820,899,812,893,842,872,800
Q,927,855,872,820,899,814,893,844,873,800
Q,934,855,872,819,898,813,894,841,874,799
Q,930,855,873,819,898,812,893,843,872,799
Q,933,854,871,820,897,813,893,843,871,801
Q,929,855,871,820,899,814,893,843,873,800
Q,930,854,872,818,899,814,893,844,871,799
Q,932,854,872,820,899,814,892,841,874,798
Q,931,855,872,819,898,814,893,842,873,799
Q,932,856,872,821,898,814,894,842,871,799
Q,931,854,871,820,898,815,892,843,873,799
Q,932,854,872,819,894,813,893,841,874,800
Q,933,854,872,820,898,813,892,843,872,800
Q,931,853,871,820,899,812,892,841,872,798
Q,933,855,872,820,898,812,893,842,872,798
Q,932,856,872,818,897,813,894,841,873,799
Q,930,856,871,818,895,813,893,842,872,799
Q,932,855,871,818,898,813,894,843,871,799
Q,929,855,871,819,899,814,893,841,873,799
Q,931,855,872,818,899,814,893,843,873,799
Q,932,855,872,820,898,813,893,843,872,801
Q,928,853,873,818,899,813,893,844,874,800
Q,930,853,869,819,897,815,894,843,874,800
Q,932,855,873,819,897,813,893,841,871,798
Q,929,856,871,819,898,814,894,844,873,800
Q,934,854,871,819,898,814,894,842,873,799
Q,930,856,873,820,899,814,892,843,873,798
Q,929,854,872,819,899,814,894,843,872,799
Q,932,855,872,819,898,812,893,843,873,798
Q,930,855,870,818,896,812,892,843,872,799
Q,930,853,872,819,899,811,893,842,876,799
Q,931,853,871,819,898,811,892,843,874,800
Q,932,854,871,819,898,812,892,841,873,800
Q,933,856,871,818,897,813,894,841,873,799
Q,928,855,871,820,899,813,892,843,872,799
Q,932,855,872,819,901,813,893,841,874,800
Q,930,855,872,819,898,814,893,840,874,799
Q,932,855,872,818,898,812,892,842,871,798
Q,927,854,871,818,897,812,892,841,872,798
Q,932,854,872,818,899,812,893,841,874,799
Q,934,856,872,819,899,813,894,843,873,798
Q,932,854,872,818,899,813,892,841,874,800
Q,931,855,872,818,896,814,892,844,872,800
Q,932,855,873,819,897,813,894,842,872,799
Q,930,856,872,817,898,813,892,842,875,798
Q,932,856,872,820,898,813,893,842,873,799
Q,931,854,872,819,898,812,894,843,873,797
Q,928,856,872,820,898,812,893,841,873,799
Q,932,856,872,818,896,813,894,841,871,800
Q,931,857,872,818,898,814,892,842,872,798
Q,931,855,871,818,898,813,893,843,872,798
Q,932,854,871,818,898,813,894,842,876,799
Q,930,854,872,817,898,813,892,842,871,798
Q,932,855,872,819,895,812,893,842,873,798
Q,933,854,871,818,895,811,893,842,871,798
Q,933,856,872,819,898,814,893,842,872,798
Q,932,855,872,818,897,812,893,843,873,798
Q,931,854,872,819,898,813,893,842,874,800
Q,932,853,873,818,898,812,893,841,872,800
Q,932,855,872,819,898,812,893,843,873,799
Q,930,855,873,819,899,813,892,843,872,799
Q,931,855,872,819,899,815,893,843,872,797
Q,930,856,874,817,899,813,892,841,872,799
Q,932,856,873,819,895,812,892,840,874,799
Q,932,855,873,818,897,812,892,840,873,798
Q,932,855,873,818,898,812,893,843,872,799
Q,929,855,871,817,897,814,893,840,872,799
Q,931,854,873,818,897,811,892,844,872,800
Q,930,855,873,819,899,812,893,844,872,798
Q,932,856,873,817,899,812,892,841,870,798
Q,930,856,874,818,898,813,893,843,872,799
Q,928,855,873,818,897,813,892,842,873,799
Q,931,855,873,818,895,813,893,841,873,797
Q,932,855,874,817,897,812,893,840,874,798
Q,931,854,873,818,896,812,891,842,872,798
Q,930,855,873,817,896,814,893,840,872,799
Q,934,854,875,818,899,813,892,840,870,799
Q,932,857,874,819,896,812,893,840,871,797
Q,932,855,873,817,897,812,892,842,874,800
Q,932,853,873,817,895,812,894,843,874,800
Q,929,853,873,817,897,814,893,843,873,800
Q,928,852,873,816,896,813,891,838,873,797
Q,932,855,873,817,898,813,893,839,872,797
Q,931,855,872,819,896,813,893,842,874,800
Q,930,855,873,815,898,813,893,841,873,798
Q,930,855,873,818,897,813,893,842,871,798
Q,935,853,874,820,896,811,892,842,874,798
Q,928,857,873,818,898,812,892,841,873,798
Q,931,856,873,817,895,810,892,841,872,797
Q,933,854,873,816,897,813,891,840,872,799
Q,929,853,872,816,895,813,892,841,874,799
Q,932,854,873,817,898,812,892,841,874,799
Q,932,854,873,817,896,812,894,838,873,797
Q,933,856,874,818,896,812,893,840,873,799
Q,930,855,871,818,898,813,892,841,874,798
Q,932,855,873,817,895,813,893,843,872,797
Q,931,853,873,816,900,812,892,844,876,798
Q,933,856,873,817,899,813,892,842,873,799
Q,930,854,874,817,899,810,893,842,872,800
Q,931,856,873,817,897,813,893,842,871,799
Q,930,855,872,818,899,813,893,842,872,798
Q,935,852,872,818,896,813,893,842,874,797
Q,932,856,874,817,899,813,892,842,872,798
Q,929,853,871,816,895,813,893,841,873,799
Q,929,855,873,816,897,812,893,841,872,798
Q,932,855,872,818,897,812,892,843,868,797
Q,932,855,872,818,897,814,892,840,874,801
Q,932,854,872,817,897,812,892,842,871,800
Q,931,853,870,818,898,813,892,840,871,798
Q,931,855,872,818,896,813,893,842,871,799
Q,933,855,872,817,895,813,892,840,874,799
Q,928,854,872,817,899,814,892,841,873,800
Q,930,855,873,817,898,812,893,842,872,799
Q,932,856,872,816,897,813,892,842,873,797
Q,932,853,873,818,896,814,893,843,873,799
Q,928,853,873,816,898,811,893,839,872,799
Q,929,854,872,817,897,812,894,844,872,799
Q,931,854,874,818,898,813,892,840,874,798
Q,931,854,873,817,897,813,892,844,874,800
Q,933,855,873,816,896,813,893,841,873,800
Q,931,855,873,818,896,812,893,842,871,799
Q,929,854,872,816,898,813,892,842,872,797
Q,933,856,873,817,896,814,892,840,872,799
Q,931,856,874,817,899,813,893,840,871,798
Q,933,856,873,817,897,813,893,842,874,797
Q,930,853,873,818,896,813,894,842,874,799
Q,933,856,874,817,898,813,892,840,874,798
Q,931,853,873,818,895,814,891,840,871,799
Q,932,855,872,818,899,812,891,839,874,798
Q,931,854,873,817,897,813,892,840,872,797
Q,931,853,871,816,897,812,893,842,873,797
Q,928,854,873,815,894,813,892,844,870,796
Q,932,856,873,818,897,812,893,842,874,799
Q,930,854,872,817,897,813,892,841,874,798
Q,934,853,872,815,894,812,890,840,872,799
Q,930,854,871,816,898,811,891,843,871,798
Q,929,856,873,817,896,813,892,839,871,799
Q,930,856,874,817,897,813,892,841,871,798
Q,933,856,873,817,897,813,892,840,873,799
Q,932,855,873,818,900,813,893,841,872,798
Q,931,855,874,816,897,812,893,840,873,799
Q,931,855,873,817,897,813,893,840,872,799
Q,933,854,874,816,899,811,892,838,873,798
Q,932,854,873,816,896,812,891,843,871,798
Q,928,855,872,817,899,813,893,839,872,797
Q,930,853,873,817,897,812,893,839,873,799
Q,930,854,874,817,897,811,893,838,871,798
Q,931,854,872,816,896,813,893,839,872,798
Q,929,857,873,817,899,812,892,838,871,799
Q,932,855,872,816,897,811,892,840,872,797
Q,930,856,872,817,897,812,893,837,874,798
Q,932,855,871,818,897,812,894,841,872,799
Q,931,855,873,817,899,812,893,838,874,798
Q,932,853,873,817,898,813,894,839,871,797
Q,929,857,873,815,896,810,894,839,874,797
Q,931,854,873,816,898,812,893,836,871,797
Q,933,854,873,817,896,811,893,838,874,796
Q,930,854,872,815,897,812,894,837,873,797
Q,932,851,873,816,898,812,893,837,872,797
Q,932,855,871,817,896,811,893,838,872,798
Q,932,851,874,816,898,812,893,840,870,797
Q,932,851,873,816,896,812,893,838,873,796
Q,929,852,874,815,898,812,893,836,873,798
Q,929,854,873,816,897,812,894,838,873,797
Q,929,855,872,816,898,812,893,839,874,797
Q,930,855,872,816,898,811,893,836,873,798
Q,928,853,872,816,899,812,893,841,871,798
Q,930,851,871,817,898,811,891,840,871,796
Q,929,854,872,817,897,811,893,840,872,796
Q,932,856,872,816,896,812,894,837,874,799
Q,929,853,873,816,897,811,892,839,872,799
Q,931,853,873,817,898,812,892,838,873,797
Q,934,854,872,817,897,812,893,838,872,796
Q,930,853,874,816,897,812,893,841,873,798
Q,932,855,871,817,897,811,893,838,872,797
Q,929,855,872,818,896,813,893,838,874,798
Q,932,855,872,818,898,813,890,837,871,797
Q,928,856,872,816,898,812,893,837,873,795
Q,929,853,873,817,897,811,891,837,875,796
Q,932,855,873,815,898,812,893,838,871,795
Q,930,855,872,816,897,811,892,836,873,798
Q,930,856,873,816,896,811,894,837,873,798
Q,931,855,872,817,900,811,893,837,872,797
Q,930,856,873,817,898,811,893,838,872,796
Q,929,856,872,816,898,812,892,838,871,797
Q,929,855,871,818,896,811,892,836,871,797
Q,930,853,872,816,898,812,893,836,873,795
Q,930,856,872,815,898,811,893,838,874,796
Q,930,854,870,816,898,810,893,836,874,797
Q,928,856,873,815,898,811,893,837,873,797
Q,931,855,872,815,899,812,892,835,873,796
Q,930,854,873,817,898,811,893,839,872,796
Q,929,855,873,816,897,812,893,836,874,797
Q,931,854,872,815,897,811,893,837,871,796
Q,930,853,872,817,898,811,894,835,874,797
Q,928,854,872,816,896,812,892,839,871,796
Q,929,855,872,815,896,811,892,836,872,797
Q,929,855,872,816,897,811,892,837,874,797
Q,929,855,873,816,899,813,893,838,873,795
Q,929,856,873,816,896,810,892,836,873,797
Q,928,854,873,815,899,811,893,836,874,796
Q,930,855,870,815,896,810,894,839,876,797
Q,929,855,872,817,896,810,893,837,874,796
Q,929,853,872,815,899,812,894,839,871,796
Q,930,855,871,816,897,811,893,837,872,795
Q,930,855,872,815,897,810,893,837,873,798
Q,928,854,873,817,899,810,892,837,874,796
Q,930,856,873,816,897,810,893,837,871,796
Q,931,855,872,816,896,811,891,835,873,797
Q,928,854,873,816,896,810,892,839,871,795
Q,931,853,873,816,896,811,893,836,872,796
Q,929,854,874,817,896,810,893,838,873,796
Q,929,853,872,816,897,811,893,837,872,797
Q,930,854,872,816,897,812,893,836,872,796
Q,929,854,871,816,897,812,893,836,872,796
Q,929,855,872,817,898,812,894,836,873,796
Q,929,856,872,816,898,812,893,838,871,795
Q,930,855,873,815,899,811,892,837,871,795
Q,929,854,872,816,899,809,893,835,872,797
Q,932,856,871,815,899,810,892,835,873,796
Q,931,856,873,816,899,810,893,836,873,793
Q,929,856,873,816,898,811,893,835,873,796
Q,928,854,872,816,898,810,893,835,873,797
Q,929,854,872,816,898,812,893,836,874,796
Q,931,854,871,816,899,812,893,834,874,794
Q,930,854,873,817,899,810,893,837,874,794
Q,929,854,873,815,899,811,894,834,873,794
Q,930,853,873,817,899,811,893,836,875,797
Q,928,855,872,816,898,811,894,834,872,796
Q,931,855,873,816,899,810,894,835,874,795
Q,929,853,873,816,898,811,893,835,872,793
Q,929,854,873,816,898,811,894,834,874,796
Q,928,855,873,816,898,811,893,836,873,794
Q,930,852,872,817,897,812,892,836,874,795
Q,931,856,872,816,899,811,894,836,873,795
Q,928,854,870,817,899,810,892,836,873,794
Q,926,854,872,816,897,810,893,835,874,796
Q,930,855,872,814,896,812,893,835,871,795
Q,928,855,873,817,898,810,893,834,871,795
Q,929,855,872,817,899,811,893,834,872,796
Q,928,853,872,816,897,810,894,835,874,795
Q,928,855,872,817,897,811,895,834,874,795
Q,929,855,872,818,899,810,893,833,872,796
Q,930,855,873,816,898,811,894,836,874,796
Q,929,856,872,816,899,810,894,836,872,793
Q,925,854,873,817,899,810,893,835,874,795
Q,928,856,872,816,899,809,893,834,872,794
Q,928,855,872,816,897,811,893,833,874,795
Q,928,854,870,817,895,809,890,834,872,795
Q,930,854,871,816,899,811,893,835,875,796
Q,930,855,872,816,899,810,894,836,873,794
Q,929,853,871,815,895,812,894,834,873,795
Q,928,856,872,816,897,811,893,835,875,793
Q,932,855,873,816,899,810,892,837,874,795
Q,930,855,872,815,897,811,893,834,874,793
Q,929,854,872,817,899,813,895,838,872,794
Q,928,855,872,815,899,809,894,836,873,796
Q,929,854,872,816,900,811,892,836,874,794
Q,925,854,872,816,898,811,893,835,874,796
Q,929,853,875,816,899,809,894,834,873,793
Q,928,856,873,816,897,811,894,835,874,794
Q,930,855,872,816,898,811,892,836,874,795
Q,928,855,871,817,898,811,893,834,874,795
Q,927,853,872,816,900,811,892,836,873,793
Q,931,856,873,815,899,810,893,836,873,793
Q,930,853,872,816,900,810,891,835,872,796
Q,929,854,871,815,900,810,892,835,872,795
Q,933,856,872,816,900,810,894,836,872,795
Q,927,854,871,813,899,811,894,835,873,795
Q,926,854,871,815,900,810,893,836,872,793
Q,928,853,873,817,899,810,893,834,874,796
Q,929,852,871,815,902,812,893,836,874,795
Q,929,855,871,816,899,812,892,836,871,794
Q,928,854,873,815,899,810,893,834,874,795
Q,930,855,871,817,899,811,893,834,872,796
Q,928,854,872,815,896,809,892,835,875,794
Q,929,854,872,816,899,811,892,834,871,794
Q,927,855,872,816,898,811,893,835,874,794
Q,930,856,871,816,898,811,893,836,872,792
Q,930,855,870,814,899,811,892,834,874,795
Q,931,856,871,814,898,810,894,836,872,794
Q,929,854,870,814,900,809,893,835,874,795
Q,926,855,871,814,900,811,894,836,873,796
Q,930,856,872,815,899,811,893,833,874,795
Q,931,856,870,816,902,809,895,834,875,794
Q,928,860,871,816,903,810,894,835,875,794
Q,928,857,870,815,904,811,894,832,872,794
Q,927,856,871,815,902,810,894,832,875,794
Q,926,856,870,814,900,809,894,832,873,794
Q,928,857,871,815,902,810,894,832,876,793
Q,928,857,869,815,900,809,894,834,876,793
Q,927,855,871,816,903,810,893,834,874,795
Q,925,857,870,814,901,808,893,833,876,793
Q,929,856,869,815,901,809,896,832,874,794
Q,927,855,870,814,901,810,893,832,874,793
Q,929,854,870,816,901,810,893,832,874,792
Q,929,856,870,816,899,810,894,831,874,792
Q,929,856,870,816,901,810,895,831,874,792
Q,926,856,871,815,900,809,894,830,875,793
Q,929,854,870,814,901,810,894,831,874,792
Q,926,853,871,815,902,810,894,832,873,793
Q,929,854,869,816,900,808,893,832,875,792
Q,930,858,871,816,900,810,894,833,872,793
Q,930,854,869,816,899,809,895,833,875,792
Q,928,855,870,816,900,809,894,832,874,793
Q,926,857,870,816,901,809,895,830,875,794
Q,925,855,869,814,899,809,895,830,873,792
Q,927,857,870,815,900,809,895,831,872,793
Q,927,856,869,815,900,811,895,830,876,793
Q,927,857,870,815,899,810,894,831,875,793
Q,927,857,870,816,899,809,894,832,875,793
Q,929,856,870,816,901,810,894,830,872,793
Q,928,855,869,814,900,808,893,831,876,792
Q,927,857,869,815,899,810,893,832,874,793
Q,927,857,869,815,900,810,894,831,874,793
Q,928,855,870,815,900,809,894,832,872,794
Q,928,855,870,814,900,808,893,831,873,794
Q,926,855,869,814,899,809,893,830,873,792
Q,925,856,870,816,899,808,895,832,873,791
Q,929,855,870,815,900,809,893,832,872,794
Q,927,855,870,816,900,810,894,834,874,792
Q,928,856,869,815,900,809,893,831,874,794
Q,926,856,871,816,900,808,893,833,874,794
Q,920,858,870,815,900,808,894,833,873,792
Q,925,855,870,815,898,810,893,833,873,793
Q,929,857,869,814,900,810,892,832,873,792
Q,928,857,870,815,901,809,893,833,874,793
Q,926,856,869,815,902,810,894,834,874,793
Q,925,855,869,814,899,808,894,831,873,793
Q,926,857,870,814,900,808,894,832,876,792
Q,925,856,870,815,900,809,893,831,874,794
Q,927,856,869,814,902,809,894,832,874,792
Q,926,855,870,815,900,809,894,831,873,793
Q,927,855,870,815,902,810,894,831,875,794
Q,925,854,870,815,901,809,894,831,874,793
Q,924,857,869,815,902,809,894,832,875,793
Q,927,853,870,814,901,809,894,832,875,793
Q,929,855,870,813,899,808,894,832,874,793
Q,925,853,868,815,901,810,894,831,871,793
Q,926,855,870,815,900,809,894,832,874,792
Q,929,855,870,816,900,810,893,834,873,792
Q,927,854,868,815,899,810,894,833,875,792
Q,925,855,869,813,901,809,892,832,874,792
Q,927,855,870,815,900,809,893,832,874,794
Q,927,854,869,815,900,808,893,832,874,793
Q,925,855,870,815,899,808,893,833,877,792
Q,924,854,871,815,897,809,893,831,873,791
Q,927,856,869,815,899,810,894,833,874,794
Q,924,854,868,814,901,808,893,831,872,792
Q,926,856,869,815,900,809,894,833,873,792
Q,925,855,870,814,897,809,892,831,874,794
Q,927,852,871,816,897,808,893,832,871,794
Q,926,855,870,815,897,809,893,831,872,794
Q,924,855,870,815,899,809,893,833,874,792
Q,926,856,870,814,898,810,894,833,873,794
Q,926,855,870,815,899,810,893,831,874,794
Q,927,854,870,815,898,808,892,830,874,792
Q,926,854,871,815,899,810,893,833,872,794
Q,925,851,871,817,897,810,894,833,874,794
Q,924,853,870,815,898,809,893,833,873,793
Q,926,855,869,815,898,810,894,833,872,793
Q,928,857,870,814,899,810,893,833,875,793
Q,927,854,870,816,899,808,894,833,874,792
Q,923,854,869,814,899,809,893,832,873,793
Q,924,855,870,816,897,809,893,833,873,792
Q,923,855,870,815,899,810,894,830,874,792
Q,923,855,871,816,897,809,893,831,874,793
Q,926,852,870,815,896,810,893,831,874,793
Q,927,854,870,815,895,811,894,831,874,794
Q,925,853,869,815,898,809,893,832,872,792
Q,926,854,868,814,898,809,893,831,876,792
Q,924,852,870,814,898,808,894,831,873,793
Q,924,855,871,814,897,808,891,833,872,793
Q,924,853,871,814,895,809,891,832,874,792
Q,923,853,871,815,896,809,893,832,874,793
Q,925,855,870,814,898,810,894,833,873,792
Q,924,854,870,814,897,809,893,831,871,793
Q,927,853,870,816,896,810,893,833,873,794
Q,927,853,869,815,897,810,893,831,874,793
Q,924,854,871,814,896,809,893,833,874,794
Q,928,855,870,814,898,809,894,832,875,793
Q,924,854,869,814,897,810,893,831,873,792
Q,925,853,870,814,896,810,892,832,873,795
Q,924,852,869,815,896,809,891,832,874,794
Q,927,852,871,814,896,809,893,832,874,792
Q,926,854,870,815,897,808,893,831,873,793
Q,927,854,869,815,898,809,894,832,873,793
Q,926,853,869,814,896,808,893,833,874,791
Q,925,854,869,814,897,809,893,832,874,793
Q,924,854,870,815,897,809,894,832,871,791
Q,926,853,870,815,898,810,892,831,872,793
Q,927,854,871,816,898,809,893,836,875,792
Q,923,855,869,815,895,809,893,831,874,793
Q,925,853,870,814,896,810,893,833,873,793
Q,928,856,869,815,896,810,893,834,874,793
Q,925,854,870,815,895,809,893,834,873,793
Q,925,854,869,814,898,809,892,831,872,793
Q,925,854,870,815,895,810,893,831,871,792
Q,925,854,870,816,896,810,893,831,873,792
Q,926,855,869,817,897,809,893,832,873,792
Q,926,852,870,815,896,809,891,831,872,792
Q,926,853,870,815,896,809,893,832,873,793
Q,924,854,870,815,896,810,893,834,872,793
Q,927,853,869,814,896,809,892,830,872,792
Q,925,853,870,814,896,809,892,830,874,792
Q,924,854,871,812,896,810,892,832,873,793
Q,925,855,870,814,898,809,892,831,872,792
Q,925,854,870,813,897,809,892,832,873,792
Q,921,854,869,815,893,808,893,831,874,792
Q,922,854,869,816,898,810,894,833,873,793
Q,924,852,870,816,896,809,893,832,874,790
Q,926,854,870,815,897,811,894,833,870,792
Q,926,854,869,815,896,809,893,834,870,791
Q,923,853,870,814,898,809,893,833,873,793
Q,923,853,869,815,898,810,892,831,872,792
Q,928,853,870,815,896,810,893,834,872,793
Q,926,854,870,814,897,809,892,833,872,791
Q,926,853,870,816,895,809,891,832,873,792
Q,923,852,869,814,897,809,893,830,874,792
Q,926,853,870,814,896,808,892,831,874,792
Q,922,853,869,816,896,810,893,830,874,792
Q,927,854,869,815,897,809,893,833,873,794
Q,925,853,871,815,897,810,893,833,873,793
Q,926,854,869,814,895,809,891,833,874,793
Q,926,854,871,815,896,809,893,834,875,792
Q,928,854,870,815,896,809,893,834,872,793
Q,926,855,870,814,895,809,894,832,874,791
Q,924,854,871,816,898,809,893,831,873,792
Q,925,852,870,815,897,809,892,832,873,792
Q,927,853,871,815,896,810,893,831,872,793
Q,926,854,870,815,895,809,892,831,872,792
Q,924,853,870,815,896,809,892,832,872,792
Q,928,853,870,815,896,809,892,833,872,793
Q,921,856,868,814,896,810,893,833,872,793
Q,925,853,870,815,896,810,893,833,873,791
Q,924,852,869,815,897,809,893,833,873,794
Q,923,853,869,815,899,808,892,831,872,792
Q,926,853,869,814,896,810,893,833,874,793
Q,924,852,868,815,896,810,892,833,874,793
Q,926,853,869,814,897,809,893,833,874,791
Q,922,853,870,815,897,810,892,831,874,794
Q,926,855,870,816,895,807,892,831,874,793
Q,925,854,871,814,896,809,891,833,874,794
Q,927,851,869,815,897,810,894,831,874,792
Q,924,855,869,815,895,810,892,833,872,793
Q,924,855,870,815,898,810,892,832,874,793
Q,925,852,869,813,895,809,893,833,872,793
Q,927,852,870,813,895,810,893,832,872,792
Q,924,854,871,815,897,811,892,831,871,792
Q,926,853,870,815,896,808,892,832,872,793
Q,923,854,869,814,898,810,893,831,871,794
Q,927,853,870,814,897,810,893,830,870,793
Q,927,854,870,814,898,809,893,831,871,792
Q,926,854,871,814,897,810,892,830,872,793
Q,923,853,868,814,896,809,893,831,874,793
Q,926,854,869,814,897,809,892,833,874,792
Q,924,853,869,814,896,809,893,832,871,793
Q,926,853,869,814,895,810,892,831,873,793
Q,926,854,871,815,896,808,891,832,874,793
Q,925,852,870,813,895,809,893,830,874,792
Q,926,853,870,814,897,809,892,832,873,792
Q,925,854,870,815,896,809,892,833,874,791
Q,925,854,870,814,896,809,892,832,872,793
Q,925,850,870,814,895,810,892,833,872,792
Q,926,853,868,814,895,809,892,831,873,794
Q,924,854,869,815,895,809,893,833,873,794
Q,926,854,870,816,897,808,893,831,873,793
Q,925,855,870,814,897,810,892,831,872,791
Q,926,853,869,815,897,809,893,831,874,793
Q,927,853,869,816,896,809,892,832,871,792
Q,925,854,870,814,897,809,893,832,874,792
Q,924,853,869,815,894,809,892,834,873,792
Q,923,854,869,814,897,809,891,832,872,793
Q,925,853,869,814,895,808,891,831,871,794
Q,925,853,870,813,895,808,892,832,873,794
Q,923,853,870,814,897,809,893,832,872,791
Q,924,854,870,814,896,808,893,832,874,792
Q,925,854,871,814,897,810,893,831,872,792
Q,926,854,869,815,898,810,891,831,874,794
Q,924,854,868,815,900,808,891,832,872,792
Q,927,853,870,816,899,809,895,832,874,793
Q,924,854,870,813,896,808,892,830,874,793
Q,925,853,869,815,897,808,893,833,871,792
Q,927,854,869,815,897,810,892,832,873,792
Q,927,853,869,813,897,809,893,832,873,793
Q,926,854,870,815,897,809,893,833,873,790
Q,926,853,869,814,899,809,894,829,873,792
Q,924,853,869,814,895,808,892,833,871,793
Q,924,854,869,815,898,809,891,831,873,792
Q,925,854,869,813,899,810,892,832,872,792
Q,925,854,869,814,898,809,892,830,872,792
Q,924,854,871,814,897,809,894,836,873,791
Q,924,854,869,814,898,810,892,831,874,792
Q,925,853,869,814,899,808,891,832,872,793
Q,927,854,870,815,897,808,892,832,874,792
Q,926,855,869,816,896,808,893,832,873,791
Q,925,852,868,814,897,809,892,832,874,792
Q,926,855,869,814,898,808,892,830,874,792
Q,924,853,869,814,898,809,894,831,873,793
Q,924,855,870,814,896,809,892,833,873,792
Q,922,854,869,815,896,808,892,831,876,793
Q,926,855,870,815,899,809,892,832,871,792
Q,926,855,868,814,897,808,892,833,872,791
Q,922,854,868,815,897,808,893,833,871,792
Q,923,853,868,814,896,808,893,832,874,792
Q,923,853,870,815,896,809,892,833,874,792
Q,924,853,869,815,896,809,892,830,872,792
Q,926,851,869,814,895,808,891,830,873,791
Q,925,855,868,815,898,809,891,831,872,792
Q,924,854,868,814,896,809,891,833,873,792
Q,921,856,871,814,898,810,892,830,873,792
Q,926,855,869,814,897,808,892,833,874,791
Q,924,855,869,814,896,810,891,833,874,792
Q,926,853,869,816,897,809,891,831,872,793
Q,926,853,869,815,895,809,892,832,873,790
Q,926,854,870,816,894,808,892,833,872,793
Q,924,854,868,815,896,810,891,833,875,792
Q,926,854,870,815,897,808,891,834,874,792
Q,927,853,869,814,897,808,890,832,872,792
Q,924,855,868,814,896,809,892,831,872,792
Q,926,855,869,814,897,809,891,831,874,792
Q,925,856,868,814,894,807,892,831,873,791
Q,924,852,869,816,895,808,892,832,872,792
Q,926,853,868,815,895,810,891,833,871,792
Q,922,854,869,814,896,809,891,832,873,792
Q,925,854,869,815,895,808,891,831,872,792
Q,925,852,869,815,896,810,892,831,873,791
Q,927,854,868,815,895,809,892,831,872,793
Q,926,853,869,815,894,809,892,830,874,794
Q,925,853,869,815,895,809,892,833,873,792
Q,925,854,868,815,894,810,892,832,873,793
Q,927,853,868,813,895,808,892,831,870,791
Q,925,854,869,815,895,809,892,832,872,793
Q,928,854,868,814,895,808,891,829,874,793
Q,925,852,868,816,895,809,890,831,871,792
Q,923,854,868,814,894,810,891,832,872,792
Q,926,853,869,815,896,808,891,832,874,793
Q,925,854,869,815,896,809,892,833,874,793
Q,925,855,868,815,894,808,892,831,872,791
Q,923,853,868,815,895,810,891,833,872,792
Q,925,854,867,815,895,808,892,833,870,793
Q,922,854,868,814,895,810,891,829,873,792
Q,928,854,870,813,895,809,891,829,873,793
Q,926,853,869,816,895,810,891,830,872,792
Q,925,854,868,815,896,808,891,832,873,792
Q,923,852,870,814,894,808,891,829,871,791
Q,923,854,870,813,895,809,892,832,874,793
Q,924,854,868,814,896,809,892,833,874,790
Q,927,852,869,815,896,807,892,832,872,791
Q,924,855,868,815,895,809,890,831,872,791
Q,926,854,868,814,895,809,893,832,873,794
Q,929,856,868,814,896,809,892,832,873,792
Q,927,853,868,815,895,809,892,832,872,792
Q,926,854,869,814,895,809,892,831,873,793
Q,924,855,870,815,896,809,892,831,872,792
Q,925,853,869,814,895,808,893,831,873,792
Q,925,853,869,814,895,809,893,832,874,792
Q,926,853,868,814,897,810,891,832,872,792
Q,924,854,869,813,897,807,891,832,874,790
Q,926,854,868,814,898,808,891,830,874,791
Q,924,854,868,814,896,809,893,832,874,791
Q,928,854,867,814,896,807,891,831,873,792
Q,925,854,868,814,895,809,891,832,872,791
Q,925,853,868,815,896,809,892,830,871,792
Q,924,854,868,815,897,808,890,830,872,792
Q,924,853,867,815,895,809,891,830,871,792
Q,926,853,868,815,896,807,893,832,873,792
Q,926,853,869,812,896,807,892,832,873,791
Q,924,854,868,814,893,809,891,831,871,791
Q,923,852,868,816,897,808,891,829,874,792
Q,926,854,868,816,895,809,891,831,873,792
Q,926,854,867,813,896,810,894,831,875,793
Q,926,854,868,815,896,810,891,829,875,791
Q,925,855,868,814,895,808,890,832,873,792
Q,924,854,869,813,896,808,892,833,874,793
Q,925,853,869,815,895,808,891,831,871,793
Q,924,853,869,814,896,809,891,831,872,791
Q,927,855,869,814,896,809,892,832,875,792
Q,927,855,868,814,895,809,892,830,872,792
Q,923,853,869,816,895,808,891,830,875,793
Q,923,855,868,814,895,808,892,832,874,793
Q,921,854,870,816,896,809,891,831,874,792
Q,927,853,866,816,895,808,891,831,871,793
Q,924,858,868,815,896,808,891,831,873,792
Q,923,860,868,815,898,809,892,830,874,792
Q,926,854,867,814,896,809,891,832,872,793
Q,926,856,869,813,897,809,892,830,870,791
Q,928,857,868,814,897,808,892,832,873,792
Q,926,861,868,815,895,809,893,833,872,793
Q,924,857,868,815,896,808,892,832,872,791
Q,927,855,869,815,896,808,891,830,872,792
Q,923,854,869,815,896,809,892,831,874,793
Q,927,855,868,814,895,808,892,830,872,791
Q,925,853,867,813,894,809,890,833,870,791
Q,927,854,868,814,896,809,892,833,870,792
Q,926,855,868,814,895,808,891,832,874,792
Q,927,853,868,814,896,809,892,830,874,791
Q,927,853,868,814,897,809,893,831,873,792
Q,925,853,869,815,895,808,892,830,872,793
Q,926,854,867,814,895,808,891,832,871,794
Q,926,853,869,814,895,809,889,832,873,791
Q,923,855,868,813,896,809,891,831,870,793
Q,929,854,868,815,897,809,891,830,873,792
Q,926,853,867,814,895,809,892,832,874,790
Q,926,854,867,815,895,810,891,832,871,794
Q,925,855,869,814,895,810,890,830,872,792
Q,925,856,868,814,895,808,892,830,873,792
Q,924,854,868,815,895,809,891,832,871,791
Q,926,855,868,816,897,808,893,831,873,791
Q,926,855,867,815,897,808,892,830,872,792
Q,926,855,867,814,897,808,891,832,874,791
Q,924,857,869,814,894,808,892,830,869,793
Q,924,856,869,814,894,810,891,831,872,794
Q,928,854,865,815,897,808,890,832,873,793
Q,926,854,869,816,895,809,890,831,872,792
Q,927,852,869,815,896,809,891,830,872,792
Q,924,856,868,815,896,809,892,831,874,793
Q,925,854,869,814,894,809,892,829,871,792
Q,924,854,867,813,894,808,891,832,874,792
Q,924,854,868,814,895,809,891,832,872,792
Q,924,854,868,814,894,809,892,829,873,790
Q,924,853,868,815,894,808,891,831,873,792
Q,924,855,869,813,896,809,891,831,872,793
Q,925,857,870,814,893,809,892,831,871,792
Q,927,854,869,815,895,809,890,830,872,791
Q,927,854,869,815,895,808,892,831,872,792
Q,926,853,868,814,895,809,891,831,871,791
Q,926,855,868,815,896,808,890,830,873,791
Q,926,855,869,814,892,807,892,833,871,790
Q,926,854,868,814,896,810,891,831,872,791
Q,927,853,868,814,896,808,892,830,873,793
Q,926,855,869,814,896,809,892,830,871,791
Q,924,854,869,814,894,809,892,832,874,791
Q,925,854,869,814,895,808,892,831,871,791
Q,923,854,868,814,896,810,892,831,873,791
Q,926,854,869,814,895,809,892,830,870,791
Q,926,855,868,814,896,808,892,829,871,791
Q,924,853,869,814,896,809,891,832,872,793
Q,927,855,869,814,896,808,891,829,874,791
Q,925,853,867,815,896,809,892,831,873,793
Q,924,853,868,815,896,809,892,831,873,793
Q,925,855,869,814,895,808,891,831,874,792
Q,927,855,868,815,897,809,891,833,872,791
Q,925,854,869,815,896,809,892,830,872,792
Q,923,854,869,814,895,808,891,832,871,790
Q,927,853,868,814,896,809,892,832,873,792
Q,927,855,868,815,895,809,891,832,872,792
Q,926,854,869,814,895,809,891,830,873,790
Q,925,852,869,813,896,808,892,832,871,791
Q,926,854,869,814,895,809,891,831,872,791
Q,924,855,869,814,896,808,890,831,871,793
Q,927,853,869,813,896,809,891,831,871,791
Q,926,854,869,815,894,809,892,832,874,793
Q,924,854,869,815,895,809,890,830,873,790
Q,923,853,868,815,895,808,891,831,872,790
Q,924,853,868,814,894,807,892,833,873,793
Q,925,854,869,814,894,808,892,832,873,793
Q,923,853,868,815,896,809,892,832,873,792
Q,926,853,868,815,896,808,891,832,872,792
Q,922,855,869,813,894,808,892,832,871,792
Q,923,854,868,814,895,808,891,831,872,792
Q,927,854,868,814,895,808,891,830,873,790
Q,923,855,869,815,896,808,893,831,870,790
Q,927,854,869,814,894,809,891,832,873,793
Q,926,855,869,815,895,807,891,831,873,793
Q,923,854,869,815,894,809,892,832,871,792
Q,924,854,869,815,894,809,891,830,870,790
Q,922,852,869,815,896,810,891,831,872,793
Q,926,854,869,814,895,809,890,832,871,791
Q,925,854,869,815,894,807,892,829,873,791
Q,925,856,869,815,894,810,892,831,875,791
Q,926,855,869,815,893,809,891,832,873,792
Q,924,855,868,814,894,808,890,832,873,792
Q,926,852,868,815,894,809,892,832,872,791
Q,923,854,869,815,894,808,892,830,872,792
Q,923,855,869,814,895,810,892,829,870,791
Q,924,853,868,814,896,808,891,831,870,791
Q,926,853,869,815,896,810,891,830,874,793
Q,925,853,868,815,895,809,891,832,871,792
Q,926,853,869,814,895,810,891,829,871,793
Q,923,853,868,814,895,809,891,829,871,791
Q,923,855,868,814,893,809,892,832,871,791
Q,925,854,870,814,893,809,892,830,875,791
Q,923,852,867,813,895,809,892,831,872,792
Q,925,855,869,813,894,808,891,830,872,793
Q,924,854,869,814,895,809,891,832,873,791
Q,922,853,868,815,894,809,891,831,872,792
Q,923,853,870,814,894,808,891,830,873,792
Q,926,853,869,814,897,810,889,833,872,794
Q,925,853,868,815,894,809,891,831,872,793
Q,926,853,868,813,895,808,892,830,871,791
Q,919,852,868,815,895,810,891,832,872,793
Q,923,854,868,814,896,808,892,830,873,791
Q,927,854,870,814,893,808,892,830,872,792
Q,926,854,868,814,895,808,892,832,872,792
Q,927,853,869,814,895,809,892,832,872,792
Q,924,852,868,814,895,809,891,831,874,792
Q,925,851,868,813,893,808,892,831,872,793
Q,926,852,868,814,895,807,892,830,873,792
Q,926,854,869,814,896,809,891,830,874,792
Q,924,855,869,814,893,809,891,834,872,790
Q,924,853,868,814,894,808,895,830,874,792
Q,925,853,869,813,892,809,890,831,872,792
Q,927,851,869,814,897,808,890,831,871,791
Q,924,855,867,814,893,809,892,831,873,792
Q,922,851,867,813,895,809,892,832,872,792
Q,919,852,869,814,893,809,892,830,870,791
Q,924,856,870,815,895,807,893,829,874,792
Q,923,854,869,814,896,810,892,832,873,793
Q,924,854,869,813,893,809,891,831,873,793
Q,925,853,869,815,895,809,890,832,873,792
Q,926,854,868,814,894,810,890,830,871,792
Q,924,854,868,813,895,807,889,831,873,790
Q,924,854,869,812,894,809,891,831,874,793
Q,924,851,869,815,894,809,890,832,872,793
Q,926,853,869,813,893,810,892,831,872,792
Q,926,853,868,814,895,808,891,831,872,792
Q,924,854,869,813,893,809,891,830,871,793
Q,923,855,869,812,895,808,889,831,874,792
Q,922,852,868,813,895,808,891,831,873,792
Q,924,851,866,816,896,808,892,830,872,793
Q,924,853,869,814,896,808,891,831,874,793
Q,925,855,868,815,894,808,891,832,871,792
Q,924,854,869,814,895,809,891,832,870,791
Q,922,853,868,813,894,806,892,829,871,792
Q,925,853,868,814,894,809,890,830,874,792
Q,924,853,869,813,895,811,890,830,873,795
Q,925,854,868,815,895,809,892,830,873,793
Q,923,851,868,814,895,809,891,832,874,791
Q,926,853,868,814,895,809,891,832,873,791
Q,925,854,868,813,894,808,891,830,874,793
Q,923,853,868,815,894,808,891,830,873,791
Q,923,854,869,814,894,808,892,831,874,793
Q,924,855,868,814,893,809,892,830,873,792
Q,924,853,868,815,894,809,892,831,872,793
Q,923,853,868,814,894,808,892,830,872,792
Q,925,853,869,814,894,808,889,832,873,791
Q,923,849,870,814,895,807,891,831,874,792
Q,924,853,868,814,895,809,891,832,871,791
Q,922,853,868,814,898,810,892,832,873,792
Q,922,853,868,813,894,809,891,833,874,793
Q,924,854,869,815,895,811,890,831,870,790
Q,925,852,868,813,894,808,892,831,873,793
Q,924,854,867,814,894,809,891,832,871,790
Q,925,854,869,814,893,808,892,831,873,792
Q,922,854,869,815,895,808,890,832,874,792
Q,926,851,868,815,894,809,892,831,873,791
Q,924,853,868,813,895,806,890,831,875,794
Q,924,854,868,815,894,809,891,830,872,792
Q,924,855,869,813,894,809,891,832,875,792
Q,926,852,869,814,895,809,890,831,874,793
Q,923,855,868,814,894,809,891,831,872,792
Q,916,852,869,813,896,808,890,831,872,792
Q,922,855,868,814,895,809,891,830,871,793
Q,922,853,869,813,895,809,892,831,874,793
Q,925,854,870,815,894,809,890,829,871,794
Q,925,855,868,813,897,807,892,831,871,791
Q,924,854,869,814,895,809,892,830,874,792
Q,925,852,869,813,895,809,891,830,870,792
Q,924,852,868,814,896,808,892,832,875,792
Q,918,852,866,814,894,808,891,832,871,792
Q,924,854,869,814,896,808,890,832,872,793
Q,922,854,869,813,894,810,890,831,872,792
Q,923,851,868,813,894,810,891,831,874,791
Q,923,854,870,814,896,808,892,830,872,793
Q,925,853,869,814,894,808,890,831,871,792
Q,925,852,867,813,894,810,891,830,873,793
Q,924,853,868,815,897,809,892,832,874,793
Q,923,854,867,813,894,808,889,831,874,793
Q,927,855,868,814,893,808,891,830,871,791
Q,923,854,868,814,894,810,890,830,873,793
Q,926,853,869,814,896,809,891,832,874,789
Q,923,853,871,813,895,809,891,830,873,792
Q,926,854,868,813,893,808,892,832,872,792
Q,924,851,869,813,892,810,890,832,872,792
Q,925,854,869,814,893,809,891,830,871,793
Q,925,854,870,815,893,807,891,829,871,790
Q,925,853,869,815,894,808,890,830,873,792
Q,924,854,868,813,894,809,888,833,873,790
Q,923,852,869,815,896,809,890,831,872,792
Q,926,852,869,814,895,809,891,830,870,791
Q,922,855,868,813,894,808,890,831,870,791
Q,924,853,869,814,894,808,891,830,873,790
Q,923,853,869,814,893,809,892,830,872,791
Q,925,853,869,815,894,809,891,830,873,792
Q,924,852,869,814,894,810,890,830,871,791
Q,924,852,867,815,896,808,890,831,872,792
Q,924,854,869,814,895,808,891,830,873,790
Q,924,852,868,815,893,808,890,831,873,792
Q,924,854,869,814,894,808,891,831,871,792
Q,924,853,870,812,894,808,890,830,872,791
Q,924,853,869,814,894,809,891,831,874,793
Q,922,855,867,812,893,807,890,831,873,792
Q,925,853,868,814,894,807,890,832,874,792
Q,926,854,868,814,893,808,891,830,873,791
Q,923,852,869,813,895,807,890,830,873,791
Q,923,851,867,814,895,808,890,831,873,790
Q,923,853,869,814,892,810,891,831,873,793
Q,923,855,868,814,894,809,891,831,872,792
Q,923,853,868,814,895,809,890,830,872,791
Q,925,852,868,814,894,808,890,833,871,792
Q,926,854,869,815,893,808,892,832,874,791
Q,924,853,869,815,893,809,891,830,871,792
Q,924,852,869,814,893,808,890,832,871,791
Q,923,854,869,813,894,809,891,829,872,791
