V,930,875,797,753,807,783,886,816,887,796
V,931,874,795,754,813,784,886,817,890,798
V,929,875,797,754,818,786,885,816,888,798
V,929,876,796,754,814,787,885,814,887,797
V,927,871,795,754,835,788,884,814,888,796
V,928,873,795,753,832,790,885,814,886,795
V,927,878,796,755,810,791,884,814,888,796
V,926,877,796,753,817,793,884,814,888,798
V,928,879,795,755,827,792,882,814,887,797
V,926,875,796,755,832,795,881,814,889,799
V,928,875,795,755,829,797,881,813,889,798
V,927,874,795,755,825,797,879,813,890,799
V,924,874,796,753,816,798,879,815,888,800
V,931,872,795,757,819,804,881,824,886,806
V,933,868,796,755,818,804,878,824,888,808
V,932,868,795,756,817,805,876,824,887,808
V,935,871,795,756,817,803,877,825,888,809
V,934,870,795,757,814,803,882,826,889,808
V,936,869,795,756,814,802,886,825,891,806
V,937,865,796,758,817,800,888,824,889,807
V,939,866,796,757,819,800,889,823,890,804
V,938,867,796,756,819,798,889,825,888,803
V,936,866,796,758,813,798,890,824,888,803
V,940,868,795,756,810,798,893,826,887,804
V,937,870,797,755,816,796,895,828,890,804
V,935,869,796,758,823,797,894,825,890,803
V,937,867,797,755,821,796,893,826,889,802
V,938,866,795,757,824,796,894,827,890,802
V,935,866,796,758,830,795,896,826,886,802
V,939,866,797,756,829,796,893,829,887,802
V,936,870,796,756,824,794,897,825,887,804
V,939,868,796,755,825,793,896,825,887,801
V,937,867,797,756,828,793,896,826,887,802
V,939,868,796,755,822,793,895,826,889,801
V,936,870,797,756,825,792,895,828,886,800
V,937,867,798,755,825,793,895,826,886,801
V,936,869,797,758,817,792,895,825,886,801
V,938,870,797,756,819,793,896,825,886,802
V,938,870,797,755,826,792,895,826,886,801
V,937,869,797,755,820,792,896,824,889,801
V,936,869,797,755,814,792,894,825,887,800
V,937,867,797,755,812,792,895,824,889,799
V,936,868,795,757,808,793,893,824,885,801
V,933,866,795,755,809,793,894,823,885,800
V,935,868,795,756,808,793,893,824,888,802
V,937,869,797,756,808,791,892,824,888,801
V,937,868,797,754,808,794,893,822,884,798
V,937,867,797,756,808,793,893,823,886,800
V,938,869,798,757,809,792,894,823,885,800
V,938,867,797,757,811,792,892,822,885,799
V,934,868,797,756,813,793,892,822,885,800
V,935,868,797,756,812,793,893,823,886,800
V,936,866,798,755,809,792,893,823,888,799
V,938,868,797,756,811,793,893,823,886,800
V,938,868,797,756,810,793,894,822,884,800
V,938,870,797,758,812,790,893,820,886,801
V,936,868,798,756,812,793,894,822,885,799
V,933,869,797,758,809,792,895,820,886,799
V,936,867,795,755,811,793,894,825,886,798
V,938,868,796,756,809,792,893,821,884,800
V,933,868,797,758,809,792,894,822,885,801
V,932,870,797,757,807,793,894,822,887,800
V,934,869,799,757,807,793,895,822,887,800
V,933,868,796,756,806,792,895,824,887,801
V,935,870,798,756,802,792,895,822,887,799
V,937,870,798,756,801,793,893,823,885,799
V,935,868,799,756,801,792,894,822,885,799
V,933,870,798,757,800,793,895,824,887,801
V,935,870,799,758,800,792,893,823,883,799
V,933,868,798,756,798,793,894,824,885,801
V,935,866,799,756,801,793,895,822,886,799
V,936,868,798,757,803,793,893,822,884,799
V,931,866,799,757,805,793,893,822,885,799
V,930,867,798,756,803,791,894,823,887,797
V,934,868,797,756,804,792,893,822,886,798
V,936,870,798,757,803,792,894,823,886,799
V,935,868,798,756,802,793,894,821,885,796
V,935,867,798,756,805,792,893,823,885,800
V,933,867,798,756,806,792,894,823,885,799
V,933,868,799,757,804,792,892,824,887,800
V,936,869,799,757,809,793,893,824,882,797
V,932,871,799,756,808,792,893,821,884,798
V,934,867,799,757,808,793,894,822,886,797
V,933,869,800,757,803,792,893,823,884,799
V,932,868,800,757,803,793,893,823,877,799
V,937,871,800,757,804,792,894,822,886,798
V,934,866,798,756,806,792,893,823,886,798
V,933,868,800,757,804,792,892,824,885,799
V,933,867,799,758,804,793,892,823,884,798
V,934,869,799,757,804,793,894,823,884,798
V,935,870,800,758,798,793,893,826,885,799
V,933,870,799,757,799,792,894,821,883,798
V,933,864,800,757,799,793,894,823,885,800
V,933,869,799,757,798,792,892,821,885,800
V,934,870,800,757,799,792,892,822,883,799
V,933,868,800,759,797,793,893,824,882,798
V,935,868,800,757,798,791,894,823,888,800
V,933,869,799,757,798,793,893,822,885,798
V,935,871,800,757,798,792,892,821,884,799
V,934,867,799,757,799,791,892,823,885,798
V,933,869,800,759,799,790,892,821,885,800
V,935,867,800,757,798,792,892,825,883,799
V,935,868,799,756,795,792,892,822,884,799
V,932,869,800,758,799,792,892,824,882,798
V,939,874,799,757,797,792,890,821,884,799
V,933,870,799,757,797,793,893,822,882,799
V,932,869,799,757,797,792,892,821,883,799
V,934,869,800,758,797,793,892,821,885,796
V,933,870,800,757,798,793,891,821,885,800
V,932,869,799,757,798,793,892,822,884,799
V,934,869,800,757,797,793,892,822,882,798
V,932,870,800,758,798,793,893,823,884,799
V,933,869,799,759,796,793,892,822,883,799
V,932,870,800,757,799,791,893,820,882,799
V,930,868,800,758,798,793,892,822,884,797
V,932,868,800,759,797,792,892,823,883,799
V,932,870,800,757,797,793,892,821,885,799
V,932,870,800,757,798,793,892,822,883,798
V,931,869,799,757,797,792,889,822,884,797
V,933,870,800,755,797,793,892,821,886,797
V,932,870,799,758,798,793,892,821,887,800
V,931,868,800,757,798,792,891,821,886,797
V,931,868,799,757,795,792,890,822,882,799
V,932,869,801,757,797,793,892,823,883,798
V,932,869,800,757,797,791,891,823,883,798
V,933,869,801,759,798,793,890,820,885,798
V,941,870,801,758,798,791,892,823,882,798
V,934,868,801,757,799,792,889,821,885,798
V,937,868,800,756,797,793,892,821,884,799
V,934,868,801,757,797,793,892,823,886,797
V,933,870,799,758,796,792,892,820,885,799
V,935,870,801,758,797,792,891,820,881,799
V,933,870,802,756,797,790,890,821,885,798
V,932,869,800,758,798,793,893,820,887,799
V,931,868,800,758,797,792,891,820,882,797
V,933,869,800,758,798,793,891,823,881,798
V,932,867,800,758,798,792,891,822,884,799
V,934,869,801,758,798,792,891,822,883,798
V,935,870,801,758,798,793,892,820,880,799
V,931,871,801,757,798,792,891,821,884,799
V,933,868,800,758,796,792,892,821,885,797
V,933,872,800,759,799,792,890,823,883,798
V,932,868,801,757,797,793,890,820,885,798
V,933,869,800,758,798,793,892,824,884,799
V,933,870,801,758,796,791,891,821,881,797
V,933,866,800,758,798,792,889,820,885,797
V,934,870,801,758,798,792,892,820,884,797
V,934,868,800,758,796,792,891,820,882,797
V,936,870,800,759,798,793,890,820,884,796
V,933,870,799,759,797,793,890,820,882,797
V,933,871,800,758,797,791,892,822,884,795
V,932,868,800,757,798,792,890,822,883,796
V,934,868,800,759,798,793,891,819,884,797
V,932,867,800,758,798,794,889,818,882,797
V,933,868,801,758,799,792,890,821,882,797
V,932,870,802,759,801,792,892,823,884,799
V,934,869,800,758,800,793,890,821,883,797
V,933,869,802,758,800,793,891,821,881,796
V,931,868,802,758,799,792,890,821,884,796
V,934,869,801,758,798,793,890,823,884,797
V,934,869,800,758,797,791,890,822,886,797
V,932,871,802,759,799,791,890,820,885,798
V,932,870,801,760,797,792,891,820,882,799
V,934,871,802,758,798,793,890,820,881,796
V,931,871,802,757,798,792,890,820,883,796
V,933,871,801,759,799,793,890,820,883,797
V,937,871,800,759,797,794,890,819,882,797
V,933,871,801,758,797,792,889,822,881,797
V,934,869,802,758,797,791,889,821,883,797
V,935,870,801,758,799,791,888,820,885,798
V,934,869,804,756,798,793,888,822,883,797
V,934,868,802,759,798,792,889,820,884,796
V,934,871,801,758,799,792,889,821,883,798
V,935,868,801,758,799,793,889,821,884,797
V,935,869,802,759,798,793,889,819,882,796
V,932,871,802,759,799,791,890,819,887,799
V,932,870,802,759,799,791,889,821,884,798
V,931,869,802,758,798,792,889,821,884,799
V,934,872,802,759,799,792,890,819,883,796
V,933,868,801,759,799,793,889,819,882,797
V,934,871,800,757,797,792,891,822,885,796
V,932,869,802,759,798,792,890,821,881,797
V,930,868,802,760,799,792,888,821,884,796
V,934,869,802,757,798,791,889,821,886,797
V,933,870,801,759,797,793,889,822,885,798
V,933,871,803,759,798,793,889,820,884,797
V,932,865,799,759,797,792,887,820,883,798
V,931,869,801,759,798,792,889,820,884,794
V,928,869,803,761,798,793,887,819,881,798
V,933,870,804,759,798,791,888,820,881,795
V,928,868,801,759,798,791,888,821,882,795
V,931,868,802,759,798,791,888,821,881,795
V,930,870,802,760,799,792,889,821,883,796
V,931,869,801,758,800,792,890,820,884,795
V,930,864,801,759,798,792,889,822,883,797
V,932,869,803,761,798,791,888,821,882,797
V,929,870,803,760,798,791,888,820,882,796
V,927,867,802,758,799,792,887,821,882,796
V,932,868,802,762,800,792,889,821,885,797
V,932,871,802,763,799,792,888,819,885,797
V,933,875,803,761,799,794,888,821,884,795
V,934,872,804,762,800,792,888,821,885,795
V,933,867,803,762,800,791,889,822,883,797
V,934,870,802,761,799,791,888,820,883,797
V,932,868,803,762,800,793,889,819,880,798
V,929,870,804,761,800,790,888,820,882,796
V,931,867,804,762,800,793,888,820,880,795
V,932,869,804,762,803,793,887,819,887,796
V,929,871,802,762,800,792,887,821,883,797
V,932,870,804,761,800,791,887,820,881,796
V,931,867,803,763,800,792,887,820,883,796
V,929,869,802,762,801,792,888,820,881,795
V,930,869,803,763,802,792,888,819,881,797
V,929,868,804,762,801,792,888,821,880,797
V,931,869,803,763,799,791,886,818,882,794
V,931,868,804,762,800,792,888,820,883,798
V,930,867,804,761,800,793,889,820,884,795
V,930,870,805,765,801,792,888,819,881,795
V,930,868,804,763,801,793,888,821,882,795
V,931,868,803,761,799,791,888,822,881,796
V,928,867,803,761,800,792,887,819,881,797
V,929,868,803,762,801,792,889,820,884,795
V,934,869,804,763,801,792,888,819,883,795
V,931,869,803,765,800,793,888,819,882,796
V,932,868,804,763,799,791,887,820,880,796
V,932,869,804,763,801,791,888,822,881,796
V,933,870,804,761,797,792,885,820,884,795
V,933,870,804,762,799,792,887,819,884,795
V,932,870,804,763,800,791,887,820,882,796
V,932,868,804,763,799,791,887,822,884,796
V,930,868,804,762,801,792,887,821,883,796
V,933,870,804,762,799,792,887,820,879,795
V,933,870,803,763,800,791,887,820,881,797
V,926,869,804,762,800,792,888,820,883,795
V,931,871,803,763,801,792,887,820,885,796
V,931,869,804,762,800,793,887,819,881,797
V,928,870,805,762,799,791,888,822,883,795
V,929,868,805,762,800,791,889,819,884,795
V,933,870,804,762,800,792,887,820,878,796
V,932,870,804,762,800,791,887,819,882,795
V,932,870,806,762,800,791,888,821,884,795
V,933,868,805,762,801,792,887,821,883,796
V,929,867,806,763,800,790,888,821,883,796
V,930,868,805,763,802,792,887,818,881,796
V,931,867,805,760,801,792,887,821,883,794
V,926,866,804,764,802,791,886,821,879,797
V,927,867,806,763,803,792,885,821,884,795
V,932,870,806,763,802,793,885,818,883,795
V,930,869,806,763,800,791,885,820,885,796
V,929,868,806,762,800,791,886,820,882,796
V,929,868,807,762,798,792,885,819,883,794
V,929,866,807,763,800,791,885,817,883,795
V,928,868,807,763,801,793,885,818,883,796
V,927,868,805,764,801,791,884,818,884,795
V,930,869,806,762,800,792,884,820,880,796
V,931,868,807,761,802,791,884,818,884,796
V,925,868,806,761,802,792,885,818,880,794
V,929,867,806,762,801,792,884,819,883,796
V,929,866,807,762,802,793,884,820,880,794
V,929,871,806,762,801,791,884,820,882,796
V,928,864,806,764,802,792,884,819,882,796
V,929,868,806,762,800,791,884,818,882,796
V,929,870,807,762,801,791,883,821,882,795
V,934,868,808,763,798,792,884,819,884,796
V,930,869,806,762,800,792,883,819,882,795
V,932,865,804,764,799,792,885,821,884,796
V,932,869,807,763,800,792,885,821,883,796
V,928,866,809,762,797,788,885,818,885,795
V,930,870,808,763,799,792,884,819,881,796
V,933,869,807,763,799,791,884,819,883,795
V,931,868,806,762,799,792,884,821,883,794
V,927,871,807,764,799,792,885,819,883,795
V,932,868,808,762,798,792,884,819,883,795
V,928,864,806,764,799,791,885,819,883,796
V,931,867,807,762,799,792,885,820,880,796
V,929,866,807,762,799,792,884,819,884,794
V,933,869,806,763,798,792,885,819,881,795
V,929,866,807,762,797,792,883,820,882,796
V,932,865,807,762,798,792,884,819,883,795
V,932,868,807,762,797,792,886,820,883,796
V,930,867,806,764,797,791,884,820,883,796
V,928,866,806,764,798,792,885,820,881,795
V,928,866,807,763,798,792,885,818,881,795
V,933,868,806,763,797,791,884,821,882,795
V,931,866,807,762,798,792,885,818,882,794
V,928,866,806,763,799,792,885,820,883,794
V,930,869,807,763,797,792,884,820,882,795
V,931,867,807,762,798,792,885,819,883,794
V,929,866,806,763,799,791,886,819,882,796
V,930,867,807,762,799,792,885,818,882,794
V,932,867,807,763,798,792,885,818,881,797
V,932,867,807,762,799,792,885,818,885,794
V,928,868,808,763,798,792,885,817,883,795
V,930,868,808,764,798,791,885,819,883,796
V,934,867,808,762,799,793,885,817,885,795
V,929,868,808,764,798,793,886,818,885,793
V,931,866,809,762,800,791,887,816,886,794
V,932,866,807,763,799,793,884,818,883,795
V,929,866,808,762,798,793,885,819,881,793
V,929,867,809,763,798,793,884,819,883,796
V,926,864,807,762,799,792,886,818,885,795
V,933,865,807,763,800,793,884,818,883,795
V,930,868,809,763,800,792,886,819,882,794
V,931,868,808,764,800,794,884,818,882,795
V,933,867,808,763,799,793,885,819,884,795
V,929,867,808,762,798,792,885,819,884,794
V,929,868,809,763,799,792,885,817,882,797
V,930,865,808,761,798,792,883,817,885,796
V,931,866,807,763,799,792,884,818,882,796
V,929,866,809,763,798,791,883,819,882,795
V,933,868,809,762,798,792,885,817,883,794
V,932,866,808,763,798,793,884,819,881,795
V,928,868,808,764,798,793,885,817,882,795
V,932,867,808,763,798,792,885,820,884,796
V,931,867,809,763,798,792,885,817,881,796
V,930,865,807,764,798,793,883,818,883,795
V,930,866,809,764,798,792,885,820,885,794
V,932,866,808,764,798,791,885,821,886,795
V,929,868,807,766,799,791,886,818,884,794
V,931,866,807,765,798,793,885,818,884,794
V,932,866,808,767,797,792,886,820,885,794
V,930,868,808,767,796,792,885,819,884,794
V,933,867,808,768,798,792,885,818,882,796
V,930,867,808,767,797,792,885,818,882,795
V,932,869,806,766,797,792,885,819,885,794
V,931,867,807,768,797,791,884,818,884,793
V,929,868,808,767,798,792,884,817,884,795
V,930,865,808,769,800,791,886,818,882,796
V,929,866,808,766,798,792,885,819,883,793
V,929,866,806,766,798,793,884,818,882,796
V,929,867,808,767,797,792,886,820,881,796
V,933,867,808,767,797,791,884,817,882,795
V,933,868,808,768,798,790,884,818,882,794
V,932,866,807,767,796,791,887,816,881,795
V,933,866,807,767,798,791,885,817,883,795
V,930,868,808,767,797,791,885,817,882,791
V,931,866,808,767,798,791,886,818,882,796
V,930,868,807,766,799,791,883,818,884,794
V,930,869,809,767,798,791,885,818,882,796
V,929,866,808,764,797,793,886,817,881,794
V,932,866,807,765,798,791,885,819,883,794
V,931,869,807,766,798,791,884,819,882,794
V,933,866,808,765,799,792,886,818,883,793
V,929,869,805,764,797,792,885,819,882,796
V,930,868,807,765,797,793,886,819,883,794
V,930,868,807,765,796,792,885,820,879,794
V,926,871,805,764,799,791,886,819,884,796
V,927,866,805,765,797,790,884,819,884,793
V,927,867,807,763,796,792,886,818,884,796
V,930,867,806,761,797,794,886,820,881,794
V,931,866,806,764,797,791,885,819,885,796
V,933,867,805,764,798,792,885,818,884,795
V,929,867,806,763,797,791,887,819,881,794
V,931,864,805,764,797,791,884,819,880,794
V,932,867,806,764,798,792,884,819,884,795
V,933,868,804,763,800,789,885,819,882,794
V,932,868,805,762,798,792,885,818,883,793
V,929,867,805,763,796,791,884,818,883,796
V,933,868,806,764,798,792,886,818,885,794
V,931,867,806,763,796,792,886,817,881,794
V,929,865,805,763,797,792,884,818,882,796
V,930,866,806,763,798,792,885,819,884,795
V,929,868,806,763,799,791,884,820,883,794
V,932,868,806,762,798,791,885,820,881,795
V,932,867,805,763,798,792,885,818,883,795
V,932,867,806,763,798,791,886,817,883,794
V,931,869,805,762,796,791,885,818,882,794
V,929,867,805,763,797,792,884,818,882,795
V,928,869,806,763,799,791,884,818,885,793
V,931,866,805,763,797,791,885,817,880,796
V,926,868,806,763,798,791,885,818,883,794
V,929,867,806,762,797,791,885,819,885,794
V,932,867,806,763,798,791,885,820,881,795
V,932,868,806,762,797,792,884,819,883,793
V,932,869,805,764,797,792,885,817,885,794
V,929,868,806,762,797,792,886,817,882,793
V,929,868,804,762,797,793,885,816,883,795
V,931,867,805,764,798,791,883,817,884,795
V,931,868,806,762,798,791,886,818,882,795
V,932,867,805,763,798,791,884,820,882,796
V,933,867,806,763,797,792,885,817,882,792
V,933,866,806,763,797,792,885,819,884,794
V,928,864,805,763,798,792,886,817,881,795
V,933,868,805,763,796,792,885,820,885,795
V,930,868,805,762,797,792,885,819,883,793
V,932,869,805,764,797,792,884,818,883,794
V,929,867,806,762,798,792,885,819,885,795
V,931,866,805,763,798,792,886,818,883,794
V,929,866,806,762,798,792,885,819,883,793
V,930,866,806,762,797,792,885,817,883,793
V,931,868,806,764,797,792,885,818,883,794
V,931,866,805,762,798,791,885,815,882,793
V,931,867,806,763,799,791,886,816,883,796
V,927,865,806,763,797,791,886,819,882,793
V,928,866,806,762,798,791,885,819,885,795
V,933,869,805,763,799,791,885,818,882,795
V,930,868,806,763,798,792,884,817,881,794
V,934,870,806,764,797,791,885,816,884,794
V,931,871,806,764,795,792,887,819,884,794
V,933,866,806,762,797,791,885,817,883,794
V,932,868,805,763,797,791,885,817,885,795
V,931,868,805,762,796,792,884,817,883,796
V,930,866,807,761,797,793,887,818,882,795
V,930,867,806,763,796,793,885,817,884,795
V,931,866,806,763,797,792,885,819,883,794
V,932,868,804,763,798,792,884,818,883,793
V,930,867,804,763,797,791,885,819,881,795
V,929,868,805,763,798,791,884,819,883,794
V,930,867,806,762,796,792,884,818,882,794
V,931,867,805,763,797,792,884,818,883,794
V,930,869,805,762,796,791,884,819,883,794
V,931,868,805,763,798,792,886,817,881,794
V,930,867,806,763,797,791,885,818,882,796
V,929,869,806,762,797,792,885,819,882,794
V,930,866,805,763,796,791,884,819,881,795
V,931,866,806,762,798,792,884,817,884,795
V,931,867,806,763,800,790,884,819,879,797
V,931,868,806,763,797,791,885,819,882,795
V,927,868,807,763,798,792,885,817,883,793
V,931,868,807,763,797,792,884,818,881,794
V,929,867,806,763,798,792,886,817,880,794
V,932,865,807,763,798,792,885,818,882,794
V,928,867,807,765,796,792,885,817,883,793
V,929,866,805,764,798,792,885,818,882,795
V,928,867,807,763,796,792,886,818,883,795
V,929,868,806,763,798,792,885,819,882,795
V,932,869,805,763,797,792,883,816,882,794
V,929,868,805,764,795,791,886,818,882,794
V,928,867,805,763,799,792,884,819,885,792
V,929,866,807,763,798,791,885,817,884,794
V,928,867,805,763,798,792,884,819,885,794
V,928,870,806,762,797,792,885,818,883,795
V,930,867,805,762,797,793,885,819,884,793
V,931,868,806,762,798,791,885,819,882,794
V,932,867,806,763,797,792,884,816,883,793
V,928,867,805,763,797,792,884,817,880,793
V,931,869,805,765,798,790,885,817,884,795
V,930,867,807,764,797,790,885,819,884,795
V,929,868,807,764,798,791,886,817,881,794
V,930,867,806,762,797,792,884,819,884,795
V,931,867,806,762,798,791,885,818,881,794
V,933,867,806,763,798,792,885,819,884,795
V,931,866,807,763,798,791,884,818,882,795
V,938,867,805,763,797,792,884,819,882,793
V,928,868,805,762,798,791,885,817,882,794
V,932,867,806,762,799,791,885,818,883,795
V,929,870,806,762,799,792,885,818,884,794
V,931,868,806,766,798,791,887,816,883,795
V,929,867,805,763,797,792,884,818,883,794
V,932,865,805,762,798,792,884,818,884,793
V,928,866,807,764,797,791,885,816,884,794
V,928,867,806,762,797,792,885,818,881,791
V,927,868,806,763,796,791,884,820,882,795
V,931,866,806,763,798,792,885,818,880,794
V,930,866,806,764,797,791,884,819,881,793
V,928,867,806,763,798,792,885,819,883,793
V,935,864,806,764,797,791,884,817,882,793
V,928,867,805,764,797,790,884,819,885,795
V,930,867,806,763,798,792,884,818,885,793
V,928,867,807,764,798,793,884,817,884,794
V,931,869,806,765,799,792,882,818,883,794
V,930,868,805,763,798,792,883,817,884,793
V,927,868,807,763,798,793,885,820,883,795
V,925,870,806,762,799,791,885,817,881,793
V,931,867,806,764,797,792,885,818,882,794
V,929,867,805,763,799,792,884,820,882,793
V,929,866,807,763,798,791,887,820,881,795
V,932,868,807,762,798,792,885,816,882,794
V,929,866,805,763,798,792,885,818,885,791
V,928,868,807,763,798,793,883,817,883,794
V,929,866,805,763,799,792,884,817,880,793
V,932,866,806,763,797,792,885,819,883,794
V,930,868,806,764,797,792,885,818,882,793
V,931,866,806,763,797,793,885,816,886,795
V,930,868,806,763,797,792,884,817,884,794
V,930,867,806,763,798,792,885,817,882,794
V,929,867,806,763,798,792,882,818,884,794
V,930,868,806,764,798,792,885,819,880,793
V,928,866,806,762,797,792,885,817,884,794
V,929,866,805,763,798,792,884,818,883,793
V,929,867,806,762,798,792,886,816,880,791
V,930,866,805,762,798,792,884,819,883,794
V,932,867,805,762,797,791,884,819,881,793
V,932,867,804,762,798,792,885,817,883,795
V,929,869,806,762,798,792,885,817,883,794
V,930,865,807,763,798,792,884,817,883,794
V,929,867,805,763,797,792,885,817,882,794
V,929,868,804,762,797,792,884,816,885,794
V,930,867,806,762,797,791,884,819,884,793
V,930,868,806,762,798,792,885,818,881,791
V,930,871,806,764,798,794,883,818,883,795
V,931,868,805,762,797,791,885,817,882,794
V,928,866,806,762,798,792,885,818,881,792
V,929,867,805,763,799,791,885,818,883,795
V,931,868,806,763,797,791,883,821,883,794
V,927,867,806,763,799,792,885,817,883,794
V,930,867,806,764,798,792,885,819,881,794
V,929,868,807,763,797,791,885,817,883,794
V,929,867,804,762,798,790,884,816,884,793
V,929,869,805,763,797,792,885,818,883,794
V,930,866,805,762,798,791,884,817,885,792
V,930,867,805,764,797,792,885,817,883,795
V,929,868,805,762,798,792,883,817,881,795
V,928,868,806,763,798,792,885,821,880,795
V,928,866,807,763,797,792,883,820,884,793
V,929,866,806,763,798,791,884,817,882,794
V,931,867,806,763,798,792,885,818,884,794
V,929,867,805,762,798,791,884,817,884,793
V,929,866,807,762,798,792,884,818,883,794
V,927,869,806,762,799,791,884,817,882,794
V,928,866,807,761,798,792,884,819,882,793
V,932,865,806,762,797,792,885,818,882,793
V,931,867,806,764,796,792,884,817,882,794
V,932,868,807,762,799,792,885,816,878,794
V,930,868,806,762,798,792,883,819,880,793
V,931,866,805,763,798,791,884,819,883,794
V,927,865,805,763,799,792,884,818,882,794
V,928,868,806,763,799,791,884,818,883,792
V,932,866,806,764,797,791,884,817,882,793
V,931,868,805,762,798,792,884,819,883,793
V,930,866,806,763,798,791,886,818,883,793
V,934,869,806,764,797,792,884,818,883,792
V,928,867,806,763,797,791,884,816,879,792
V,930,867,806,764,797,792,885,818,882,794
V,928,866,806,763,798,791,885,817,882,793
V,929,868,806,763,798,792,883,820,883,793
V,931,868,807,764,798,791,884,817,883,794
V,933,861,807,763,799,792,884,817,883,793
V,927,866,805,762,798,792,884,817,882,793
V,931,868,807,762,797,791,885,816,883,794
V,931,868,805,763,799,791,884,818,880,794
V,931,868,806,763,799,793,884,819,884,792
V,930,868,807,763,797,791,885,816,882,793
V,930,867,805,763,799,790,883,819,881,791
V,931,870,805,764,799,792,885,816,880,792
V,929,867,806,764,798,792,883,818,881,793
V,931,867,806,762,798,791,884,818,882,793
V,929,868,806,761,799,792,884,819,884,794
V,928,866,806,762,798,792,885,816,883,794
V,928,866,806,764,798,791,884,820,886,792
V,931,868,806,763,798,791,885,818,884,793
V,929,867,807,762,799,791,884,816,885,793
V,929,868,805,762,798,792,885,817,884,795
V,930,868,806,764,797,792,884,818,881,794
V,928,870,806,764,800,792,885,817,883,794
V,933,868,807,761,798,791,883,819,884,794
V,931,867,805,761,798,791,884,817,884,795
V,927,869,807,762,799,792,885,817,881,794
V,930,868,806,763,798,792,884,818,882,793
V,930,867,807,762,797,793,886,818,884,794
V,930,866,806,763,798,792,884,817,882,795
V,932,865,806,764,799,791,885,817,885,793
V,929,867,806,764,798,790,884,816,881,792
V,931,866,806,764,797,791,884,817,880,793
V,925,863,808,763,799,792,884,817,882,794
V,929,867,806,763,799,792,885,819,882,794
V,930,866,808,764,799,791,884,818,883,794
V,927,866,806,764,798,791,884,818,885,792
V,930,868,806,763,798,793,884,816,884,793
V,933,866,806,762,798,791,884,816,883,794
V,930,867,807,764,797,791,883,817,882,792
V,927,867,806,762,797,793,885,818,883,793
V,930,866,806,762,798,794,884,819,880,790
V,926,865,806,763,797,792,884,818,884,794
V,930,868,806,763,798,792,884,818,884,793
V,929,867,807,762,798,791,884,816,885,793
V,927,867,807,763,798,792,884,817,881,794
V,928,867,805,763,799,792,884,818,883,793
V,928,866,807,762,799,792,885,818,885,794
V,929,868,806,764,799,792,884,818,880,794
V,929,866,807,763,798,792,883,816,883,794
V,928,867,806,764,800,792,883,816,883,793
V,931,869,806,762,798,793,885,818,884,795
V,930,866,806,763,797,791,884,816,884,792
V,927,863,805,764,798,792,883,818,883,793
V,929,867,807,763,799,791,883,817,882,793
V,926,867,807,763,798,792,885,818,885,791
V,930,868,807,764,798,792,884,817,882,792
V,930,867,805,763,801,792,883,818,881,793
V,930,868,807,763,798,792,882,818,884,794
V,930,866,805,766,800,792,883,819,884,793
V,928,868,806,762,799,793,884,818,883,794
V,928,869,806,763,798,791,883,817,880,794
V,924,867,806,763,799,791,884,818,883,793
V,928,869,807,764,799,792,885,818,884,793
V,929,867,806,763,798,792,883,817,882,794
V,928,867,806,764,799,792,884,818,881,792
V,929,872,807,765,800,794,885,818,884,792
V,929,865,806,764,800,791,884,816,882,792
V,933,866,807,762,802,793,883,816,884,792
V,931,867,807,762,798,791,884,818,883,793
V,929,867,806,764,799,791,883,817,883,793
V,929,867,807,763,799,792,884,817,882,793
V,930,869,807,763,799,791,883,817,882,794
V,928,869,806,763,799,792,885,818,882,793
V,928,865,807,764,799,791,884,818,884,792
V,929,866,807,763,799,793,885,818,883,793
V,925,864,806,764,799,792,883,817,884,793
V,929,866,805,764,802,791,883,816,882,793
V,928,867,806,762,800,792,884,817,881,792
V,928,866,807,763,801,791,884,818,881,791
V,930,866,807,763,800,791,883,816,883,792
V,928,866,807,761,801,793,883,816,884,794
V,930,866,806,763,802,792,884,816,881,792
V,930,866,807,762,801,792,883,817,881,792
V,928,867,806,764,802,792,884,819,883,792
V,931,868,807,764,803,791,883,816,881,793
V,929,867,807,763,802,792,884,816,880,792
V,929,871,807,764,801,792,882,818,880,793
V,926,868,805,763,803,793,883,818,883,792
V,931,867,808,762,799,792,883,817,883,794
V,930,865,807,763,798,792,883,815,882,792
V,930,868,806,764,797,791,883,817,879,791
V,931,868,807,762,799,793,883,818,882,793
V,930,866,807,763,799,793,883,817,881,793
V,928,868,807,764,799,792,884,818,881,792
V,930,868,806,763,797,792,884,818,881,792
V,928,866,806,763,798,792,884,818,881,793
V,928,866,806,763,797,792,884,820,885,791
V,929,867,807,763,798,792,883,817,882,793
V,926,867,806,765,798,792,885,816,882,794
V,932,867,806,762,798,792,884,817,883,792
V,929,867,807,762,798,791,884,816,882,789
V,930,868,807,763,797,793,884,817,883,792
V,931,867,806,762,800,792,883,818,884,793
V,927,866,807,765,797,793,888,816,878,793
V,926,870,808,763,798,790,883,816,884,791
V,930,868,806,764,799,791,883,818,883,794
V,929,868,806,763,799,791,884,818,884,792
V,929,868,807,762,797,792,884,817,884,794
V,928,867,806,764,798,793,884,818,883,794
V,928,869,806,763,799,792,884,818,884,791
V,927,865,806,763,798,791,884,819,880,794
V,928,866,807,764,798,792,883,819,885,792
V,930,866,807,763,799,792,883,817,880,793
V,922,864,806,765,798,791,884,818,884,791
V,929,866,807,762,799,793,884,818,882,794
V,928,867,808,765,799,791,884,819,881,794
V,929,867,807,764,799,791,884,816,881,792
V,930,865,806,764,798,790,885,816,885,791
V,928,865,808,763,798,791,884,817,884,792
V,930,868,807,763,797,792,883,818,881,792
V,929,865,806,763,797,791,883,815,879,791
V,930,867,809,762,799,793,883,817,883,792
V,927,867,806,763,799,792,883,818,884,793
V,932,865,807,763,799,792,883,816,880,792
V,927,867,807,763,798,792,883,817,881,793
V,932,864,806,765,797,791,884,818,882,793
V,930,868,807,763,799,792,883,818,881,790
V,930,865,806,763,799,791,883,819,880,792
V,934,866,807,763,798,791,883,817,882,793
V,929,866,806,763,799,791,884,818,881,794
V,928,867,808,764,799,793,883,816,881,794
V,931,869,807,763,798,792,882,817,881,792
V,930,866,807,763,797,792,883,817,881,793
V,930,867,807,763,797,790,884,814,882,791
V,929,866,807,763,799,791,883,817,882,793
V,926,868,808,763,799,791,884,818,882,792
V,929,865,807,764,798,792,883,818,882,792
V,929,866,807,763,797,792,883,819,881,792
V,929,867,807,764,797,792,884,818,881,793
V,927,868,807,762,798,792,883,817,883,793
V,929,868,807,763,799,792,881,817,884,794
V,930,866,807,763,798,793,884,817,882,793
V,930,867,807,764,797,791,884,816,881,792
V,931,868,808,762,798,792,884,818,884,791
V,932,865,807,763,798,790,884,819,882,792
V,927,869,807,764,799,790,883,819,883,791
V,927,868,808,763,798,792,884,818,882,794
V,928,867,807,763,798,792,884,817,883,793
V,930,866,807,763,798,791,883,815,885,791
V,928,868,807,763,799,793,883,817,881,792
V,932,866,806,762,797,791,883,816,882,793
V,928,867,807,763,798,790,883,814,879,793
V,929,867,807,763,798,791,884,819,884,792
V,929,866,806,763,799,790,883,816,884,793
V,928,867,806,764,799,792,884,815,884,793
V,929,868,808,762,798,792,884,817,883,792
V,929,868,806,763,799,791,882,816,883,791
V,928,864,806,764,797,792,883,816,881,792
V,930,867,806,762,797,792,884,817,884,792
V,926,866,807,764,798,791,884,818,883,793
V,930,866,806,763,796,791,884,816,883,791
V,926,868,808,762,798,792,885,817,884,791
V,928,864,808,765,798,791,885,818,883,792
V,928,865,807,762,798,791,884,817,880,792
V,928,866,806,763,797,791,884,818,884,791
V,928,866,806,763,797,791,884,819,880,791
V,927,866,807,763,800,792,884,817,882,791
V,930,867,807,763,797,790,884,819,883,792
V,930,868,807,762,798,792,885,818,885,792
V,930,867,807,764,798,792,884,816,882,792
V,933,864,807,763,798,791,884,818,879,792
V,927,866,806,762,798,792,885,819,882,792
V,929,868,806,764,798,791,885,816,884,792
V,929,867,807,764,798,791,884,818,881,792
V,928,867,807,763,798,792,885,820,885,792
V,935,863,808,763,797,792,883,816,881,793
V,930,868,807,764,797,792,884,818,883,792
V,927,867,808,763,798,790,884,818,884,794
V,930,867,806,764,797,792,884,819,881,793
V,928,866,808,763,798,791,885,818,881,793
V,931,867,806,763,797,790,884,819,883,793
V,930,866,805,764,798,791,884,819,882,793
V,932,869,807,763,799,792,884,818,880,794
V,928,867,808,762,799,790,885,816,882,792
V,929,868,807,764,797,792,885,818,883,791
V,927,868,806,763,798,792,884,817,883,791
V,930,867,807,762,798,791,884,817,883,793
V,928,865,807,762,799,793,884,817,881,792
V,929,868,807,764,798,792,884,818,884,793
V,929,866,807,763,798,791,886,817,879,792
V,931,867,807,764,798,791,884,816,881,792
V,931,868,806,763,798,790,885,819,885,792
V,928,868,807,765,799,792,885,818,881,791
V,929,869,807,763,798,792,884,818,884,793
V,930,867,806,763,800,791,885,819,884,793
V,929,866,806,763,798,790,885,817,880,792
V,929,868,807,762,799,791,882,815,881,794
V,928,866,808,764,797,792,884,819,883,793
V,931,868,807,763,798,792,885,818,886,795
V,929,867,806,763,797,792,885,817,883,793
V,930,867,805,765,797,791,884,817,880,791
V,928,869,807,763,796,791,883,818,883,793
V,929,867,808,764,797,791,885,817,885,794
V,928,867,806,763,797,791,885,819,884,792
V,929,866,807,763,797,791,884,818,881,792
V,926,866,806,762,799,792,885,817,881,792
V,929,868,807,763,798,789,884,817,884,794
V,929,868,807,763,798,791,886,818,882,793
V,924,864,806,762,797,792,884,817,880,793
V,927,866,806,764,798,791,885,817,883,792
V,930,867,807,764,799,791,884,816,882,791
V,930,866,806,763,797,792,885,817,884,792
V,927,867,808,763,798,788,884,818,884,793
V,930,867,807,764,796,790,884,817,883,792
V,929,868,807,764,798,792,883,818,881,792
V,928,869,808,763,798,791,884,818,880,794
V,930,867,806,762,798,791,884,817,881,792
V,930,867,806,764,797,791,884,818,883,792
V,931,869,806,763,797,791,885,819,883,792
V,930,868,808,763,798,791,884,816,881,791
V,927,867,807,763,797,792,885,819,881,792
V,928,867,807,763,798,793,885,820,879,794
V,925,867,806,762,797,790,884,817,884,793
V,928,868,807,763,798,791,884,818,881,793
V,926,868,807,763,797,792,886,818,882,792
V,929,868,806,762,796,793,884,818,883,793
V,930,866,807,764,799,791,884,817,883,792
V,928,866,807,762,799,792,884,818,880,793
V,929,867,807,763,797,791,884,816,884,793
V,926,867,807,764,797,791,884,819,880,792
V,928,867,807,764,798,791,885,816,883,792
V,927,869,806,764,797,791,884,817,880,790
V,927,867,806,763,798,790,886,819,886,790
V,929,866,807,764,799,790,884,818,883,792
V,932,869,807,764,800,791,885,818,882,791
V,927,866,806,762,798,791,884,817,884,792
V,930,865,809,762,798,791,883,817,881,793
V,931,867,807,764,797,792,884,818,884,792
V,930,868,807,762,799,791,885,817,880,791
V,927,865,809,765,800,792,884,817,883,793
V,930,868,808,764,798,790,883,817,884,792
V,928,866,807,762,797,791,883,817,881,793
V,927,866,807,763,796,791,884,817,882,794
V,929,867,807,763,797,791,883,816,880,792
V,929,865,806,764,798,791,884,818,880,790
V,929,868,808,764,799,792,884,816,880,791
V,929,866,808,764,799,792,884,817,883,794
V,930,866,808,764,798,791,883,818,880,791
V,930,865,805,763,799,791,884,816,881,791
V,930,868,807,762,798,791,883,819,882,791
V,929,868,808,764,798,791,885,818,882,793
V,928,868,808,763,799,791,883,818,883,792
V,928,865,807,763,799,792,884,817,883,792
V,929,868,806,763,798,792,884,816,884,792
V,929,865,807,763,798,791,884,817,880,792
V,928,866,807,764,798,792,883,816,883,792
V,929,868,807,764,798,792,883,817,883,792
V,930,868,806,764,799,793,884,816,882,793
V,929,866,807,764,798,792,883,817,881,793
V,925,869,807,763,798,792,884,818,881,790
V,929,866,807,763,799,791,883,817,882,793
V,928,866,807,761,796,790,884,818,881,791
V,928,867,807,764,799,790,884,816,882,791
V,931,866,808,764,797,791,884,816,880,791
V,927,865,807,763,798,791,883,815,881,792
V,929,867,808,764,797,792,884,816,882,791
V,929,868,808,763,799,792,883,817,881,792
V,929,867,807,763,798,792,883,817,882,791
V,931,867,807,763,798,791,883,818,882,791
V,929,868,807,764,799,791,885,817,881,792
V,930,868,808,763,797,792,884,818,881,792
V,927,865,807,764,798,791,883,815,883,793
V,928,866,807,763,798,791,884,818,882,793
V,927,866,808,763,799,791,884,817,881,789
V,930,870,808,765,798,792,884,815,881,793
V,927,867,807,763,797,791,883,818,882,792
V,930,868,808,763,798,792,884,817,882,792
V,930,868,807,763,798,792,883,818,882,791
V,928,867,808,764,797,790,884,816,881,793
V,931,865,807,764,798,790,883,819,882,792
V,927,867,807,764,798,792,884,816,883,792
V,930,866,808,764,799,793,885,819,881,792
V,931,866,807,763,799,792,883,817,884,792
V,930,866,808,762,797,792,883,816,883,793
V,927,871,807,765,798,792,884,816,880,792
V,930,865,807,763,797,792,883,817,882,791
V,929,866,807,764,799,792,882,816,881,792
V,923,870,806,763,797,792,884,818,880,793
V,930,866,807,763,798,792,884,815,882,789
V,932,866,807,762,796,792,884,817,881,791
V,929,866,805,763,797,791,884,816,880,792
V,930,866,808,764,799,792,883,816,881,791
V,930,866,807,763,799,792,884,817,884,792
V,931,868,807,763,798,792,884,816,881,790
V,928,866,807,762,797,792,884,816,882,792
V,928,866,807,764,799,791,883,818,881,792
V,928,866,807,763,799,792,884,818,885,792
V,928,863,805,763,798,792,883,817,880,792
V,931,867,807,763,797,791,883,817,884,790
V,930,867,807,763,798,791,884,816,882,792
V,931,866,807,763,797,791,884,816,884,792
V,928,866,807,764,798,791,883,817,883,793
V,928,865,806,763,797,791,884,818,883,792
V,930,866,807,765,799,791,884,815,881,791
V,929,866,807,762,799,792,883,816,880,791
V,923,866,806,765,800,790,883,816,883,791
V,930,867,808,763,798,791,883,815,882,790
V,929,868,807,765,799,792,884,816,880,792
V,929,868,808,764,799,791,884,816,883,791
V,933,864,808,764,798,791,883,816,881,793
V,932,866,807,764,799,792,882,816,880,791
V,929,865,808,763,799,792,883,816,883,791
V,932,870,809,762,797,792,883,817,882,790
V,929,872,808,764,797,789,883,816,881,791
V,928,866,807,763,797,791,883,818,881,793
V,930,867,807,764,798,792,883,816,882,791
V,930,868,807,764,798,792,884,817,880,791
V,928,868,807,763,799,792,883,818,881,792
V,929,866,807,762,798,792,883,816,882,790
V,930,865,807,763,798,790,884,817,881,790
V,930,867,806,763,798,792,884,817,883,791
V,930,867,808,764,798,791,883,816,879,792
V,930,867,807,763,798,791,883,816,883,792
V,931,866,807,763,799,792,883,817,882,792
V,930,868,807,764,798,792,883,816,882,790
V,928,866,807,764,799,791,881,817,879,792
V,930,867,808,764,798,791,883,819,879,793
V,930,866,807,763,798,790,883,818,883,793
V,926,869,806,762,798,791,883,817,882,792
V,929,867,807,765,800,792,884,815,883,792
V,930,866,807,764,798,791,884,819,881,791
V,929,866,808,764,799,790,885,817,884,791
V,930,866,807,762,799,792,883,816,881,791
V,927,867,808,763,798,792,884,817,880,792
V,929,865,807,764,798,792,884,815,880,793
V,929,865,808,764,797,791,883,819,882,793
V,931,868,808,763,799,791,883,816,880,791
V,930,866,806,763,797,791,884,818,880,793
V,930,867,807,764,798,792,883,818,883,792
V,927,867,807,764,798,791,884,816,879,792
V,930,867,807,763,798,792,882,818,882,793
V,927,866,808,764,798,791,884,818,883,793
V,929,869,808,764,799,791,883,818,881,792
V,931,867,808,764,799,792,884,816,881,792
V,928,869,807,763,800,791,883,816,882,793
V,927,866,808,763,797,792,884,816,880,791
V,928,867,809,762,798,791,883,815,882,791
V,929,866,807,764,799,790,885,817,882,791
V,931,868,807,764,798,792,883,816,879,794
V,931,868,807,764,798,791,884,818,881,790
V,927,864,806,762,798,791,882,816,880,793
V,930,867,808,763,798,792,882,818,882,791
V,930,869,807,764,797,792,884,816,880,792
V,928,869,807,763,798,791,883,818,882,792
V,929,868,808,763,799,790,884,818,883,792
V,931,867,807,762,797,791,883,816,880,792
V,929,867,807,764,798,792,883,817,879,791
V,927,867,807,762,797,790,883,817,882,791
V,928,865,808,762,798,790,883,817,880,793
V,927,866,807,763,798,791,884,819,884,791
V,932,867,807,764,799,792,884,818,881,793
V,928,869,808,763,798,791,884,817,882,792
V,930,866,807,764,798,790,883,818,883,792
V,927,868,808,761,798,792,884,817,881,792
V,930,867,808,763,799,792,882,816,880,792
V,928,868,807,763,799,792,883,818,881,792
V,931,865,807,763,799,791,883,818,882,792
V,929,867,806,765,798,790,885,818,883,790
V,931,865,806,763,798,791,884,817,880,792
V,931,865,807,764,799,791,883,817,882,793
V,929,868,808,763,799,792,883,818,882,793
V,930,868,807,764,798,791,883,817,881,793
V,928,866,806,763,799,792,886,818,880,792
V,929,867,807,762,799,791,883,816,882,792
V,929,866,808,764,799,791,884,816,880,791
V,926,868,807,764,799,791,884,817,881,791
V,931,867,808,763,799,791,885,819,880,790
V,927,865,807,764,799,790,886,817,880,792
V,931,868,807,763,799,792,884,818,881,792
V,930,866,807,762,798,792,886,818,880,793
V,932,867,808,763,798,791,886,817,882,793
V,929,868,807,763,799,791,883,815,882,792
V,926,868,807,764,799,791,885,817,881,792
V,930,868,808,763,799,791,885,815,883,791
V,928,866,807,763,798,791,885,816,880,791
V,927,866,807,763,798,790,885,816,882,792
V,927,865,807,763,799,792,885,815,883,793
V,930,868,808,763,799,791,884,817,882,791
V,932,866,808,763,797,791,885,817,882,792
V,929,866,807,764,799,792,884,817,879,790
V,930,865,807,762,798,790,885,818,884,795
V,924,867,808,763,799,792,884,817,880,791
V,928,866,808,763,798,792,885,817,883,792
V,929,866,808,762,800,790,884,817,880,791
V,929,867,807,764,799,791,885,816,883,792
V,930,865,807,764,799,791,884,816,881,791
V,930,866,807,763,798,789,886,819,882,792
V,929,867,808,764,799,791,884,820,883,793
V,927,868,807,763,800,792,884,820,882,791
V,931,867,807,762,800,791,884,818,883,793
V,927,866,807,763,801,792,886,817,883,792
V,929,866,808,764,801,790,885,815,880,793
V,929,868,807,763,803,791,884,818,880,793
V,928,866,807,763,802,792,885,818,882,791
V,933,865,808,763,801,790,885,817,881,792
V,930,868,808,764,801,791,885,816,881,792
V,926,867,807,764,800,791,886,816,882,793
V,928,868,808,763,800,791,885,818,883,793
V,929,868,808,763,801,791,884,818,883,792
V,928,865,808,763,799,791,885,817,879,792
V,926,866,808,764,799,790,885,817,883,792
V,929,866,808,765,800,791,886,816,884,792
V,928,868,807,763,799,791,886,818,880,791
V,929,866,807,763,801,791,886,819,880,789
V,931,867,808,762,800,791,885,818,882,793
V,933,868,805,764,801,791,886,817,881,792
V,930,868,807,764,800,792,885,817,883,789
V,928,866,809,762,799,790,885,817,882,792
V,931,865,809,763,801,790,884,817,884,791
V,928,867,807,763,800,791,884,817,879,793
V,930,869,808,764,801,790,883,816,881,793
V,930,867,808,763,799,791,885,819,882,792
V,931,867,808,765,800,792,883,817,882,792
V,927,867,807,763,800,791,884,817,883,790
V,927,868,808,764,800,790,884,816,883,793
V,931,868,808,764,799,790,885,818,883,790
V,930,867,807,764,799,790,884,818,881,791
V,927,868,807,764,801,791,885,817,880,792
V,931,867,808,764,799,790,884,818,881,791
V,929,868,806,764,800,792,885,818,881,791
V,929,867,808,763,800,791,886,817,880,793
V,927,869,807,764,802,791,884,818,880,790
V,930,868,808,764,801,791,884,818,882,792
V,927,868,808,762,799,792,882,815,883,791
V,930,868,808,763,801,790,886,820,885,794
V,929,870,807,764,801,791,884,817,883,793
V,927,865,807,764,801,791,884,816,881,794
V,928,870,807,762,800,792,884,817,881,791
V,930,868,808,762,800,790,885,817,881,791
V,931,866,806,763,799,791,884,819,880,793
V,931,867,807,763,801,792,884,818,880,791
V,929,868,807,764,801,791,885,816,883,792
V,930,867,807,764,800,791,884,816,882,792
V,928,866,807,763,800,791,883,818,881,791
V,928,867,808,763,798,791,884,814,883,793
V,929,867,806,763,800,791,884,816,881,792
V,925,868,807,764,800,791,884,816,879,792
V,927,865,808,764,800,791,885,817,879,793
V,929,867,808,762,799,791,885,817,880,791
V,929,867,808,763,800,790,885,817,881,791
V,930,867,807,764,799,791,885,815,880,792
V,930,867,809,763,799,791,885,817,882,791
V,928,866,808,763,801,790,884,817,882,793
V,927,867,808,763,800,791,885,818,882,791
V,927,865,807,763,801,792,884,817,882,793
V,930,862,807,764,799,791,885,817,881,791
V,930,864,808,763,800,790,884,816,883,792
V,930,867,807,764,800,791,884,817,881,792
V,930,866,808,764,799,790,883,817,880,791
V,929,866,808,763,801,791,884,816,883,790
V,932,864,808,763,798,791,885,818,880,790
V,930,869,808,764,801,791,885,817,880,791
V,928,866,808,764,800,791,884,818,881,791
V,928,865,808,764,801,791,885,817,883,792
V,928,868,808,763,801,791,884,817,879,791
V,925,870,808,764,799,790,884,817,880,793
V,926,866,807,763,799,789,886,817,882,792
V,928,867,807,763,800,790,885,816,881,793
V,930,866,808,764,801,790,885,817,883,791
V,929,866,808,764,801,791,885,817,880,792
V,930,868,808,764,800,790,885,817,882,792
V,930,868,808,764,800,791,885,820,877,791
V,927,868,807,764,800,791,885,816,879,790
V,930,864,810,761,800,792,884,816,880,791
V,929,867,808,763,798,792,883,817,882,792
V,929,869,809,763,801,792,885,817,880,792
V,931,866,807,764,799,790,884,818,879,792
V,929,866,807,763,801,790,884,818,881,792
