H,923,875,821,779,820,790,895,832,902,810
H,925,876,822,779,821,791,895,831,902,811
H,923,876,822,781,821,793,894,832,900,811
H,925,875,821,779,821,792,894,831,899,803
H,920,874,822,780,819,793,893,828,899,805
H,922,875,821,780,818,793,894,830,898,810
H,923,877,823,779,822,792,894,832,902,814
H,926,876,822,779,822,793,895,826,902,813
H,925,875,822,780,823,792,895,829,900,811
H,922,877,822,779,823,793,894,831,899,813
H,926,875,822,779,824,792,894,832,899,812
H,926,877,821,782,822,791,894,828,901,809
H,920,875,824,774,823,791,894,829,899,812
H,926,875,820,783,819,795,891,832,900,809
H,927,874,823,782,820,792,893,830,900,812
H,921,877,820,779,819,794,895,830,900,812
H,923,873,822,781,816,791,892,828,901,810
H,924,876,822,781,817,792,894,830,900,814
H,923,874,821,782,817,794,893,828,901,807
H,924,875,821,779,819,793,895,826,901,813
H,919,876,822,780,820,791,893,828,898,813
H,924,877,823,779,818,792,894,829,897,812
H,921,873,823,780,819,790,895,826,902,813
H,922,875,821,781,818,792,893,827,899,811
H,920,878,823,779,819,792,892,825,899,813
H,921,873,821,780,819,793,893,827,897,812
H,924,874,822,780,819,793,894,829,900,810
H,929,877,821,779,820,792,894,827,897,811
H,924,875,822,782,818,793,893,829,896,810
H,919,875,823,780,820,790,894,826,897,809
H,924,875,822,782,817,792,894,829,896,812
H,919,875,823,778,819,791,891,828,896,813
H,922,878,823,781,820,792,895,831,898,808
H,924,878,824,781,821,791,895,826,897,805
H,922,878,822,778,820,792,895,827,901,812
H,924,874,821,780,822,792,893,834,897,812
H,923,874,823,781,820,792,894,829,899,809
H,926,874,826,783,826,791,897,827,899,811
H,925,877,821,782,823,792,892,827,899,811
H,928,879,821,778,821,790,895,826,899,807
H,925,875,822,780,821,791,892,826,900,808
H,923,876,823,779,821,791,895,829,901,811
H,921,875,823,779,820,792,892,831,901,812
H,922,874,823,779,822,792,893,830,900,810
H,922,874,824,780,821,791,895,830,898,807
H,924,876,824,781,822,792,893,826,897,811
H,921,873,823,779,822,791,893,826,897,811
H,926,873,824,781,822,793,892,828,898,811
H,922,874,822,781,820,792,894,830,897,813
H,924,875,823,781,822,793,894,827,899,810
H,925,875,821,779,823,794,894,829,900,806
H,921,873,822,784,823,793,895,830,896,812
H,923,877,823,781,822,792,893,824,903,801
H,919,877,823,780,820,792,891,831,896,809
H,923,876,823,781,821,792,895,827,899,810
H,918,876,823,779,820,793,892,824,894,810
H,922,877,821,780,823,792,895,831,898,807
H,923,876,823,781,822,792,894,824,896,807
H,923,876,823,782,821,792,894,825,900,812
H,920,878,821,782,822,790,893,828,897,810
H,925,873,821,781,823,793,892,830,896,808
H,920,875,822,782,823,791,894,829,900,809
H,924,874,825,779,823,791,893,828,896,811
H,921,872,824,781,819,791,893,826,896,807
H,921,874,824,776,820,791,892,828,900,807
H,925,876,823,784,823,788,892,826,899,808
H,920,876,823,778,822,790,894,830,897,806
H,919,876,823,780,824,792,893,829,898,813
H,925,875,823,779,821,792,894,828,895,810
H,926,874,824,779,822,792,894,826,899,808
H,920,878,822,779,823,793,893,825,896,807
H,924,873,823,778,819,791,892,831,900,808
H,921,875,824,781,820,791,892,828,899,811
H,924,872,823,780,820,792,892,825,897,810
H,921,877,824,780,820,793,894,829,901,807
H,921,873,822,781,820,792,891,829,898,808
H,926,878,823,780,817,792,891,824,897,812
H,926,877,824,781,821,789,888,836,900,807
H,925,877,821,780,820,794,895,830,896,810
H,924,874,823,779,817,791,893,824,895,806
H,923,876,823,780,820,790,895,831,899,810
H,929,872,825,780,816,791,891,828,900,808
H,921,875,820,779,821,793,895,826,898,813
H,922,876,823,781,822,791,892,830,898,812
H,927,876,823,781,822,791,893,828,888,808
H,927,874,823,782,822,791,893,828,896,807
H,924,875,822,781,820,790,893,826,897,807
H,923,874,824,782,823,792,893,828,898,809
H,925,877,823,782,822,791,894,827,896,811
H,923,872,821,780,821,790,893,826,897,811
H,924,874,824,778,823,792,893,829,895,811
H,924,876,824,779,821,792,893,828,899,805
H,923,874,824,779,819,790,892,825,898,804
H,924,874,822,779,820,791,892,827,897,808
H,925,874,821,779,820,791,893,829,894,811
H,923,873,823,780,821,791,893,827,899,808
H,923,874,823,781,820,792,893,826,898,808
H,925,874,823,782,823,791,893,824,894,810
H,920,874,822,781,820,792,893,827,900,806
H,926,877,822,780,819,792,893,823,896,816
H,928,878,822,782,820,793,894,825,895,808
H,922,875,820,782,821,787,895,829,899,811
H,924,874,823,779,820,790,893,830,897,810
H,926,875,822,779,819,792,891,827,899,809
H,927,876,822,779,820,790,891,824,898,807
H,926,878,822,781,822,789,894,828,898,811
H,925,876,824,779,820,790,893,827,894,809
H,915,873,820,784,816,791,892,824,899,806
H,928,876,822,780,821,793,893,825,895,808
H,925,876,821,779,820,791,894,830,894,812
H,927,875,823,779,822,791,893,818,900,811
H,933,873,821,780,822,792,894,829,895,806
H,923,877,822,781,821,792,893,828,898,808
H,926,875,823,781,819,792,893,826,900,806
H,921,876,823,780,820,793,894,828,895,813
H,927,875,822,781,820,792,892,827,896,806
H,927,877,822,780,817,792,892,828,896,806
H,927,877,822,780,818,789,893,827,896,812
H,921,875,821,781,820,791,892,825,898,810
H,926,875,820,782,820,790,892,826,893,808
H,924,874,824,780,822,792,893,827,899,811
H,922,874,820,779,817,792,895,828,896,809
H,926,879,823,780,820,792,895,825,896,810
H,929,875,822,783,820,791,892,828,898,811
H,926,877,823,781,820,795,890,831,900,815
H,926,878,823,781,822,791,891,828,893,805
H,928,873,823,783,820,791,893,827,896,807
H,922,878,825,782,823,792,891,827,895,809
H,919,878,821,783,822,793,891,820,898,809
H,919,874,821,780,822,792,891,829,896,812
H,923,876,822,780,821,792,892,825,895,805
H,922,874,822,780,821,792,893,826,898,810
H,920,876,822,784,824,794,896,818,891,806
H,920,876,823,780,822,792,894,823,895,805
H,917,874,821,782,823,790,894,824,898,806
H,920,876,824,781,821,794,892,827,898,804
H,921,875,823,782,822,790,894,828,897,808
H,922,874,824,779,821,793,891,828,896,812
H,916,877,824,782,821,792,891,823,895,807
H,917,880,824,780,820,791,894,825,895,808
H,926,874,823,783,818,792,892,827,896,808
H,924,877,823,784,819,793,892,828,899,812
H,925,874,824,784,820,792,893,826,898,810
H,925,875,823,784,816,789,893,823,892,817
H,922,875,824,782,820,790,892,826,895,812
H,924,874,824,785,817,792,892,825,897,810
H,923,874,823,782,817,789,891,826,897,809
H,919,876,825,785,818,793,895,829,898,813
H,920,878,821,784,819,791,894,824,895,813
H,916,877,823,784,820,792,893,827,900,808
H,913,877,824,785,817,791,891,825,895,810
H,921,874,824,785,818,792,894,822,896,810
H,920,878,824,786,819,793,894,825,895,812
H,916,874,826,785,817,791,892,826,894,812
H,921,874,826,783,818,793,892,827,897,811
H,919,874,826,787,819,793,892,823,894,810
H,914,874,826,785,817,790,892,827,895,810
H,920,875,826,786,818,791,895,826,896,811
H,916,875,826,786,817,791,891,827,898,808
H,920,875,825,786,816,792,894,822,894,814
H,915,875,825,787,817,792,893,824,898,807
H,916,872,826,784,816,793,898,829,897,810
H,917,877,827,787,818,792,895,824,897,809
H,916,873,827,787,820,792,894,825,892,813
H,917,878,826,790,819,793,895,828,893,811
H,915,877,828,786,819,792,892,824,896,813
H,921,875,829,785,816,791,895,822,897,810
H,914,878,827,789,817,792,892,826,894,814
H,915,878,829,788,817,793,893,821,897,811
H,915,873,827,785,817,792,893,824,894,813
H,917,875,825,787,819,790,895,827,894,815
H,918,874,827,786,817,792,893,824,896,818
H,920,876,827,787,816,792,893,828,897,817
H,918,875,828,786,819,790,894,825,896,815
H,924,874,826,787,817,793,892,823,896,815
H,922,876,826,787,817,793,894,823,891,812
H,922,878,828,786,819,791,895,827,896,811
H,930,873,827,785,818,792,893,824,893,813
H,929,877,827,787,822,792,892,824,894,810
H,926,875,827,787,818,792,896,826,896,818
H,922,877,825,783,818,793,894,823,892,817
H,928,876,826,786,817,792,894,825,894,815
H,928,874,826,785,819,792,895,825,892,811
H,925,874,825,785,818,791,895,827,895,813
H,922,877,827,784,816,791,891,827,900,818
H,925,877,826,784,818,793,894,825,894,816
H,924,876,826,785,819,793,893,824,897,819
H,927,874,827,784,819,793,893,823,890,812
H,920,874,828,786,819,791,894,824,894,814
H,922,873,822,782,821,792,893,827,890,810
H,921,877,827,783,820,793,895,823,893,815
H,924,877,825,784,819,792,891,826,894,812
H,920,874,827,782,817,794,892,827,894,809
H,926,874,828,787,818,794,893,827,893,813
H,928,878,826,786,817,792,896,827,893,810
H,926,873,826,786,816,794,895,827,896,812
H,929,875,827,784,820,794,895,827,889,815
H,927,876,826,786,818,792,895,827,892,809
H,927,877,826,784,819,792,893,829,893,815
H,926,875,825,784,820,793,895,824,894,812
H,929,874,828,785,820,793,896,823,894,813
H,925,875,824,781,819,792,893,828,891,815
H,928,874,827,783,819,792,894,826,893,816
H,922,874,827,785,816,794,895,827,891,811
H,925,874,828,782,820,792,894,824,894,815
H,924,877,828,782,820,794,893,825,890,813
H,921,874,826,785,818,791,894,825,890,812
H,926,875,826,783,821,792,896,824,892,815
H,927,874,826,784,821,794,894,827,890,813
H,928,878,821,781,819,791,892,825,894,812
H,928,874,827,783,820,795,896,827,892,820
H,929,874,826,784,818,793,895,824,888,814
H,930,875,827,784,818,792,895,827,897,813
H,925,875,827,783,821,792,893,821,893,809
H,932,874,821,783,817,790,891,829,895,814
H,923,876,827,783,821,794,894,826,893,814
H,923,876,826,785,819,792,894,826,885,815
H,921,876,826,785,819,792,895,826,894,818
H,922,878,825,785,820,792,896,822,888,817
H,927,874,826,781,819,794,894,823,895,812
H,923,873,825,784,820,791,896,822,889,810
H,923,875,827,785,821,793,896,823,890,813
H,924,876,825,783,817,790,898,824,889,815
H,928,873,826,786,819,791,895,825,890,812
H,928,875,825,788,819,794,894,825,892,816
H,927,879,826,786,817,793,896,828,893,815
H,923,877,826,785,821,793,894,825,892,812
H,931,878,825,784,823,792,896,825,894,813
H,923,874,824,780,815,792,898,828,888,811
H,928,878,826,786,821,794,896,824,893,814
H,924,876,827,785,820,793,893,825,892,812
H,927,875,827,786,819,791,892,828,894,818
H,920,875,827,785,817,794,896,823,893,815
H,926,874,826,786,820,793,894,824,892,811
H,924,876,826,786,821,793,893,824,891,816
H,924,873,827,784,822,793,896,825,890,810
H,926,873,826,784,822,792,896,824,892,815
H,925,877,826,786,822,791,894,824,891,815
H,928,874,826,780,827,790,893,827,892,814
H,931,874,827,782,826,792,894,825,889,817
H,923,873,825,783,822,793,895,825,890,812
H,924,875,828,782,819,793,896,827,892,816
H,926,877,825,784,821,793,894,831,897,805
H,928,876,825,784,823,792,893,829,889,811
H,924,878,827,785,822,792,895,828,889,816
H,935,877,824,785,818,793,895,827,892,815
H,926,874,827,784,819,793,895,824,890,812
H,925,877,823,784,821,792,895,828,894,812
H,927,875,826,785,820,793,895,823,894,813
H,928,874,825,781,820,793,894,825,889,816
H,928,875,823,787,820,793,895,822,891,813
H,927,874,825,786,820,793,894,827,892,815
H,928,878,827,787,818,795,895,824,890,816
H,928,877,826,783,820,791,894,824,890,814
H,918,872,823,783,820,793,894,827,890,814
H,923,876,825,782,817,790,892,826,890,815
H,925,875,826,784,819,794,895,823,890,817
H,919,875,825,786,818,794,894,827,891,811
H,925,875,826,785,820,791,895,825,891,812
H,926,873,827,782,823,794,894,829,892,816
H,925,877,824,786,818,793,895,824,892,810
H,928,875,823,785,820,793,894,829,890,814
H,927,875,826,786,820,794,895,827,892,812
H,923,877,826,786,822,792,896,827,891,816
H,923,878,826,785,821,791,893,828,889,811
H,928,875,825,784,819,791,894,822,890,816
H,933,878,821,783,821,793,893,827,887,818
H,924,875,826,786,822,793,893,824,892,821
H,925,878,827,784,822,793,893,824,892,816
H,926,878,825,786,821,793,894,827,895,811
H,924,878,826,783,822,791,897,823,892,822
H,926,875,824,785,821,793,893,828,887,813
H,925,876,824,785,819,792,895,828,889,812
H,926,875,826,785,821,794,893,823,889,814
H,925,874,825,784,821,793,896,824,888,813
H,923,878,825,788,821,795,894,824,890,815
H,926,873,824,786,820,793,895,828,892,815
H,927,875,825,786,821,793,895,827,892,813
H,924,874,828,783,822,792,893,827,887,815
H,927,875,827,785,820,790,896,828,890,812
H,924,878,824,784,821,791,893,826,889,814
H,931,877,827,785,822,791,894,826,891,816
H,929,875,826,784,821,794,894,824,888,818
H,928,877,825,784,821,795,897,822,888,817
H,929,877,824,784,821,792,894,823,890,815
H,927,876,827,786,820,793,895,825,891,815
H,929,876,824,787,819,793,893,823,889,822
H,924,877,825,786,822,792,896,824,890,819
H,925,875,827,784,822,794,894,827,889,817
H,924,876,827,786,822,793,894,826,891,815
H,924,877,825,786,820,792,896,824,892,816
H,929,876,825,787,820,794,895,827,892,812
H,926,874,826,784,821,793,895,827,889,816
H,928,875,825,785,821,794,894,824,890,814
H,928,876,826,785,817,795,897,825,891,815
H,925,875,827,786,820,792,895,827,889,812
H,926,876,826,784,819,794,894,827,892,812
H,929,877,824,787,820,794,895,824,889,815
H,923,876,826,785,822,794,896,823,890,808
H,930,873,827,784,821,793,895,824,890,815
H,928,874,827,786,820,794,895,822,888,818
H,930,877,828,786,821,792,894,823,890,811
H,932,877,826,784,820,794,896,825,891,817
H,923,878,823,781,818,795,893,825,892,818
H,931,877,826,787,822,794,896,825,890,816
H,928,876,825,786,821,794,894,824,887,817
H,930,876,825,786,821,794,895,825,891,815
H,923,876,825,784,821,791,893,822,893,813
H,931,877,825,785,820,792,894,826,889,814
H,924,877,826,784,820,791,895,822,888,814
H,926,878,826,785,819,794,895,827,892,816
H,927,876,825,785,820,794,893,825,892,815
H,924,874,826,786,821,794,896,825,892,810
H,929,876,826,787,820,793,894,823,892,810
H,927,876,827,784,821,793,896,823,890,807
H,924,874,824,784,820,794,897,827,891,809
H,926,873,825,784,820,794,896,823,893,813
H,926,877,827,786,819,794,896,823,890,813
H,933,879,827,783,821,793,894,826,890,815
H,925,872,826,784,822,792,894,827,890,814
H,931,874,827,785,821,795,893,831,888,813
H,931,872,825,783,820,794,895,824,891,813
H,931,878,824,787,821,792,897,828,887,810
H,929,875,826,784,820,793,896,826,890,810
H,928,877,827,786,822,793,894,825,887,812
H,929,874,826,786,820,794,897,824,887,814
H,932,878,824,784,820,793,896,827,891,812
H,930,875,825,785,821,793,893,826,888,813
H,930,876,825,784,821,793,896,825,885,811
H,929,874,828,786,817,792,896,825,890,811
H,928,877,825,784,819,791,897,824,888,810
H,930,876,827,784,823,793,896,825,888,815
H,927,876,825,786,823,794,894,824,891,812
H,933,876,827,787,823,793,897,823,888,812
H,925,876,827,784,821,791,896,824,888,808
H,928,876,825,786,822,793,893,827,890,812
H,928,876,826,785,821,795,896,826,888,811
H,925,874,826,787,821,792,893,826,888,815
H,929,875,827,784,820,794,895,825,890,808
H,925,873,823,786,822,794,895,828,891,809
H,928,876,826,784,821,791,895,827,888,815
H,927,875,826,783,822,794,894,826,885,809
H,925,876,826,786,822,793,896,827,890,810
H,932,878,824,782,820,792,897,823,890,807
H,926,876,825,785,826,794,895,825,892,815
H,923,874,824,785,822,793,895,828,890,811
H,927,877,826,784,821,794,895,824,886,807
H,929,876,821,788,826,790,894,823,887,813
H,930,878,826,784,821,792,893,825,893,807
H,929,876,826,784,821,794,896,825,889,814
H,929,874,826,784,821,793,894,826,889,811
H,925,878,826,782,821,794,896,821,885,815
H,930,875,826,786,823,794,896,824,888,813
H,924,871,826,783,819,793,896,826,889,812
H,925,876,826,787,820,793,896,827,887,812
H,926,875,823,787,825,793,895,825,886,809
H,924,874,825,787,821,795,897,824,887,811
H,929,877,827,786,823,793,897,828,887,811
H,929,875,825,784,821,792,895,822,886,810
H,931,875,827,786,824,793,895,821,885,810
H,925,875,826,786,822,792,896,826,888,813
H,927,877,824,784,822,794,896,826,886,810
H,929,876,824,787,822,793,893,823,889,811
H,923,874,825,787,821,793,894,824,885,812
H,924,875,826,785,823,793,896,824,887,807
H,925,876,828,781,822,795,895,828,886,809
H,928,877,826,785,824,792,895,828,887,811
H,930,879,827,786,824,792,893,828,886,808
H,925,876,828,786,824,794,895,825,890,809
H,927,875,826,784,823,791,895,824,888,813
H,924,877,826,785,819,793,897,824,888,804
H,931,873,827,786,821,795,894,828,889,808
H,930,876,824,785,823,794,894,829,892,813
H,930,874,826,783,822,795,894,826,888,810
H,928,875,826,785,822,794,897,823,891,813
H,926,878,823,784,822,793,894,825,886,810
H,930,876,826,785,821,793,897,826,887,810
H,931,874,825,783,818,793,897,828,886,808
H,925,871,825,784,822,794,895,825,890,812
H,930,874,826,784,820,794,895,824,886,809
H,927,875,827,785,822,793,896,828,885,809
H,929,875,827,785,824,794,895,828,886,808
H,928,877,826,784,821,792,896,821,887,809
H,928,878,826,785,821,793,896,823,886,813
H,930,875,826,784,821,793,896,823,884,807
H,932,874,827,784,822,794,895,826,889,807
H,932,877,826,783,821,793,894,824,888,812
H,925,877,824,785,821,794,895,821,886,810
H,929,876,826,783,822,793,895,824,885,806
H,930,873,826,784,822,793,895,823,887,808
H,928,875,827,785,820,793,894,826,888,807
H,929,877,827,784,818,793,898,823,889,806
H,927,876,826,784,822,794,895,823,885,813
H,928,875,826,786,822,791,895,825,888,810
H,925,875,827,784,822,792,893,823,889,807
H,930,874,824,783,820,792,895,823,889,811
H,931,874,827,781,823,794,894,828,890,811
H,919,874,828,784,822,793,896,827,885,811
H,926,878,826,785,821,793,895,826,887,809
H,927,878,826,782,818,793,894,820,890,812
H,923,875,825,787,819,794,895,823,888,811
H,926,876,827,785,821,790,899,827,885,809
H,922,874,822,781,820,793,897,825,887,810
H,923,877,826,787,817,795,897,821,887,812
H,925,877,826,786,820,794,894,823,884,813
H,928,875,825,785,821,793,894,824,889,813
H,925,875,826,783,821,792,896,827,888,811
H,927,876,826,783,821,792,896,826,886,808
H,928,876,824,787,820,793,895,822,888,808
H,924,874,825,785,821,793,895,822,889,812
H,930,878,827,786,818,794,896,823,887,811
H,926,874,825,788,820,792,894,827,887,813
H,925,877,825,786,822,794,894,825,887,813
H,925,877,824,784,822,795,896,827,886,811
H,927,874,828,785,821,794,896,827,887,810
H,925,876,826,787,821,794,895,825,887,814
H,923,876,825,788,819,794,893,823,888,810
H,926,878,825,784,820,793,894,825,889,813
H,925,874,826,783,819,792,895,825,888,808
H,924,876,827,784,822,794,894,824,887,810
H,925,876,826,786,822,794,895,817,888,806
H,924,876,826,787,821,794,895,825,888,810
H,926,873,826,785,821,792,895,821,889,807
H,927,874,827,788,821,794,895,827,885,807
H,927,876,826,789,820,793,895,822,882,808
H,928,873,827,788,821,794,896,826,888,807
H,922,874,826,788,819,793,895,824,887,804
H,925,877,827,786,821,793,893,822,885,811
H,928,872,827,787,820,794,895,823,888,811
H,928,877,827,788,820,795,895,824,886,808
H,930,876,826,790,823,792,896,824,886,810
H,926,877,826,790,823,793,896,827,886,808
H,925,875,828,789,821,793,896,826,886,810
H,929,879,826,787,822,796,894,829,891,814
H,925,874,828,789,821,794,894,827,892,808
H,925,869,827,786,820,795,895,827,889,808
H,926,874,829,790,820,794,895,826,887,814
H,925,875,827,791,821,795,897,825,882,803
H,928,876,828,789,819,794,896,823,884,813
H,925,877,826,788,822,795,896,825,885,813
H,921,874,828,788,821,795,895,826,885,812
H,926,875,827,787,820,795,894,824,885,809
H,926,875,829,786,823,792,894,822,889,811
H,930,875,826,786,818,793,892,823,885,808
H,928,878,827,790,825,793,893,825,887,810
H,928,877,827,788,821,794,896,825,884,811
H,926,875,827,788,820,794,894,826,887,808
H,927,877,826,784,822,796,896,825,888,814
H,922,876,827,788,820,794,897,825,888,816
H,930,876,826,787,822,793,894,828,886,815
H,926,876,826,786,821,794,895,827,886,816
H,924,877,826,786,821,795,896,824,889,812
H,932,875,825,788,821,794,895,828,887,807
H,924,877,826,789,824,795,895,828,889,814
H,928,877,824,785,823,792,894,827,886,807
H,924,876,826,786,822,794,896,826,886,815
H,930,878,824,787,824,793,894,824,890,815
H,927,876,825,786,827,796,895,816,888,806
H,927,870,824,785,823,795,892,823,886,811
H,928,876,824,786,821,794,897,822,885,808
H,928,879,825,788,821,795,894,824,889,812
H,925,877,825,786,822,795,896,824,884,812
H,928,878,824,786,823,792,894,829,887,815
H,927,875,825,787,821,795,895,827,888,814
H,928,877,826,786,822,794,896,828,886,815
H,929,878,827,789,825,796,895,824,885,809
H,930,873,825,786,828,794,898,828,888,813
H,926,877,826,787,824,794,894,825,885,813
H,928,875,827,787,823,795,896,827,886,814
H,925,878,824,789,824,793,896,825,887,811
H,920,877,827,790,823,794,895,824,886,813
H,929,874,827,792,823,792,896,824,884,810
H,922,875,829,794,824,791,894,826,883,811
H,925,878,828,792,825,794,893,823,883,809
H,927,875,828,793,826,795,897,824,885,813
H,927,876,828,792,824,793,893,823,886,809
H,928,872,828,794,824,796,894,825,886,814
H,929,874,830,794,825,793,896,827,886,809
H,925,877,830,793,824,794,896,822,883,810
H,923,878,830,793,825,794,896,827,886,812
H,927,875,832,794,821,795,894,827,885,811
H,929,876,833,796,824,793,898,827,884,812
H,924,876,833,793,821,795,894,828,888,809
H,917,878,835,794,820,793,893,824,884,808
H,924,879,832,793,823,795,896,823,884,811
H,926,878,833,790,825,796,897,828,887,810
H,926,877,831,791,820,793,893,828,889,805
H,929,875,831,793,823,796,896,825,883,811
H,925,877,831,792,821,793,894,820,886,811
H,930,874,831,792,817,789,892,826,884,812
H,926,877,831,793,823,793,896,826,885,812
H,928,875,832,794,819,794,894,825,886,807
H,924,875,832,794,823,795,895,826,885,812
H,923,877,831,792,821,794,894,826,885,814
H,928,878,830,792,823,794,894,824,884,812
H,926,877,832,792,820,795,895,823,883,810
H,923,878,831,790,824,794,894,827,887,808
H,927,878,829,794,824,793,895,828,884,810
H,925,879,829,790,821,792,893,826,883,813
H,922,880,830,792,823,793,894,826,885,810
H,929,877,831,794,823,794,894,827,884,811
H,921,877,834,791,825,795,895,825,882,807
H,925,876,830,790,820,796,895,827,885,810
H,925,878,826,792,821,797,896,821,887,812
H,928,875,829,792,822,797,895,824,888,818
H,922,877,829,791,823,792,896,829,885,807
H,920,873,830,792,819,794,894,825,884,811
H,926,875,830,791,821,795,894,825,887,812
H,929,878,832,793,821,795,894,829,885,813
H,929,878,830,794,822,793,894,826,887,811
H,916,874,827,792,823,793,896,825,884,807
H,926,877,829,792,822,795,894,824,886,806
H,930,876,829,791,823,794,893,827,885,813
H,921,876,831,791,822,795,894,827,888,810
H,926,879,828,793,821,794,896,827,885,813
H,929,876,829,793,822,795,896,827,884,810
H,928,878,827,794,820,794,897,826,882,806
H,925,877,828,793,823,793,893,824,889,812
H,926,875,830,793,820,794,896,828,887,812
H,921,875,825,791,822,792,896,824,883,808
H,925,876,828,793,822,793,895,827,888,807
H,924,877,827,793,822,795,896,826,884,809
H,926,875,828,794,822,795,896,826,887,806
H,927,875,828,792,821,793,893,822,886,809
H,925,875,828,793,819,796,896,827,889,811
H,928,877,829,792,821,794,895,825,887,809
H,927,878,829,793,821,794,896,827,885,811
H,930,873,827,791,820,796,894,827,883,811
H,926,875,829,793,820,792,898,824,885,811
H,927,875,830,789,822,795,895,823,883,814
H,927,877,829,791,819,794,895,825,881,813
H,923,878,829,791,819,794,893,831,886,810
H,927,879,828,791,822,795,893,828,886,807
H,925,877,830,792,820,794,894,823,888,806
H,926,875,830,791,818,793,897,826,885,810
H,930,879,826,796,824,792,894,825,883,810
H,923,877,829,790,818,793,895,824,882,807
H,925,877,826,788,821,791,889,830,885,809
H,925,876,828,789,820,793,894,826,886,808
H,924,875,828,793,820,795,896,827,885,808
H,923,876,829,793,819,793,896,827,885,807
H,928,877,830,793,820,796,896,823,888,810
H,923,876,829,791,821,795,895,825,884,810
H,927,877,830,791,817,793,896,826,888,812
H,928,874,829,790,820,794,894,823,891,810
H,927,874,829,793,820,794,895,826,886,816
H,930,875,828,792,819,794,893,825,886,812
H,928,877,829,790,819,794,895,821,889,813
H,930,874,829,791,819,794,895,825,886,808
H,927,877,826,793,825,789,895,825,886,811
H,925,878,828,793,818,794,897,825,886,813
H,929,875,829,792,820,796,894,825,884,811
H,925,875,829,792,819,794,896,826,887,807
H,929,876,829,792,818,794,894,828,884,807
H,925,875,829,790,821,794,893,823,887,812
H,929,874,829,791,821,791,896,826,886,813
H,928,877,828,790,819,792,893,824,889,811
H,929,878,827,789,819,795,897,826,886,807
H,928,877,829,789,820,794,894,830,889,808
H,935,869,830,792,818,791,893,824,887,812
H,926,875,829,790,819,793,895,825,885,809
H,929,876,828,792,820,796,893,827,887,807
H,923,876,830,792,820,794,895,825,886,811
H,927,876,830,793,819,795,895,823,883,811
H,925,874,830,791,820,793,894,826,886,808
H,927,876,829,790,819,793,896,826,883,808
H,925,877,828,792,821,792,897,826,882,813
H,925,877,830,793,819,793,896,829,885,808
H,929,876,829,790,821,792,895,826,889,810
H,929,876,830,790,821,794,896,826,886,810
H,923,877,828,790,821,793,896,824,884,810
H,927,874,827,790,819,793,894,828,887,810
H,929,877,827,793,821,795,896,828,883,811
H,929,876,828,792,818,794,896,824,882,813
H,928,875,827,792,819,794,896,825,885,811
H,925,877,829,793,819,795,897,826,886,805
H,926,878,828,791,819,793,896,828,887,806
H,925,876,829,790,820,795,894,828,883,812
H,928,878,828,790,820,794,895,823,886,807
H,925,877,828,792,820,795,893,827,888,806
H,923,879,830,793,819,795,894,828,883,812
H,929,878,828,794,821,793,893,823,885,808
H,927,875,830,790,819,792,894,823,884,810
H,930,878,830,785,821,794,896,825,884,810
H,929,875,829,793,819,792,896,827,888,812
H,929,876,829,789,821,793,896,826,884,805
H,926,874,828,793,820,794,894,825,886,811
H,928,874,831,791,820,792,894,827,884,807
H,924,878,829,790,818,793,895,826,887,809
H,927,878,828,793,817,793,895,826,886,808
H,923,876,827,795,819,790,894,828,888,809
H,927,875,828,793,820,794,894,824,883,812
H,925,876,829,791,820,794,895,824,885,807
H,925,879,828,792,821,793,893,826,886,809
H,928,876,828,791,819,793,895,823,883,810
H,927,877,830,791,822,793,896,827,888,811
H,929,874,827,791,819,794,895,825,883,809
H,923,877,828,793,819,794,895,823,882,813
H,926,877,829,790,820,793,895,829,882,812
H,929,877,826,791,820,794,894,826,886,809
H,929,874,829,792,821,795,894,824,886,811
H,924,877,828,790,819,794,896,827,884,809
H,925,874,828,793,818,795,894,826,887,810
H,925,877,829,792,820,793,894,828,885,809
H,924,875,828,791,822,795,894,827,888,812
H,925,877,828,788,823,794,896,823,883,805
H,929,879,828,790,820,795,893,825,884,810
H,926,878,828,791,821,791,894,827,884,812
H,926,873,829,795,819,795,893,826,887,811
H,926,874,828,790,821,793,895,825,883,810
H,924,875,829,790,820,794,895,825,885,810
H,925,878,826,789,817,791,895,824,882,807
H,923,879,827,793,818,792,895,827,886,808
H,925,877,830,789,820,792,893,827,886,807
H,927,876,829,796,819,793,893,828,889,808
H,929,875,830,789,823,798,894,824,884,812
H,927,876,829,792,819,793,894,827,884,810
H,928,875,829,790,822,794,893,822,884,799
H,929,877,828,792,820,793,894,825,886,809
H,924,877,828,790,818,795,894,824,883,809
H,927,878,828,794,822,792,894,826,886,811
H,922,874,828,791,821,792,895,827,886,812
H,925,876,828,791,820,795,894,828,886,811
H,919,873,829,792,818,793,896,824,886,808
H,924,877,827,790,820,795,895,825,882,806
H,922,879,830,791,819,793,894,827,888,807
H,928,875,828,791,821,793,898,827,882,807
H,927,873,828,791,820,794,892,822,886,812
H,926,876,828,793,819,791,894,825,886,809
H,928,876,829,793,818,795,896,826,887,809
H,925,876,830,791,821,793,896,823,886,812
H,921,878,828,788,820,793,895,827,890,814
H,924,875,830,792,818,794,894,826,888,806
H,929,876,829,789,819,795,895,826,887,812
H,925,877,828,793,820,794,895,824,885,808
H,926,876,828,792,818,791,896,826,883,807
H,925,875,829,790,818,795,894,823,884,806
H,926,877,829,790,819,795,894,826,887,808
H,930,875,829,790,819,794,894,826,887,812
H,924,879,829,793,819,795,895,825,886,809
H,927,875,828,793,820,793,893,825,888,809
H,929,877,829,791,819,792,895,827,886,810
H,925,878,828,793,820,795,895,827,887,810
H,927,876,829,788,821,794,896,826,887,812
H,928,876,830,791,821,793,895,824,888,808
H,926,875,828,790,819,793,895,824,887,808
H,924,876,828,793,820,793,895,828,880,807
H,928,876,828,789,822,794,894,826,884,811
H,927,877,828,790,818,792,891,825,884,812
H,925,878,830,789,822,794,894,826,887,813
H,925,875,830,790,821,792,895,827,885,808
H,928,878,828,790,821,795,894,826,886,806
H,928,877,828,790,816,797,890,819,892,806
H,929,878,829,792,821,794,893,823,887,812
H,925,872,827,792,820,793,896,826,887,809
H,930,876,828,791,821,793,893,824,886,810
H,925,878,830,793,819,794,896,829,885,808
H,928,877,828,789,821,793,895,825,883,809
H,918,881,829,789,820,792,895,827,883,808
H,928,876,828,793,821,792,894,824,884,810
H,928,878,830,791,819,793,893,825,883,812
H,926,878,828,790,820,794,894,824,886,811
H,929,875,829,790,819,792,896,823,886,810
H,937,876,828,792,820,793,895,824,884,808
H,929,878,829,793,818,794,894,826,884,810
H,926,878,829,789,819,794,895,826,885,812
H,925,878,828,792,819,795,894,827,884,812
H,937,874,829,790,820,793,895,825,883,811
H,924,876,827,791,820,792,895,823,886,810
H,925,878,830,790,819,793,894,826,884,811
H,924,875,829,788,820,794,895,826,883,810
H,924,878,829,790,821,794,893,827,883,807
H,928,876,830,792,820,795,894,827,887,812
H,925,878,829,790,819,794,893,828,886,810
H,927,874,828,790,818,792,897,827,883,808
H,926,876,830,791,820,793,895,821,884,809
H,925,876,829,790,821,794,896,827,888,813
H,923,878,828,791,821,791,897,826,888,810
H,927,878,828,792,820,794,893,829,892,810
H,933,876,828,793,820,796,895,825,883,812
H,924,878,826,791,817,792,895,823,887,815
H,927,875,826,791,818,793,895,825,888,811
H,928,882,828,791,817,794,896,827,883,818
H,928,874,829,793,817,793,895,822,884,815
H,928,875,827,792,818,794,895,825,881,811
H,926,874,827,790,820,794,892,827,884,814
H,927,877,828,793,817,794,896,824,887,809
H,927,877,828,789,819,794,893,824,888,812
H,924,878,829,790,820,794,895,825,887,813
H,921,875,828,789,817,793,896,826,885,811
H,929,877,829,791,817,794,895,826,886,812
H,927,878,828,789,820,792,895,829,884,811
H,930,874,828,792,818,794,894,829,889,808
H,924,876,829,790,819,792,896,824,885,808
H,930,877,828,788,816,794,894,823,884,813
H,927,877,827,789,818,794,893,824,886,812
H,925,876,829,792,820,793,894,825,882,813
H,927,875,828,788,817,794,896,824,884,811
H,929,877,829,788,817,793,892,817,884,808
H,927,876,829,790,815,795,894,827,886,812
H,927,876,828,790,819,796,896,825,884,810
H,923,877,830,792,815,794,896,822,887,812
H,928,878,829,791,819,793,895,827,885,812
H,925,876,828,791,818,794,895,831,883,810
H,928,874,827,791,818,793,895,823,886,812
H,926,877,829,791,819,793,895,823,884,812
H,930,874,828,792,816,794,895,823,883,814
H,923,872,829,791,817,795,896,824,883,809
H,925,874,827,792,819,795,893,824,886,812
H,925,878,828,789,820,794,894,822,885,813
H,923,875,826,792,818,795,893,824,884,810
H,926,876,826,790,816,794,898,833,886,813
H,929,874,828,789,818,793,893,821,885,811
H,926,875,827,791,820,792,895,826,885,812
H,925,878,828,788,817,792,894,827,886,807
H,929,874,829,790,819,792,894,825,885,806
H,926,875,828,789,819,794,896,824,889,808
H,928,878,827,791,818,793,893,824,884,810
H,923,875,827,789,817,794,895,825,883,810
H,924,875,828,791,818,793,895,825,885,809
H,923,878,829,790,818,795,894,824,885,807
H,924,877,828,794,820,794,894,825,887,813
H,927,875,828,790,817,795,895,826,882,811
H,926,877,828,788,818,793,894,822,883,813
H,924,875,827,791,819,792,896,823,886,812
H,922,875,826,788,818,793,895,822,887,813
H,927,875,827,788,815,794,895,825,882,810
H,922,876,828,788,816,793,896,828,885,813
H,926,876,827,791,816,792,893,824,886,809
H,923,875,827,790,817,792,897,821,884,814
H,922,878,827,791,817,793,895,824,885,803
H,925,876,827,787,816,794,896,825,883,808
H,926,876,828,789,816,792,894,827,886,809
H,930,878,827,790,818,794,894,826,888,809
H,926,878,828,789,817,793,893,825,886,810
H,928,876,830,791,820,793,895,825,885,812
H,928,874,827,790,818,794,892,823,887,808
H,929,878,827,791,815,792,895,826,888,808
H,923,875,827,790,817,792,894,825,886,812
H,924,876,826,789,817,794,894,826,886,808
H,927,875,828,788,816,791,891,823,886,811
H,928,878,827,791,815,792,896,825,888,809
H,926,876,828,788,818,794,896,822,882,807
H,929,876,829,790,817,790,892,827,882,807
H,929,874,826,790,816,794,892,826,888,809
H,929,876,828,789,817,792,894,827,885,813
H,926,880,827,790,818,792,894,822,888,808
H,930,874,826,789,818,794,893,825,888,809
H,929,879,828,788,815,795,893,824,885,810
H,924,877,828,790,817,793,894,827,887,809
H,922,877,827,788,816,792,894,825,882,805
H,927,880,827,789,813,791,895,823,885,808
H,926,875,828,790,814,795,894,828,886,810
H,923,873,828,789,816,793,895,823,886,808
H,924,879,827,788,816,792,893,825,886,810
H,926,879,826,793,815,793,895,823,883,813
H,927,876,827,790,816,794,896,822,884,808
H,930,877,828,790,817,793,895,823,880,810
H,927,875,827,791,816,795,895,825,886,807
H,929,875,827,793,819,793,897,825,886,811
H,931,878,828,787,817,793,894,827,885,807
H,922,873,827,790,815,795,893,827,887,812
H,929,876,827,792,813,791,897,824,888,810
H,924,875,827,790,817,793,895,826,887,809
H,926,879,828,790,815,795,894,827,884,810
H,929,875,828,791,818,792,895,825,889,810
H,923,875,828,790,814,794,893,823,884,810
H,923,876,828,789,816,793,895,824,885,809
H,925,877,827,788,816,794,896,825,885,810
H,928,875,827,787,817,793,895,826,887,809
H,923,876,829,791,814,793,894,826,885,808
H,926,878,827,788,815,794,895,822,885,807
H,927,875,828,788,816,793,895,825,884,810
H,927,876,828,789,814,791,891,826,889,810
H,927,875,827,790,815,792,896,823,881,810
H,927,877,828,787,816,792,893,826,886,810
H,927,876,829,788,817,794,895,823,882,808
H,926,878,828,786,817,793,896,824,885,807
H,926,875,827,789,817,794,892,827,887,808
H,925,878,827,790,817,794,894,824,884,810
H,922,876,826,787,815,795,896,823,883,811
H,933,876,829,788,816,793,896,821,882,806
H,923,878,828,786,815,792,894,822,886,807
H,922,875,827,788,817,791,892,825,885,807
H,924,877,828,790,816,792,896,828,887,812
H,929,879,828,789,817,793,895,824,884,810
H,927,876,827,790,817,794,898,829,890,816
H,933,873,827,792,819,796,896,822,886,812
H,925,877,829,791,814,793,894,824,889,805
H,926,876,826,788,815,792,895,823,886,807
H,925,876,828,787,818,792,893,821,887,807
H,927,881,827,787,817,795,893,823,883,810
H,928,877,828,789,815,794,896,826,884,810
H,929,874,827,789,815,793,893,823,888,807
H,928,879,826,790,815,795,893,823,887,810
H,926,880,827,787,814,794,893,823,887,811
H,927,877,829,790,816,793,895,825,883,810
H,929,880,827,788,814,793,893,822,887,811
H,922,874,828,790,818,794,894,825,882,810
H,926,876,827,787,817,793,896,825,888,804
H,925,879,828,792,814,793,894,823,884,805
H,925,878,828,790,817,793,895,831,880,814
H,924,877,826,789,815,793,893,822,882,811
H,924,873,827,789,818,794,892,827,883,808
H,927,874,827,787,816,793,893,827,886,812
H,922,878,827,789,814,795,896,825,882,808
H,927,877,827,787,815,792,893,822,887,806
H,930,875,827,790,816,794,895,824,885,808
H,929,876,827,788,815,793,893,825,885,810
H,926,877,828,788,821,793,899,826,883,806
H,927,875,826,789,815,794,894,826,887,810
H,923,878,826,790,817,794,893,829,887,814
H,923,877,828,788,817,792,894,823,888,806
H,927,876,827,789,817,792,896,828,887,809
H,925,875,827,790,816,791,896,823,885,805
H,924,878,826,787,816,794,897,829,888,812
H,921,875,826,787,816,795,895,825,886,812
H,929,877,826,790,816,793,894,826,882,812
H,927,875,827,787,813,795,894,818,885,806
H,924,875,828,787,815,794,896,828,884,813
H,931,878,827,788,818,792,894,822,883,810
H,926,877,826,792,816,793,892,827,884,806
H,924,877,827,790,816,793,893,823,884,814
H,923,876,826,788,814,792,896,827,884,808
H,924,877,826,787,819,794,892,821,884,810
H,926,875,828,788,815,792,894,825,885,807
H,924,874,828,789,814,792,896,824,886,810
H,929,878,828,788,815,793,895,823,884,808
H,925,875,827,790,814,797,893,827,894,807
H,928,876,827,788,815,795,896,828,884,811
H,925,878,826,787,815,796,892,825,887,807
H,926,878,829,787,815,792,893,826,882,809
H,924,877,827,790,817,793,896,825,882,808
H,930,880,825,792,813,794,896,827,882,812
H,926,880,826,787,816,794,895,823,885,807
H,928,880,827,791,817,794,895,823,883,807
H,925,878,827,789,816,792,894,826,884,807
H,921,879,825,790,816,793,896,824,883,806
H,924,878,827,789,814,793,895,826,883,808
H,926,877,827,787,814,791,896,823,882,809
H,924,878,827,789,818,793,893,829,887,810
H,926,878,828,788,814,792,897,827,885,812
H,927,879,825,787,815,792,894,823,883,808
H,924,877,826,789,815,794,894,823,888,807
H,927,876,827,788,815,792,893,818,890,806
H,925,878,828,789,815,794,895,826,884,808
H,923,876,827,787,817,791,895,827,884,807
H,927,878,829,790,813,793,895,828,887,804
H,926,876,827,787,817,794,895,822,885,806
H,923,875,827,785,814,793,891,826,878,805
H,927,876,827,790,816,794,893,825,885,809
H,928,877,825,789,816,792,894,828,885,808
H,925,876,827,787,815,794,892,825,883,811
H,929,874,828,788,816,794,893,824,883,808
H,926,877,828,789,814,791,896,827,885,811
H,927,876,826,789,815,792,894,825,884,809
H,925,874,828,789,817,792,896,825,882,810
H,926,876,826,787,816,793,894,823,883,810
H,924,876,826,790,817,793,896,824,881,810
H,927,877,828,788,814,792,895,826,883,811
H,927,877,826,790,815,793,895,826,881,808
H,928,877,828,785,820,795,892,822,876,811
H,921,876,826,789,816,794,895,825,883,809
H,928,879,828,787,814,791,895,828,885,811
H,926,880,827,786,815,793,894,822,883,808
H,922,879,827,788,815,793,894,827,883,806
H,924,876,828,786,818,793,896,821,884,812
H,921,874,827,789,815,794,896,828,884,806
H,929,875,827,789,815,793,895,827,883,807
H,926,878,827,788,815,792,896,824,887,811
H,934,874,827,787,816,793,894,823,885,811
H,925,879,826,788,815,792,895,827,885,807
H,927,877,826,790,815,792,895,825,886,810
H,926,877,826,789,816,794,895,827,888,806
H,923,875,828,789,815,792,896,824,884,806
H,928,876,827,789,817,792,894,825,882,812
H,926,877,827,790,814,794,894,824,884,809
H,926,877,827,786,811,792,892,824,884,813
H,928,877,828,787,815,791,893,822,882,808
H,927,878,827,790,815,793,894,823,886,807
H,923,876,828,787,815,795,896,826,885,809
H,926,877,828,788,816,795,891,822,889,800
H,913,878,827,787,816,792,896,821,885,806
H,924,878,827,789,816,792,896,827,883,806
H,927,876,827,787,815,793,894,824,885,807
H,924,876,827,788,814,792,893,825,883,811
H,924,879,827,788,814,793,893,825,884,808
H,928,879,827,786,814,793,894,827,881,812
H,925,876,826,788,814,793,893,824,883,807
H,927,877,827,789,815,794,892,822,886,804
H,929,877,828,789,813,792,894,824,883,810
H,926,878,826,788,816,793,894,825,884,809
H,926,877,827,789,815,794,895,825,883,806
H,923,878,828,790,816,793,894,826,885,809
H,923,874,828,788,817,793,895,826,883,810
H,925,876,826,788,816,793,895,822,885,812
H,928,875,826,786,814,792,895,825,884,811
H,927,878,826,789,816,793,895,827,885,809
H,926,875,828,787,815,795,897,826,886,804
H,932,876,827,790,816,793,894,823,883,810
H,925,875,830,792,815,794,895,825,887,805
H,925,877,828,789,816,792,894,823,884,812
H,926,878,827,787,815,794,895,822,886,807
H,924,876,827,791,814,792,895,827,883,811
H,927,878,827,787,814,792,895,823,882,806
H,922,876,827,787,813,793,893,830,890,810
H,922,877,827,789,817,794,897,828,882,809
H,928,878,826,788,815,793,896,821,881,808
H,926,875,827,789,816,793,894,829,882,806
H,922,878,827,787,817,792,895,823,885,810
H,923,878,828,787,815,792,894,825,881,811
H,930,881,827,790,817,796,897,826,887,805
H,924,876,828,790,813,792,895,827,883,809
H,928,877,826,787,816,792,893,822,882,810
H,927,880,827,789,816,791,895,827,885,812
H,927,875,828,794,815,791,898,820,884,806
H,927,882,828,785,815,793,892,824,884,810
H,926,878,828,787,817,794,895,823,881,806
H,926,877,828,786,816,793,893,828,887,811
H,925,877,826,789,814,792,893,829,885,808
H,923,879,828,788,816,792,895,824,883,806
H,924,878,826,789,813,793,895,825,885,806
H,927,877,826,789,816,793,895,828,881,811
H,921,879,827,788,816,793,896,826,883,808
H,925,877,828,788,814,794,896,824,884,808
H,926,875,828,789,813,794,896,826,883,804
H,926,879,827,791,817,795,894,825,880,811
H,923,874,826,788,817,792,895,822,882,806
H,929,877,826,786,815,792,893,827,886,813
H,929,879,827,790,817,793,894,829,886,812
H,924,878,826,790,816,792,895,825,888,813
H,926,876,827,786,816,794,894,822,881,807
H,928,876,829,789,815,794,895,826,885,810
H,929,873,828,790,813,795,892,826,886,809
H,925,878,827,786,816,792,893,822,881,812
H,922,879,830,787,813,790,893,822,883,811
H,927,877,826,788,816,794,893,822,883,811
H,923,878,828,788,814,793,896,822,884,806
H,927,878,828,790,814,794,895,826,887,812
H,924,875,825,790,815,795,896,827,882,812
H,927,876,827,788,814,791,893,825,883,805
H,927,878,827,790,814,794,895,824,886,807
H,929,877,828,788,816,793,896,823,884,809
H,930,877,826,788,816,791,895,825,884,809
H,922,879,827,788,814,791,894,828,884,806
H,928,876,827,788,816,794,893,823,882,810
H,926,873,829,789,818,793,896,825,883,806
H,923,877,827,788,814,793,894,827,885,806
H,927,876,828,791,811,791,896,826,886,810
H,928,877,829,787,814,797,894,822,885,810
H,923,879,827,789,814,788,891,820,884,805
H,927,875,827,787,815,791,896,823,881,811
H,921,875,828,789,815,793,895,824,887,810
H,926,875,829,790,816,794,895,825,882,808
H,927,879,828,786,815,794,894,821,887,812
H,929,877,826,788,817,794,894,824,881,810
H,926,877,827,790,816,793,893,823,886,808
H,923,879,827,787,813,793,897,823,883,807
H,924,876,826,787,818,794,892,822,886,807
H,924,878,827,786,816,793,894,825,885,809
H,926,877,828,787,816,793,896,823,883,811
H,922,878,828,787,815,792,893,826,885,807
H,928,877,828,788,814,793,894,827,889,809
H,927,878,827,788,816,792,895,823,883,813
H,925,877,828,787,815,792,893,826,882,812
H,923,874,827,788,816,794,895,827,883,810
H,926,877,827,787,815,792,894,827,881,812
H,922,879,828,789,816,792,894,822,882,815
H,928,875,827,790,815,794,893,827,886,812
H,931,871,827,788,815,794,896,827,884,808
H,927,875,827,788,815,792,893,827,883,814
H,921,877,828,787,817,794,895,823,885,813
H,923,875,828,788,814,793,895,824,884,811
H,927,876,826,789,819,793,893,824,882,813
H,922,875,827,790,815,791,895,826,886,813
H,923,874,827,789,817,791,893,822,882,810
H,928,877,827,788,815,792,894,818,883,807
H,928,876,828,787,815,794,895,826,881,810
H,927,875,827,789,814,793,893,827,884,804
H,928,877,826,788,815,794,893,827,886,808
H,923,876,826,788,816,793,895,823,885,811
H,922,877,828,787,814,794,894,826,884,808
H,926,878,827,788,816,792,893,825,887,806
H,925,879,826,787,818,794,897,824,886,807
H,930,877,827,787,814,795,897,824,884,810
H,922,878,827,787,816,793,896,825,883,810
H,924,875,828,787,816,793,894,825,884,806
H,921,878,825,789,814,793,895,823,882,808
H,923,877,826,786,816,794,895,827,884,810
H,928,875,826,787,817,793,895,824,880,806
H,925,876,828,789,814,794,893,822,886,807
H,927,877,826,787,815,795,896,826,884,807
H,930,878,828,790,814,792,894,826,882,808
H,926,879,828,786,815,792,895,826,885,810
H,924,878,827,788,816,792,894,824,884,806
H,931,876,829,788,816,793,896,826,883,810
H,926,875,829,787,815,794,895,825,886,808
H,926,877,826,789,816,793,894,826,884,804
H,927,879,826,790,815,794,893,827,885,808
H,928,876,826,787,815,794,894,818,882,812
