U,947,904,815,788,807,789,909,831,905,809
U,945,907,815,789,804,788,907,835,908,809
U,949,906,815,789,808,788,907,837,903,811
U,943,904,814,793,804,789,908,833,903,813
U,947,904,815,789,806,790,907,833,905,812
U,946,906,815,789,807,789,907,834,905,815
U,948,906,816,788,803,792,905,836,905,812
U,949,902,815,790,805,791,908,837,906,810
U,945,904,815,788,805,790,905,835,905,812
U,945,907,814,790,806,787,906,831,905,810
U,945,905,814,789,807,790,904,833,907,814
U,943,903,813,790,805,788,904,834,904,811
U,946,906,816,788,804,790,905,834,907,811
U,945,907,815,790,805,789,907,835,907,814
U,947,903,815,789,806,789,904,835,903,815
U,949,905,815,788,807,788,907,836,904,815
U,941,903,815,786,805,789,905,834,905,815
U,945,902,817,786,804,788,906,834,905,817
U,943,904,814,787,805,788,906,834,906,811
U,944,908,814,787,804,790,905,833,906,816
U,946,905,815,790,806,788,906,833,906,810
U,944,906,815,790,806,789,906,836,905,814
U,946,904,816,789,808,790,905,833,905,815
U,947,905,816,789,807,786,904,836,908,814
U,946,902,815,788,807,788,907,832,906,813
U,953,914,816,787,806,790,906,832,904,812
U,942,902,813,789,805,790,904,835,906,812
U,945,901,813,791,806,788,906,832,908,814
U,951,901,817,789,805,790,906,834,906,810
U,948,904,815,796,801,788,906,838,905,813
U,948,905,813,791,808,790,907,833,906,815
U,949,904,816,789,805,790,906,830,906,810
U,947,905,815,788,808,789,909,834,904,815
U,949,904,816,791,806,788,907,835,908,815
U,947,903,814,791,806,788,905,832,906,813
U,950,905,815,787,808,790,903,836,903,812
U,948,902,816,790,806,790,904,832,903,809
U,943,903,815,790,806,789,905,834,906,812
U,948,908,815,791,808,787,907,832,901,813
U,944,907,817,788,805,789,906,834,905,811
U,949,905,814,789,801,786,909,833,907,811
U,947,904,816,786,808,789,907,832,904,813
U,944,903,814,788,805,788,904,831,902,811
U,949,903,815,789,805,788,905,831,908,814
U,950,904,816,786,806,790,905,833,905,811
U,945,909,817,787,808,788,906,832,904,812
U,948,910,816,787,806,790,905,829,908,814
U,942,907,817,787,808,789,905,831,904,810
U,949,904,816,787,806,788,904,834,905,812
U,945,902,817,787,807,790,906,832,906,810
U,950,904,816,787,809,790,906,831,903,812
U,945,906,816,788,807,789,907,832,906,811
U,946,908,815,785,809,788,906,833,904,810
U,945,903,817,788,807,790,905,833,902,813
U,947,905,816,785,806,789,906,834,906,815
U,950,906,817,787,807,788,906,830,902,808
U,949,903,817,787,807,789,906,830,904,814
U,945,904,817,785,808,788,903,830,906,813
U,945,902,818,785,806,789,907,836,907,815
U,949,905,818,788,807,787,905,832,908,812
U,944,904,816,787,809,789,906,831,905,815
U,951,902,817,787,809,791,904,834,903,811
U,949,903,817,787,807,789,905,830,904,809
U,948,904,817,786,806,793,904,830,906,816
U,946,901,816,788,809,787,904,831,907,813
U,950,906,816,786,807,789,906,831,905,809
U,951,908,816,787,812,789,904,830,907,813
U,947,900,814,787,818,788,909,830,905,811
U,948,908,817,785,811,790,905,834,906,810
U,948,907,817,787,812,788,903,831,906,814
U,947,907,817,784,813,790,904,833,905,812
U,947,903,818,787,808,790,903,832,906,810
U,948,901,816,787,808,789,905,833,904,812
U,951,904,818,788,809,789,905,832,903,812
U,946,905,816,786,808,789,907,835,902,815
U,947,904,816,785,807,788,904,832,905,812
U,948,904,818,787,810,788,904,832,904,812
U,947,902,816,786,811,787,904,832,905,812
U,944,902,816,787,815,788,906,832,905,813
U,942,904,817,784,809,790,904,831,905,813
U,943,903,818,787,810,788,905,829,905,814
U,944,904,818,785,810,788,902,830,907,814
U,948,904,818,787,809,788,905,834,907,810
U,944,902,816,786,809,789,905,829,906,810
U,948,902,817,787,807,787,904,832,907,810
U,947,902,818,785,808,789,905,829,904,812
U,945,909,818,782,807,788,904,832,905,809
U,944,904,820,784,809,789,903,833,904,813
U,944,902,817,784,809,788,903,830,908,814
U,949,902,819,785,810,791,903,833,905,813
U,945,902,817,786,807,788,906,832,907,813
U,951,903,819,785,808,788,906,829,907,813
U,942,905,819,785,810,788,906,829,905,809
U,949,904,819,783,808,788,901,831,903,811
U,950,901,819,786,809,789,905,831,906,812
U,947,903,818,783,808,788,904,832,903,810
U,947,902,818,785,807,788,903,835,901,814
U,945,903,817,785,810,789,903,833,904,809
U,949,905,817,787,808,788,903,833,907,815
U,944,905,819,786,807,789,903,831,905,811
U,950,902,818,790,808,789,904,831,906,813
U,948,901,820,790,807,788,904,832,908,810
U,943,903,820,792,810,789,902,832,905,813
U,948,904,818,791,807,790,906,834,906,809
U,948,904,819,791,809,789,904,831,904,809
U,951,904,818,790,807,789,906,833,903,810
U,945,902,819,792,808,790,903,835,907,816
U,948,904,819,792,807,788,905,831,906,807
U,943,903,819,789,811,788,904,832,908,809
U,950,903,819,787,809,787,906,835,904,809
U,942,904,820,787,810,788,904,832,902,809
U,944,904,820,785,809,787,904,834,904,808
U,943,904,819,786,810,787,903,833,906,811
U,940,901,818,784,812,790,906,830,904,813
U,947,904,819,788,810,789,905,834,907,812
U,949,902,820,785,808,789,904,831,904,815
U,948,901,819,786,812,787,906,831,906,810
U,945,905,818,785,811,789,905,831,906,812
U,950,907,820,788,809,786,905,832,904,806
U,946,906,819,785,813,787,905,831,908,812
U,947,905,820,788,811,788,905,831,906,810
U,949,908,819,785,812,788,904,836,903,810
U,943,906,818,785,811,787,905,832,905,811
U,948,906,820,786,810,788,905,831,906,810
U,943,905,818,787,813,787,905,830,905,813
U,949,903,819,787,812,789,904,832,906,811
U,946,905,819,784,812,788,903,828,906,809
U,947,905,821,786,811,789,903,830,905,808
U,946,901,821,784,811,788,903,830,902,811
U,948,902,821,786,813,787,903,829,907,810
U,945,904,821,785,815,787,905,833,906,809
U,946,904,821,787,813,789,908,834,904,818
U,948,905,819,784,812,789,903,832,903,807
U,944,908,821,787,810,788,904,831,904,809
U,944,905,820,788,812,789,905,825,901,808
U,947,903,820,786,813,788,903,830,905,810
U,948,902,820,787,812,789,902,829,909,810
U,946,904,819,786,812,789,904,831,903,808
U,943,903,820,785,813,789,903,829,903,811
U,943,904,820,784,813,787,902,829,904,807
U,946,903,820,784,812,788,906,828,905,804
U,948,906,819,787,810,790,902,831,906,813
U,951,906,819,786,812,789,904,830,908,807
U,947,904,821,785,812,790,904,827,907,813
U,945,905,819,785,811,788,903,831,906,812
U,940,907,821,786,813,789,903,831,904,810
U,946,904,821,783,815,788,901,826,907,810
U,941,906,820,787,812,789,905,832,903,812
U,944,905,819,786,813,788,905,829,905,807
U,949,902,821,786,811,790,903,831,907,811
U,943,901,818,786,813,793,901,836,903,810
U,951,906,820,786,812,789,904,830,902,810
U,949,904,822,787,811,786,902,832,908,812
U,947,903,821,785,811,788,904,832,903,811
U,945,902,820,788,812,789,903,833,901,810
U,948,905,820,786,813,788,903,830,905,807
U,949,903,820,785,815,788,904,831,902,813
U,943,905,819,787,815,791,905,831,903,813
U,948,901,819,787,812,787,905,832,907,811
U,947,907,815,783,811,789,903,829,908,812
U,947,904,821,786,816,788,904,828,906,809
U,952,901,820,784,815,788,902,832,906,810
U,949,903,820,784,818,787,904,831,904,811
U,943,906,820,785,815,787,903,834,904,812
U,947,903,821,785,817,789,904,833,906,808
U,945,904,820,787,815,788,904,831,903,810
U,946,908,819,788,815,786,904,832,903,812
U,950,905,821,787,813,789,903,833,908,808
U,948,903,822,787,816,789,903,827,907,811
U,947,906,821,785,816,788,903,830,908,809
U,949,901,821,787,817,787,904,833,905,812
U,942,903,821,786,817,790,902,833,912,815
U,947,903,820,787,818,788,901,829,906,810
U,945,903,820,790,814,789,905,834,904,808
U,949,904,822,787,812,788,901,828,905,812
U,950,902,819,783,812,789,904,831,905,812
U,944,903,821,785,815,786,905,832,908,808
U,950,903,820,786,816,787,905,829,902,812
U,945,902,821,787,813,789,902,832,906,811
U,948,905,822,785,813,788,905,833,908,807
U,948,898,820,784,813,786,904,832,906,809
U,948,902,819,784,811,787,904,830,906,812
U,944,903,822,784,812,791,905,831,900,806
U,950,903,820,785,811,789,904,831,904,811
U,943,902,820,785,813,788,902,829,908,809
U,941,906,820,788,814,787,904,832,903,810
U,947,903,820,786,811,790,900,829,906,809
U,944,905,819,789,813,785,903,830,905,811
U,944,902,820,784,811,789,902,829,906,809
U,945,906,819,788,812,789,904,831,908,812
U,948,904,820,789,810,788,902,832,906,811
U,940,904,822,788,811,787,904,830,902,812
U,944,901,820,786,813,789,904,835,901,810
U,935,902,821,785,811,789,901,833,905,812
U,946,901,821,786,812,790,903,831,907,808
U,949,902,820,785,813,787,902,833,906,814
U,948,904,821,787,813,789,903,832,904,810
U,943,903,822,791,811,788,901,833,904,810
U,953,903,818,785,816,787,902,831,906,811
U,942,906,822,785,812,788,902,833,903,810
U,940,901,820,786,814,787,902,834,905,810
U,951,902,823,793,811,789,904,830,903,811
U,947,903,820,789,811,788,903,830,904,811
U,947,902,821,788,812,786,902,831,907,811
U,944,903,822,785,813,787,902,832,907,809
U,944,904,822,785,814,787,901,827,907,813
U,943,904,821,788,812,786,904,832,905,809
U,950,906,819,786,814,787,902,831,904,807
U,949,904,819,788,812,786,902,829,905,808
U,943,900,820,785,814,790,903,830,901,810
U,946,904,822,788,813,788,904,830,904,811
U,944,903,822,788,812,789,902,830,903,809
U,945,902,822,787,811,789,903,827,905,813
U,945,905,822,784,812,790,901,828,903,808
U,948,903,821,787,813,790,904,830,905,812
U,946,902,822,788,813,787,904,832,903,812
U,948,904,822,790,813,787,903,841,914,810
U,947,900,821,789,815,790,904,831,906,812
U,948,900,821,788,813,787,905,829,904,810
U,945,906,820,787,815,788,903,832,906,810
U,947,901,821,786,815,787,904,830,903,809
U,951,901,821,786,813,788,902,833,906,809
U,946,904,820,787,815,787,904,832,902,813
U,948,900,822,786,816,788,904,831,904,813
U,943,899,823,787,815,785,904,830,906,813
U,942,905,822,787,812,787,904,830,903,809
U,947,903,821,787,813,788,901,828,908,812
U,946,901,821,787,816,787,902,836,907,814
U,944,901,820,786,816,788,903,832,906,811
U,945,903,821,786,817,788,901,831,908,806
U,947,905,821,786,816,788,904,831,906,810
U,944,903,821,788,813,789,903,831,907,809
U,942,903,821,787,814,789,903,830,901,809
U,944,905,822,787,812,786,902,831,901,811
U,948,902,821,788,814,789,901,832,905,813
U,944,902,822,788,814,788,904,829,907,809
U,942,901,821,787,816,789,900,827,907,811
U,949,902,821,787,815,788,901,831,900,811
U,943,904,821,783,815,787,901,828,906,810
U,943,903,822,788,816,788,901,837,901,819
U,943,903,821,784,816,786,904,829,907,808
U,946,904,822,787,814,790,902,831,906,812
U,944,902,822,787,815,790,903,831,906,809
U,944,901,822,786,816,790,903,828,906,812
U,946,906,824,789,815,791,899,833,904,812
U,948,902,822,788,814,789,903,830,905,810
U,949,903,820,787,814,790,901,830,905,811
U,945,903,818,792,812,790,906,825,905,808
U,947,901,821,785,815,788,903,832,903,812
U,946,901,822,787,813,787,901,834,908,809
U,943,905,821,788,814,788,900,828,902,810
U,944,905,821,789,815,787,904,833,905,809
U,945,902,819,789,813,788,904,830,906,810
U,950,905,822,786,814,787,902,829,905,813
U,940,905,821,785,816,789,903,832,901,809
U,942,904,823,789,814,788,903,832,904,810
U,947,903,822,787,814,787,903,831,907,809
U,944,902,822,789,817,787,904,831,906,809
U,947,897,822,792,816,783,901,829,904,808
U,944,904,822,789,816,789,904,828,904,811
U,947,902,822,788,816,790,904,829,903,811
U,948,904,823,788,813,788,904,829,902,810
U,948,905,822,788,814,787,904,829,902,808
U,946,903,823,790,817,790,904,832,902,809
U,948,905,822,789,814,789,902,831,903,815
U,947,900,823,788,815,788,901,830,904,811
U,944,903,821,789,816,788,901,831,906,811
U,945,902,823,788,817,787,904,830,904,810
U,943,903,821,787,815,790,903,831,906,819
U,942,904,824,788,817,787,903,834,907,810
U,948,903,821,790,814,787,905,834,901,812
U,945,903,822,788,815,788,903,830,906,810
U,945,905,820,789,819,788,901,832,905,813
U,944,906,822,789,816,788,902,831,905,810
U,942,906,822,786,817,788,902,828,905,813
U,949,906,823,789,814,788,904,831,906,812
U,947,904,822,789,813,788,901,828,903,810
U,947,904,822,788,814,789,900,832,902,810
U,944,907,822,787,814,788,904,832,902,809
U,944,910,825,785,817,787,901,827,904,811
U,943,905,822,789,815,788,904,829,901,815
U,947,908,821,787,813,788,903,828,904,809
U,945,905,820,790,812,791,901,828,902,814
U,946,905,822,789,814,788,903,833,905,809
U,944,903,823,789,814,788,903,830,905,812
U,942,904,822,787,813,788,901,827,905,809
U,947,904,822,788,815,787,902,831,904,810
U,948,906,822,789,814,789,903,832,907,812
U,943,909,822,785,812,787,902,829,905,809
U,949,903,821,790,820,789,904,827,906,811
U,944,904,821,787,815,787,904,828,905,809
U,947,906,823,787,815,789,902,832,907,813
U,948,902,823,789,818,790,904,834,907,807
U,946,905,822,788,819,788,903,829,903,808
U,950,900,823,789,823,789,902,828,905,812
U,945,902,820,789,820,788,903,829,906,810
U,945,904,823,790,814,788,900,829,900,810
U,949,903,823,789,815,788,901,829,906,808
U,949,902,822,787,819,787,904,832,907,809
U,945,905,822,788,816,787,903,830,905,808
U,948,903,822,788,819,787,902,831,906,807
U,946,906,821,789,820,789,900,827,902,810
U,944,904,823,790,826,789,904,831,904,809
U,945,902,821,790,829,788,903,830,905,809
U,947,904,822,790,833,789,902,833,907,810
U,949,901,822,789,829,788,901,832,904,808
U,947,903,824,790,825,789,901,830,901,815
U,942,898,822,791,825,790,903,828,904,812
U,948,905,822,790,824,787,903,832,903,812
U,949,905,823,788,825,789,901,831,906,813
U,948,902,823,788,819,790,903,829,903,812
U,947,905,822,788,821,787,902,832,906,812
U,946,906,823,788,819,788,900,830,903,812
U,946,905,824,790,822,790,901,832,902,814
U,944,903,823,789,823,787,902,832,906,810
U,943,907,823,790,822,789,904,830,904,810
U,943,903,824,790,820,789,903,831,906,808
U,946,902,824,788,819,787,905,832,903,809
U,944,903,823,788,819,789,901,831,906,807
U,949,902,824,791,818,787,901,830,905,811
U,948,904,820,788,819,789,901,830,906,807
U,950,902,822,791,816,786,903,832,904,808
U,948,903,823,787,815,789,901,829,901,812
U,947,899,822,789,816,786,904,827,907,807
U,940,904,823,790,816,788,903,832,904,809
U,937,898,827,786,819,789,903,829,902,813
U,947,902,822,790,817,786,902,830,902,809
U,950,901,823,788,814,790,904,831,904,811
U,945,901,823,790,818,789,903,829,906,810
U,945,901,822,788,818,790,903,831,905,810
U,945,902,823,789,817,788,901,828,903,807
U,947,903,822,790,818,788,903,832,901,814
U,948,903,822,789,818,788,903,831,903,811
U,943,904,822,789,815,788,904,828,907,814
U,946,902,822,790,818,790,903,830,903,814
U,949,902,824,791,817,789,904,827,906,813
U,947,903,823,790,818,789,903,832,903,813
U,942,904,823,788,819,788,901,832,903,811
U,942,903,822,790,820,787,901,831,905,809
U,950,901,824,788,819,788,901,831,901,809
U,945,900,822,791,818,790,902,831,904,811
U,947,902,823,791,818,789,903,832,904,812
U,948,902,823,789,819,789,900,830,903,807
U,947,902,824,791,818,788,903,830,903,808
U,948,903,823,788,819,787,902,830,906,810
U,948,900,824,793,818,788,901,838,906,813
U,946,904,824,790,820,788,904,830,903,808
U,947,901,824,788,820,788,903,827,906,806
U,945,900,822,790,819,789,903,830,905,811
U,943,902,822,791,820,790,901,827,907,815
U,947,901,823,789,817,789,903,828,904,812
U,947,903,823,791,820,789,905,828,903,810
U,947,902,823,788,820,788,903,829,905,811
U,947,903,823,790,818,789,903,831,905,808
U,943,900,824,791,819,788,901,832,902,810
U,946,899,822,790,818,788,902,831,904,808
U,948,903,823,793,817,791,901,838,903,814
U,945,903,824,788,818,786,903,829,905,813
U,948,902,824,788,817,788,903,832,904,807
U,943,901,824,789,819,789,904,831,902,808
U,948,900,821,788,820,790,902,827,901,814
U,950,897,824,791,819,789,904,831,904,807
U,944,904,824,788,818,789,902,827,904,809
U,944,904,821,789,816,789,901,831,905,811
U,946,903,823,789,820,788,904,830,905,808
U,943,904,823,791,818,788,904,827,904,809
U,949,904,823,789,818,790,903,831,905,809
U,946,901,823,790,819,790,904,827,903,815
U,942,903,824,791,818,787,903,830,905,808
U,945,902,821,788,818,787,904,830,905,813
U,944,899,820,793,818,787,902,826,904,811
U,946,902,823,791,815,789,902,829,905,811
U,944,903,823,789,817,788,901,830,902,808
U,951,901,824,791,818,789,904,830,902,812
U,941,902,824,788,816,789,904,829,902,811
U,948,903,824,790,816,787,904,831,904,808
U,944,904,822,786,815,786,905,828,904,809
U,941,900,824,788,816,788,903,828,902,806
U,947,904,824,788,817,789,903,833,904,811
U,947,900,823,792,815,787,903,833,904,813
U,948,900,823,788,818,787,905,828,906,811
U,947,904,822,792,816,786,902,833,907,813
U,946,901,824,790,816,787,903,830,902,811
U,945,902,823,790,817,788,903,828,900,808
U,948,902,823,789,819,787,904,832,906,808
U,948,901,822,791,818,790,904,831,902,813
U,944,900,823,790,818,788,903,827,903,807
U,947,903,826,784,815,788,902,826,903,807
U,943,901,824,792,815,787,904,829,904,810
U,948,904,822,789,819,787,902,830,900,807
U,942,904,824,790,820,789,902,832,907,815
U,945,900,825,791,818,789,903,831,908,806
U,948,903,823,790,818,788,904,830,902,808
U,941,896,824,790,818,788,902,832,905,814
U,947,904,823,790,820,789,904,831,905,811
U,944,904,825,789,816,788,904,827,906,808
U,947,901,822,791,817,789,904,830,906,813
U,947,902,825,789,820,789,904,830,906,811
U,942,901,823,789,819,789,904,829,905,810
U,944,900,825,791,820,787,904,830,905,811
U,949,904,823,788,821,785,903,829,905,809
U,941,904,824,790,822,786,906,831,907,808
U,948,903,824,788,824,787,905,827,906,809
U,948,902,825,788,823,789,905,830,905,809
U,945,900,825,790,821,789,903,831,907,810
U,945,903,825,790,821,787,902,828,901,809
U,946,901,822,791,820,788,905,829,907,808
U,949,903,824,790,820,787,905,827,904,808
U,941,904,824,790,819,787,904,829,904,810
U,945,902,822,790,818,788,904,826,902,808
U,950,903,824,789,816,787,904,827,905,809
U,944,902,824,788,818,788,904,828,902,809
U,947,902,825,788,818,788,903,826,907,812
U,947,900,823,790,815,787,903,827,904,809
U,943,899,824,789,817,789,904,827,907,808
U,947,901,824,790,817,789,902,832,909,813
U,943,903,824,789,816,788,905,830,902,809
U,942,901,824,789,817,786,907,823,905,810
U,943,900,825,789,814,789,903,825,906,808
U,947,903,823,791,816,787,902,832,901,808
U,950,904,824,789,816,788,906,828,906,809
U,946,902,826,789,815,787,903,827,903,811
U,949,899,823,790,815,789,902,826,903,810
U,948,900,824,789,816,789,905,827,903,808
U,948,903,823,789,815,789,904,827,903,808
U,947,903,823,788,814,788,905,828,903,810
U,945,901,823,787,816,788,905,826,903,812
U,945,900,824,790,814,788,904,829,905,810
U,945,900,825,791,817,789,904,828,906,812
U,943,903,824,790,815,789,905,830,907,811
U,946,903,824,791,814,786,902,828,904,812
U,945,901,825,787,817,789,904,826,906,812
U,943,904,824,791,816,789,905,827,905,806
U,950,901,825,787,815,787,905,824,905,810
U,940,899,826,790,816,787,905,830,902,806
U,948,901,824,789,816,789,902,824,905,809
U,947,901,823,791,812,786,902,830,904,807
U,948,902,824,788,815,787,904,828,900,806
U,948,900,824,792,818,788,904,827,906,812
U,942,903,823,788,816,789,903,827,906,813
U,943,904,824,789,817,787,903,830,906,809
U,946,900,823,787,818,787,903,831,902,806
U,941,898,823,788,817,789,903,826,903,807
U,945,902,823,790,816,789,902,829,903,808
U,941,903,823,789,815,787,904,830,900,813
U,942,904,821,790,817,789,904,829,903,810
U,946,904,822,788,816,788,902,830,902,810
U,947,899,824,790,814,788,903,829,905,807
U,946,904,825,788,817,786,902,826,904,814
U,947,900,823,788,818,788,902,830,906,807
U,946,902,824,787,818,789,906,830,907,812
U,944,901,825,789,816,790,906,828,905,808
U,950,901,825,788,814,789,903,826,903,810
U,943,903,824,791,816,788,904,827,903,812
U,945,902,824,790,815,788,905,824,905,813
U,945,904,823,790,816,787,904,828,902,811
U,948,903,823,791,814,789,902,829,905,811
U,949,902,822,788,818,789,904,827,906,808
U,940,905,825,790,816,787,903,829,903,810
U,946,900,824,791,814,787,902,824,906,810
U,945,901,825,788,816,787,904,829,904,811
U,942,900,822,788,817,785,906,826,903,813
U,947,901,824,789,817,788,904,829,904,811
U,942,901,825,790,816,788,902,829,905,809
U,943,900,823,790,816,788,904,829,905,812
U,940,905,823,789,815,788,905,828,905,811
U,945,902,824,790,815,788,905,825,902,808
U,942,902,825,789,815,788,903,827,900,806
U,941,902,824,790,817,787,903,830,906,809
U,941,902,824,788,819,787,905,827,904,809
U,946,900,823,788,816,787,903,828,905,808
U,944,900,823,788,816,788,904,825,905,809
U,946,902,824,787,816,788,905,827,904,808
U,945,902,824,788,819,787,904,825,899,804
U,944,902,824,790,816,789,904,827,903,808
U,945,902,825,789,816,787,905,826,906,804
U,942,902,825,788,818,787,903,826,902,810
U,949,904,825,789,815,790,905,828,907,811
U,940,902,826,789,822,788,902,825,906,811
U,944,901,825,788,818,788,905,829,905,810
U,943,900,824,789,819,789,903,826,905,810
U,944,903,825,790,818,787,905,826,904,810
U,948,898,825,792,819,790,902,829,903,808
U,943,901,825,788,817,787,905,829,903,811
U,947,901,824,790,816,786,901,828,907,807
U,942,903,823,791,818,788,902,828,904,811
U,945,902,824,789,817,789,903,825,901,809
U,949,903,824,791,815,789,905,829,902,812
U,945,905,825,790,816,788,902,829,906,811
U,947,903,822,791,816,787,904,831,905,811
U,943,904,825,789,816,787,901,831,905,806
U,944,896,827,791,816,789,903,827,905,812
U,948,901,823,790,816,788,904,829,905,811
U,948,900,824,790,815,788,905,827,905,807
U,942,903,823,791,818,787,905,827,905,810
U,948,902,823,792,819,788,905,831,904,811
U,943,902,824,790,818,788,903,830,906,809
U,942,903,824,790,817,788,903,827,904,809
U,940,902,823,791,816,790,900,828,907,811
U,945,903,824,790,818,788,903,827,903,809
U,941,905,825,789,817,789,903,829,902,808
U,947,902,824,789,818,788,904,827,907,810
U,941,900,823,791,817,787,905,828,903,808
U,947,902,824,790,819,787,903,829,904,811
U,948,902,827,789,820,790,904,828,903,808
U,946,903,825,788,817,787,902,829,906,812
U,947,901,824,789,819,788,904,830,902,812
U,948,903,823,790,820,787,906,826,911,808
U,947,903,823,790,817,789,904,831,906,810
U,945,899,824,790,819,789,905,828,901,812
U,949,904,825,790,818,787,904,826,903,808
U,943,902,823,788,819,789,905,829,902,809
U,944,903,823,792,818,788,903,830,903,808
U,944,907,824,789,818,789,903,827,903,812
U,942,901,823,789,819,787,905,827,905,808
U,941,900,825,786,816,787,904,829,903,809
U,944,904,823,789,816,788,905,828,902,810
U,947,904,823,791,819,789,907,828,900,815
U,943,903,826,793,817,790,905,830,903,811
U,945,900,823,787,820,787,903,826,906,811
U,950,902,824,789,818,786,906,829,901,810
U,943,903,823,789,817,789,903,829,906,811
U,947,901,825,790,818,787,905,828,905,809
U,948,901,824,789,818,787,904,828,905,808
U,948,902,824,789,817,788,905,826,900,809
U,944,900,822,790,816,787,901,826,904,809
U,942,902,823,792,817,789,903,828,903,813
U,949,903,823,791,817,789,903,827,903,808
U,949,900,824,788,813,787,904,826,901,809
U,946,900,824,793,815,789,903,828,906,811
U,946,901,824,791,817,787,902,825,904,811
U,947,900,824,792,817,789,905,826,904,819
U,942,904,825,790,815,789,905,826,902,809
U,944,901,823,792,816,788,903,830,906,809
U,943,901,823,788,814,788,906,829,904,812
U,941,902,823,789,817,787,903,827,905,811
U,947,904,824,792,814,789,903,827,902,808
U,942,901,825,790,817,788,905,827,905,812
U,944,904,824,791,815,790,904,831,903,809
U,946,906,824,788,817,789,905,827,905,809
U,946,902,824,792,815,787,901,828,906,811
U,947,904,824,790,815,787,903,824,904,811
U,949,904,824,791,817,788,906,827,902,809
U,944,900,824,792,815,789,904,828,903,811
U,944,902,824,791,816,789,903,829,903,811
U,946,901,824,791,816,789,904,828,905,807
U,945,900,825,792,815,788,904,826,907,809
U,946,901,825,791,814,788,904,828,903,812
U,948,903,823,791,816,788,902,827,906,811
U,951,902,823,792,815,788,904,829,903,810
U,946,902,822,790,816,789,904,826,902,808
U,947,901,823,790,815,786,905,830,904,808
U,948,902,823,792,816,789,905,829,905,809
U,947,902,824,789,817,786,904,833,902,813
U,949,900,823,792,816,788,904,827,903,810
U,944,899,824,791,816,789,902,829,902,808
U,944,907,823,790,813,789,906,827,903,809
U,947,902,823,791,817,787,903,828,900,811
U,940,904,825,789,818,789,904,830,901,809
U,936,904,822,787,821,787,902,830,903,812
U,945,902,824,791,819,790,905,830,902,813
U,948,903,823,794,822,790,901,831,902,807
U,942,902,825,790,820,789,903,824,903,812
U,943,899,825,792,820,789,903,827,905,808
U,948,901,823,792,821,789,906,826,903,801
U,947,903,825,791,819,788,902,827,902,808
U,947,901,822,791,819,789,904,825,901,812
U,946,902,824,790,819,788,902,829,904,810
U,946,901,823,792,818,789,903,828,903,810
U,943,902,825,791,820,789,901,828,900,813
U,942,902,825,792,817,788,905,826,907,811
U,941,902,824,790,818,790,902,830,901,810
U,949,902,824,790,817,789,904,825,905,812
U,942,902,824,789,817,788,902,828,905,809
U,947,901,825,792,818,789,903,827,901,810
U,946,903,821,793,819,788,904,827,904,810
U,946,903,825,789,819,788,901,827,902,810
U,950,901,823,790,818,789,901,826,904,806
U,944,903,825,792,818,789,902,827,901,806
U,946,903,824,790,820,787,900,830,906,808
U,947,901,824,791,817,787,903,830,903,810
U,947,902,823,792,817,788,903,825,904,811
U,946,902,825,792,818,788,905,830,906,809
U,944,901,823,791,817,788,905,828,903,811
U,945,899,825,792,817,789,904,825,904,812
U,947,903,825,789,817,789,901,827,903,810
U,942,900,822,791,816,788,902,826,901,812
U,946,904,825,792,816,788,902,828,901,808
U,943,903,824,788,819,787,903,825,901,808
U,943,903,823,792,817,789,905,830,903,809
U,944,899,824,793,817,788,903,827,907,804
U,945,904,824,792,818,788,904,828,902,811
U,946,903,823,790,817,788,904,826,904,809
U,943,903,825,791,819,788,902,830,902,809
U,944,901,823,790,818,789,903,826,905,806
U,945,904,825,792,817,788,903,829,903,812
U,947,900,823,791,817,789,903,828,906,806
U,945,901,826,787,818,789,904,826,903,813
U,948,902,824,790,818,787,903,827,902,814
U,947,899,824,791,815,790,902,829,903,810
U,942,903,825,791,817,789,901,827,907,809
U,941,901,824,790,816,788,905,830,902,809
U,947,901,825,790,817,789,902,827,905,808
U,948,898,821,787,817,789,904,827,901,812
U,946,901,824,792,815,787,901,829,905,811
U,947,902,825,792,817,789,903,828,901,810
U,942,905,825,789,818,788,903,824,902,812
U,945,900,824,793,816,788,903,829,905,808
U,942,902,824,790,817,790,902,828,903,812
U,948,901,823,792,818,789,903,828,907,811
U,944,901,823,790,816,788,900,831,901,808
U,945,905,822,797,817,786,904,825,904,809
U,948,901,824,791,817,789,904,826,902,809
U,948,901,824,790,815,787,903,827,907,807
U,945,901,825,792,817,788,902,823,902,808
U,943,902,823,792,815,789,904,826,901,812
U,942,901,824,790,816,789,903,831,902,811
U,945,903,825,790,816,787,902,826,904,811
U,941,898,823,790,819,787,905,828,903,810
U,941,901,825,790,815,788,904,825,901,812
U,942,900,823,790,819,787,904,831,905,809
U,946,905,823,792,820,788,905,827,905,812
U,945,900,823,792,819,787,905,829,906,809
U,946,899,822,793,816,789,903,831,906,806
U,945,903,824,790,817,788,902,826,901,808
U,944,903,823,790,818,787,903,825,902,808
U,947,903,825,791,817,786,903,827,899,813
U,943,903,826,792,819,787,903,830,901,808
U,947,902,827,790,818,787,903,827,902,809
U,945,900,825,792,817,787,902,827,904,809
U,944,901,822,791,820,789,901,826,903,810
U,946,903,825,790,820,788,904,829,906,809
U,933,892,825,795,818,790,902,830,902,807
U,948,901,824,792,825,791,906,825,908,809
U,943,903,824,792,820,787,902,828,905,810
U,939,905,825,789,820,787,901,829,905,811
U,945,903,823,789,818,787,900,824,903,810
U,945,900,825,792,818,789,902,828,905,808
U,946,907,824,791,820,787,901,827,904,805
U,945,901,823,792,819,787,901,830,900,807
U,947,903,826,793,819,789,904,829,903,810
U,947,904,825,791,818,789,902,826,904,811
U,941,900,825,793,820,789,902,826,902,807
U,947,902,826,790,818,790,905,830,899,812
U,945,904,823,791,821,787,904,827,902,809
U,946,900,823,793,820,789,903,826,902,808
U,943,901,824,793,821,787,904,827,906,810
U,943,903,826,792,821,787,904,828,903,809
U,942,903,824,791,820,789,905,829,902,811
U,948,902,824,793,819,786,903,830,901,812
U,944,903,824,793,821,789,904,828,903,809
U,945,903,825,793,820,787,904,825,902,807
U,940,901,825,787,819,788,902,825,903,811
U,943,902,823,791,821,788,902,826,901,809
U,947,902,825,792,821,789,900,826,904,814
U,941,903,826,788,817,791,902,827,905,811
U,945,901,824,790,820,787,903,827,904,810
U,944,903,825,792,821,789,903,827,901,810
U,941,900,824,791,820,790,901,829,902,809
U,949,902,824,790,819,790,904,829,904,806
U,946,903,823,791,821,788,904,827,901,808
U,948,903,824,792,820,789,903,826,903,812
U,947,901,824,790,821,787,903,830,899,807
U,940,905,823,791,818,790,901,828,905,810
U,944,902,825,791,821,787,902,826,904,807
U,948,900,825,790,819,788,900,827,900,811
U,945,901,823,793,820,789,902,827,902,810
U,943,902,826,790,823,789,901,830,904,810
U,941,901,825,791,821,788,903,826,904,810
U,944,903,825,792,821,787,902,819,905,807
U,948,903,826,793,822,789,903,826,904,811
U,952,902,825,792,820,789,901,828,904,806
U,946,899,822,792,822,788,902,827,899,813
U,942,900,823,794,822,788,902,826,905,809
U,947,904,824,792,820,787,904,826,905,807
U,948,900,826,794,819,787,904,826,901,812
U,942,902,826,792,822,789,901,827,902,811
U,946,904,825,794,819,788,904,829,903,810
U,941,901,826,790,821,788,900,829,901,807
U,944,900,825,791,819,788,903,825,907,810
U,941,902,825,789,819,789,903,828,899,805
U,943,902,825,791,818,790,901,830,901,813
U,942,901,825,790,819,788,901,825,905,807
U,947,902,823,789,820,790,902,826,902,810
U,943,900,823,789,821,789,902,828,902,813
U,939,900,822,792,820,787,903,825,904,811
U,944,901,825,792,821,789,899,825,903,806
U,944,900,825,793,819,789,902,826,904,807
U,937,904,826,794,821,789,903,828,902,808
U,947,900,826,790,819,789,903,827,902,811
U,946,903,824,792,820,788,902,828,904,809
U,940,904,824,791,820,790,901,826,903,808
U,945,902,826,792,822,789,901,829,900,812
U,943,904,826,790,822,789,903,827,905,806
U,941,902,824,792,821,789,903,826,904,807
U,940,900,823,792,822,787,902,825,903,804
U,947,902,826,791,821,788,903,829,902,809
U,943,901,826,792,822,789,904,827,904,807
U,945,901,825,790,820,788,903,829,902,806
U,946,901,825,791,822,789,903,829,902,808
U,950,903,826,791,821,786,901,829,905,810
U,942,902,825,792,820,789,901,828,901,811
U,943,901,824,791,821,788,904,829,903,810
U,944,902,824,790,820,788,904,828,899,808
U,945,901,824,790,820,789,901,827,904,808
U,947,900,825,793,821,789,904,825,903,812
U,948,900,824,793,822,787,902,825,905,811
U,947,900,825,792,819,789,903,824,903,809
U,949,899,824,792,821,788,902,826,903,809
U,940,902,825,792,821,788,903,826,902,808
U,945,898,827,798,821,787,902,828,905,808
U,941,900,824,791,821,787,903,829,905,809
U,946,901,825,791,821,787,904,828,906,806
U,941,905,825,791,820,786,902,827,903,810
U,946,901,825,792,821,788,905,829,902,812
U,948,904,824,793,817,789,902,825,901,812
U,946,901,825,791,821,788,904,826,902,812
U,945,902,825,790,821,790,906,825,906,815
U,946,903,825,791,822,788,902,829,905,809
U,948,900,826,791,823,789,900,825,899,811
U,940,901,826,789,824,790,904,830,907,811
U,945,902,825,791,819,788,904,827,900,810
U,938,898,826,791,820,788,902,826,905,810
U,942,900,824,792,821,789,903,828,906,811
U,946,904,823,790,820,787,901,828,899,814
U,942,908,828,787,823,788,902,828,903,810
U,942,902,823,793,824,789,902,827,906,810
U,942,899,826,794,824,786,903,829,906,807
U,941,904,826,792,820,787,902,830,903,805
U,942,901,825,792,824,788,902,830,902,813
U,944,904,825,794,819,787,902,830,904,806
U,946,902,825,789,818,790,903,824,905,807
U,944,899,826,789,822,787,904,827,903,812
U,946,901,825,791,821,788,907,828,904,813
U,944,902,825,791,822,788,903,829,904,813
U,941,903,823,793,822,787,904,826,901,813
U,944,900,823,792,820,789,903,829,904,810
U,944,903,824,793,818,789,904,829,906,809
U,947,904,826,791,821,788,904,828,903,810
U,941,899,826,792,822,790,904,828,905,809
U,942,901,826,791,820,788,901,828,904,810
U,946,902,823,793,822,785,900,826,902,807
U,945,901,826,791,819,790,903,829,907,810
U,945,900,825,791,820,788,902,826,904,809
U,946,899,825,792,820,789,905,825,903,812
U,945,901,825,790,821,789,904,828,905,811
U,950,903,826,791,823,788,903,828,906,812
U,946,903,826,790,820,789,903,826,904,811
U,947,905,826,791,823,790,906,821,904,812
U,948,901,825,792,820,787,903,825,903,810
U,945,904,824,793,823,788,903,827,905,810
U,945,899,828,791,823,786,904,830,903,808
U,947,900,826,793,822,788,903,827,905,810
U,947,903,823,790,821,789,903,828,901,810
U,946,903,824,792,823,789,902,829,901,812
U,945,901,824,792,824,788,901,831,903,804
U,945,901,825,792,823,788,903,828,904,806
U,946,901,825,790,825,787,903,826,904,808
U,940,900,823,790,823,788,903,827,902,808
U,946,901,825,793,819,791,901,823,902,809
U,947,901,825,790,825,788,903,827,903,813
U,940,903,826,791,823,788,904,824,903,809
U,944,902,825,791,823,789,904,828,904,807
U,946,901,824,793,822,786,901,830,903,807
U,943,897,824,792,822,787,900,830,906,810
U,944,900,824,792,824,787,903,828,903,809
U,940,904,826,792,823,790,903,826,905,807
U,946,903,824,791,823,789,904,828,905,801
U,941,904,828,792,825,790,903,827,906,812
U,946,903,826,792,824,787,903,824,902,807
U,940,901,826,793,827,789,903,827,902,806
U,948,900,826,793,826,789,900,830,906,810
U,943,902,825,793,825,789,903,825,904,802
U,946,898,824,794,826,790,903,826,903,810
U,948,901,826,792,826,787,904,825,906,806
U,940,900,824,792,825,788,903,826,903,811
U,943,900,824,791,823,789,904,829,900,806
U,942,898,824,791,824,787,901,829,903,808
U,946,900,826,790,823,788,904,826,903,810
U,944,902,824,790,821,788,904,826,902,809
U,945,903,826,792,825,789,903,829,906,811
U,946,901,824,791,824,788,904,829,902,812
U,937,901,826,793,825,786,902,829,903,810
U,942,903,826,789,826,789,904,828,904,811
U,946,902,825,793,824,788,904,827,902,810
U,942,902,824,792,825,785,900,826,906,809
U,939,901,826,791,828,787,902,829,904,810
U,942,903,825,792,825,788,903,827,901,811
U,945,901,825,789,825,788,902,823,905,807
U,942,902,826,791,827,789,901,828,906,811
U,940,904,825,791,828,788,901,826,904,811
U,941,898,824,792,826,788,904,829,902,809
U,942,903,826,789,825,787,903,828,902,807
U,947,900,826,792,825,790,903,826,905,807
U,946,900,826,792,829,787,903,827,904,808
U,945,902,826,793,829,790,903,827,904,807
U,946,901,825,791,830,787,904,827,905,808
U,946,901,826,796,830,789,905,829,902,812
U,948,905,825,792,828,787,903,827,905,812
U,949,902,826,793,828,787,903,828,904,810
U,944,900,826,793,826,789,902,830,906,808
U,944,903,823,796,828,788,903,827,904,810
U,948,903,825,793,827,788,902,827,901,810
U,940,899,825,793,826,788,902,828,903,812
U,943,900,826,793,828,789,902,828,904,810
U,943,904,824,790,824,787,901,821,905,807
U,943,903,826,792,826,789,904,827,902,809
U,945,900,824,793,827,790,903,827,902,812
U,945,903,825,793,826,790,903,826,903,805
U,940,899,824,792,826,788,903,830,906,809
U,943,902,824,792,828,789,901,830,905,810
U,943,903,825,791,827,789,903,829,902,813
U,946,904,824,792,827,790,905,824,903,811
U,945,902,825,791,825,788,904,827,903,811
U,940,900,826,792,823,790,902,830,905,808
U,947,901,825,791,822,789,903,826,903,812
U,941,898,827,791,818,788,903,829,905,811
U,945,902,825,793,821,789,902,825,905,806
U,943,900,826,795,824,788,904,826,906,809
U,940,900,824,793,819,790,904,826,899,812
U,943,900,826,791,819,788,901,830,901,810
U,941,903,823,790,819,790,901,830,902,811
U,937,900,825,792,820,792,902,828,904,811
U,943,900,826,793,822,793,899,833,904,805
U,945,901,826,793,819,788,903,829,903,808
U,947,903,826,793,820,788,901,821,901,808
U,943,906,826,790,820,787,902,828,905,808
U,945,902,827,793,820,790,902,825,904,811
U,947,901,826,790,818,790,904,824,901,813
U,943,905,824,791,820,790,904,828,905,808
U,945,899,825,791,817,788,902,826,903,808
U,944,902,824,791,818,787,901,825,905,809
U,945,900,825,790,818,788,903,831,905,807
U,943,899,827,793,820,789,903,828,902,808
U,942,903,825,789,822,789,901,829,898,811
U,940,901,824,790,816,787,901,827,901,808
U,943,902,825,792,820,789,899,824,901,807
U,942,897,826,795,819,791,898,827,905,811
U,945,902,825,792,820,790,905,833,903,810
U,942,901,825,791,819,789,904,828,904,811
U,946,903,827,793,817,789,902,831,902,814
U,946,901,825,792,819,788,904,829,901,808
U,940,896,826,795,821,791,906,828,902,811
U,944,903,824,790,820,790,902,828,905,808
U,944,903,826,791,820,788,902,825,906,813
U,948,899,826,794,820,788,901,826,904,810
U,947,900,826,794,821,789,901,826,904,809
U,945,900,824,793,821,788,901,829,905,811
U,944,901,825,793,819,789,902,827,906,809
U,941,903,826,793,820,790,903,830,896,816
U,941,900,825,792,819,790,902,825,906,811
U,942,904,825,791,821,790,901,828,905,806
U,946,904,826,793,819,790,905,828,900,809
U,943,901,826,793,820,788,903,830,904,809
U,942,901,826,794,817,787,901,821,908,809
U,949,897,822,798,819,787,904,828,904,810
U,945,904,828,789,818,791,902,827,901,811
U,944,903,825,793,817,790,904,830,904,809
U,944,903,826,793,818,787,903,828,902,808
U,943,903,825,791,819,788,905,826,901,806
U,945,900,825,791,820,790,901,824,901,809
U,941,899,826,793,819,789,902,828,909,806
U,947,901,825,790,820,789,903,826,904,811
U,947,901,824,791,820,790,902,829,902,811
U,942,903,826,791,820,788,902,827,903,809
U,947,900,824,791,819,787,902,829,903,809
U,947,903,826,791,818,789,903,827,901,812
U,946,903,826,793,819,790,900,828,905,809
U,945,898,828,794,819,789,903,827,903,811
U,944,902,826,793,818,787,903,828,901,807
U,947,901,823,793,819,790,902,829,902,810
U,946,904,827,792,819,789,902,826,902,811
U,942,900,826,792,819,789,903,827,904,809
U,947,901,825,791,820,790,903,830,906,807
U,944,901,824,794,820,787,902,828,904,811
U,941,901,826,791,818,789,901,828,904,807
U,941,898,826,792,818,789,903,828,903,810
U,949,902,826,792,818,788,903,828,902,807
U,944,902,827,791,820,788,902,828,904,811
U,944,905,825,789,821,788,904,829,905,805
U,944,901,826,791,820,788,901,829,900,811
U,944,900,825,794,819,789,906,833,905,807
U,948,901,824,791,817,789,903,828,902,811
U,949,903,827,793,820,788,904,829,903,812
U,946,903,825,794,819,790,901,828,905,813
U,944,902,827,791,820,787,903,825,903,809
U,943,901,826,794,819,790,905,830,907,807
U,941,903,826,794,820,789,900,828,903,811
U,942,899,825,791,818,790,904,827,901,811
U,942,902,825,794,817,788,904,828,904,807
U,942,905,824,791,817,789,903,830,902,811
U,942,903,825,794,818,789,903,825,904,810
U,941,903,825,793,819,790,903,829,904,811
U,942,901,825,792,820,787,904,826,902,812
U,946,904,826,793,818,788,904,826,902,810
U,944,902,826,795,821,787,904,826,901,808
U,947,903,826,792,820,787,903,827,900,807
U,940,906,827,793,818,789,903,826,903,810
U,946,900,823,792,818,790,905,827,903,810
U,940,900,826,793,818,786,902,826,903,807
U,944,900,825,794,819,787,902,826,904,807
U,945,903,826,791,819,788,903,829,898,799
U,945,899,825,790,820,790,902,824,905,811
U,942,896,825,797,820,788,901,825,903,810
U,947,899,824,793,817,790,900,828,902,808
U,945,902,825,793,818,787,905,833,900,807
U,944,904,825,792,818,790,902,827,905,810
U,943,898,824,794,819,787,900,827,905,812
U,943,899,824,792,820,789,905,824,904,812
U,948,900,827,794,818,790,904,829,904,808
U,948,901,826,794,819,789,904,826,900,806
U,944,901,827,794,818,790,903,824,902,807
U,949,904,821,794,817,790,902,828,901,813
U,942,903,827,792,818,789,902,828,903,808
U,944,906,826,793,820,790,901,827,904,810
U,945,903,825,792,820,786,902,825,902,807
U,950,899,824,794,820,790,903,827,905,807
U,948,903,825,792,818,790,901,829,899,809
U,940,900,826,792,819,788,901,827,903,810
U,946,903,826,795,818,787,903,828,904,807
U,947,901,825,793,818,788,904,826,901,812
U,945,901,826,791,819,787,901,825,900,812
U,946,901,824,794,819,789,903,827,902,811
U,948,904,827,792,819,787,902,827,903,809
U,937,900,826,793,817,789,903,826,904,810
U,946,903,825,792,818,790,903,826,903,809
U,950,906,825,797,822,789,902,827,903,808
U,946,902,825,793,819,788,904,829,902,808
U,944,902,827,791,821,786,903,831,906,807
U,948,902,824,791,821,792,906,826,902,809
U,947,900,826,794,820,789,903,828,905,811
U,947,901,825,793,819,788,901,825,906,808
U,945,902,824,793,820,788,903,827,904,806
U,944,901,826,793,819,789,903,831,903,811
U,945,900,825,793,817,789,901,831,904,808
U,942,902,826,793,816,790,902,827,905,810
U,944,899,823,792,820,789,901,827,903,808
U,945,901,826,791,818,788,903,825,901,812
U,941,898,826,794,821,790,902,829,901,812
U,947,903,828,792,818,789,904,827,904,813
U,946,900,825,794,818,788,901,829,903,811
U,942,901,827,791,818,790,906,825,898,808
U,947,903,827,793,818,789,901,827,906,812
U,945,901,824,793,818,789,901,831,900,806
U,943,904,824,797,816,787,896,829,905,810
U,946,903,826,792,819,790,905,829,902,811
U,946,900,825,790,817,789,902,828,904,810
U,941,904,826,797,816,788,902,829,904,807
U,940,902,827,793,820,787,904,837,900,809
U,947,902,827,792,820,790,902,825,903,810
U,942,899,824,793,820,788,901,827,904,811
U,942,901,825,792,820,789,904,827,905,808
U,946,901,825,795,819,790,901,829,900,808
U,946,901,826,794,820,789,901,829,901,809
U,947,900,827,791,818,789,903,830,902,811
U,945,903,825,793,819,788,904,826,900,812
U,944,901,825,791,819,788,902,827,903,812
U,946,902,826,795,817,788,904,825,903,812
U,944,903,825,793,818,788,902,826,905,809
U,943,899,827,792,818,788,903,827,904,809
U,947,900,826,793,819,790,901,825,905,810
U,935,902,825,794,819,788,901,826,904,808
U,946,904,825,792,817,789,901,829,903,803
U,940,903,825,793,819,788,901,829,905,810
U,947,899,828,793,819,788,903,825,904,811
U,947,900,825,792,819,790,903,828,904,809
U,946,903,827,792,817,789,900,828,905,812
U,948,901,827,792,820,788,902,828,904,812
U,946,902,824,792,819,787,903,830,903,807
U,946,902,826,792,818,787,903,829,904,807
U,946,900,826,793,817,789,903,830,900,813
U,947,900,826,794,818,788,902,824,900,812
U,947,901,826,792,816,787,905,826,906,811
U,944,902,823,791,817,788,900,827,900,806
U,944,902,827,791,819,787,901,823,901,809
U,938,908,825,792,820,789,903,828,904,811
U,944,901,826,792,818,790,902,828,902,807
U,943,900,825,792,818,789,902,827,906,810
U,944,904,825,791,818,788,903,828,906,805
U,942,899,827,791,820,787,902,826,900,812
U,944,901,826,791,819,788,901,826,905,811
U,949,902,824,793,819,789,903,827,903,808
U,946,903,824,792,817,789,902,827,902,813
U,941,904,827,794,818,789,904,826,902,810
U,943,903,826,792,817,788,903,827,902,809
U,945,906,827,794,819,790,903,825,902,809
U,947,901,823,792,820,788,903,826,904,806
U,947,900,827,791,818,790,903,829,903,807
U,937,903,827,786,819,790,903,828,902,808
U,940,904,826,791,818,787,903,829,906,810
U,948,903,826,792,818,789,902,826,905,811
U,942,903,825,792,820,787,901,830,902,811
U,946,901,825,795,820,789,902,830,902,812
U,941,901,825,793,819,788,902,827,902,810
U,942,902,827,792,816,790,904,827,906,812
U,942,901,824,793,819,786,902,830,904,814
U,944,902,825,793,817,790,904,827,904,807
U,944,904,825,789,822,788,902,827,905,811
U,944,900,826,792,820,787,899,826,903,809
U,947,900,827,792,819,788,903,827,904,809
