A,938,894,947,840,915,824,904,826,912,796
A,937,892,946,841,914,822,905,826,914,796
A,939,893,947,840,915,823,904,826,914,796
A,940,894,944,840,914,823,905,826,913,797
A,936,893,946,840,914,823,905,825,913,797
A,939,892,945,841,915,823,904,827,913,796
A,939,895,944,837,915,822,905,827,916,795
A,940,892,947,841,916,822,904,826,912,796
A,940,893,944,840,917,824,905,824,915,796
A,937,892,947,840,915,823,904,826,914,796
A,940,893,947,841,914,822,904,826,915,796
A,941,892,946,840,916,823,905,826,914,795
A,942,893,947,841,913,824,905,827,915,795
A,943,893,946,840,915,823,904,825,915,796
A,940,894,946,839,914,822,904,825,913,796
A,941,892,946,841,913,823,904,824,913,796
A,942,892,947,841,916,822,904,825,913,795
A,940,892,946,840,916,822,904,826,914,796
A,939,894,946,841,913,823,904,826,912,796
A,940,894,947,840,915,822,902,825,912,796
A,943,893,946,839,913,821,905,825,913,796
A,938,893,947,841,914,822,904,826,913,796
A,940,894,946,839,915,822,904,825,913,795
A,943,893,947,840,916,821,903,825,911,796
A,939,890,946,840,915,822,903,825,914,796
A,939,892,946,841,915,823,905,826,913,796
A,941,894,947,841,914,822,904,826,913,796
A,936,895,946,840,915,821,904,825,913,796
A,940,893,945,841,913,822,905,825,915,794
A,941,894,945,841,914,823,904,826,914,795
A,939,891,944,840,914,822,904,825,913,796
A,941,893,946,841,913,823,904,825,914,795
A,940,893,946,839,914,821,903,826,912,796
A,940,893,946,840,915,822,904,825,914,796
A,942,892,946,840,913,822,903,824,912,796
A,940,892,947,840,914,823,905,826,912,794
A,938,893,946,841,914,822,903,825,913,795
A,940,891,946,838,913,821,903,826,912,794
A,937,894,946,841,913,824,904,824,910,796
A,940,894,945,839,914,823,904,825,914,795
A,942,889,944,840,915,822,905,825,914,793
A,941,892,947,839,916,823,903,825,914,794
A,935,890,945,841,916,821,905,825,913,794
A,940,893,945,839,916,823,904,824,912,794
A,939,894,946,840,915,822,904,826,914,794
A,937,891,945,840,915,822,903,825,914,795
A,940,894,945,838,918,822,904,824,914,795
A,936,894,945,837,915,823,903,825,914,795
A,938,892,946,841,916,824,903,824,914,795
A,941,893,946,838,914,822,903,826,912,795
A,940,892,946,840,914,822,903,826,912,794
A,938,892,946,838,915,822,902,825,912,794
A,938,894,946,838,913,822,904,825,911,794
A,938,892,945,841,915,822,903,824,913,796
A,939,892,945,839,913,821,903,824,914,796
A,941,892,947,839,915,822,903,825,913,794
A,940,893,946,840,913,823,903,825,911,794
A,938,893,943,839,915,822,903,824,914,795
A,938,894,946,840,915,823,904,825,914,795
A,940,895,945,839,914,822,903,825,911,794
A,932,891,945,839,914,823,904,824,913,795
A,940,891,944,838,913,822,903,824,913,795
A,938,892,945,840,912,822,904,822,908,795
A,936,893,945,839,914,823,904,823,911,795
A,938,890,945,840,916,823,904,825,912,795
A,938,892,946,840,914,822,903,824,912,796
A,938,893,947,838,911,822,904,824,912,795
A,938,892,946,840,915,821,903,825,914,796
A,940,892,945,839,913,821,901,825,913,795
A,941,894,944,837,914,821,902,824,910,794
A,939,892,944,840,914,823,903,824,914,795
A,935,891,945,840,915,823,903,825,914,794
A,938,894,945,840,916,821,903,825,914,795
A,935,894,945,839,913,823,902,825,914,794
A,942,893,945,839,916,821,903,824,910,794
A,941,894,946,839,914,821,904,824,912,795
A,938,893,946,839,914,822,902,824,912,793
A,940,893,945,838,914,821,903,823,912,794
A,936,890,946,840,913,822,904,825,914,795
A,940,893,946,839,914,821,904,823,914,795
A,938,891,946,840,912,823,902,825,913,793
A,939,893,946,840,912,822,903,825,912,795
A,942,892,945,840,914,822,903,824,913,794
A,942,894,945,839,913,821,903,825,912,793
A,937,892,946,841,913,822,903,824,914,795
A,942,893,946,841,915,820,902,824,912,794
A,940,892,946,840,912,823,904,823,912,794
A,938,891,945,839,914,822,903,824,913,794
A,937,890,946,839,914,820,902,824,913,793
A,938,894,945,838,912,820,903,823,911,794
A,938,892,946,839,914,822,902,823,911,792
A,940,891,944,838,913,821,904,824,914,793
A,939,891,945,839,914,819,901,823,912,794
A,936,892,945,838,914,821,902,824,913,795
A,937,892,946,839,913,822,902,822,912,795
A,941,892,946,839,913,822,900,823,912,794
A,938,891,945,839,913,822,901,823,912,794
A,940,893,945,838,913,822,903,823,911,796
A,937,893,946,839,915,822,901,824,911,794
A,938,892,944,838,913,822,902,824,914,793
A,938,892,946,840,914,820,902,823,913,793
A,936,892,944,838,915,822,902,823,910,794
A,935,891,945,839,913,821,902,821,913,793
A,940,893,945,838,916,820,904,822,912,794
A,937,891,945,839,913,822,902,822,911,796
A,936,894,947,840,912,820,903,823,914,793
A,937,892,945,839,913,819,901,823,912,794
A,941,893,945,838,913,821,902,822,910,794
A,939,892,945,838,914,821,903,823,913,794
A,936,891,946,838,913,820,902,823,914,796
A,938,892,944,837,913,820,902,822,912,794
A,935,893,945,839,913,819,903,822,912,794
A,938,893,945,837,915,822,903,822,912,793
A,940,891,944,837,913,820,902,823,912,795
A,939,893,945,838,914,821,903,823,913,793
A,937,893,944,839,912,822,903,822,912,795
A,936,892,944,840,913,822,902,822,911,794
A,937,892,946,838,914,821,901,822,913,794
A,936,893,945,839,913,821,901,823,911,794
A,938,892,945,839,914,820,900,823,910,793
A,941,890,945,837,913,821,902,823,910,792
A,939,893,945,839,912,822,902,822,911,794
A,940,890,945,837,915,821,901,823,912,792
A,937,893,945,837,915,820,902,822,912,793
A,937,893,945,838,913,821,902,821,911,794
A,940,891,944,837,912,821,902,823,914,793
A,941,891,945,837,911,821,902,824,914,792
A,940,892,945,838,912,821,902,822,911,793
A,937,893,944,838,915,820,901,823,914,792
A,939,892,944,837,915,821,901,822,910,793
A,937,892,944,838,913,820,901,822,913,794
A,936,894,945,838,914,822,902,823,912,794
A,936,892,945,838,914,821,901,822,911,793
A,937,893,944,837,910,821,901,822,912,793
A,937,891,945,837,914,821,901,821,911,793
A,935,892,944,838,915,819,902,822,913,793
A,938,892,946,837,913,821,900,823,911,793
A,940,892,945,837,913,819,901,822,910,794
A,937,891,945,839,914,819,902,822,912,793
A,936,893,944,839,913,819,901,822,911,793
A,937,892,944,838,914,820,901,822,911,793
A,936,891,945,837,914,820,902,821,910,793
A,941,893,945,838,914,820,901,822,913,794
A,941,894,943,837,914,821,902,822,914,791
A,939,893,944,837,913,821,902,821,910,794
A,940,893,945,839,913,820,902,822,910,792
A,941,892,944,837,912,820,901,822,912,792
A,936,893,945,838,912,820,902,822,911,793
A,936,893,943,839,914,820,900,822,912,793
A,941,890,944,839,914,821,902,823,912,793
A,938,892,943,838,915,819,901,821,913,792
A,938,892,942,836,914,820,902,822,911,794
A,940,893,945,837,912,820,901,821,912,792
A,938,893,944,837,913,820,901,822,910,793
A,938,893,946,839,914,821,900,822,914,792
A,934,893,944,838,912,819,901,821,912,793
A,938,893,943,837,913,819,900,822,912,791
A,936,890,943,837,914,820,901,823,910,794
A,939,893,945,839,913,820,902,822,911,794
A,942,892,945,835,912,821,901,822,912,793
A,940,890,944,838,914,820,901,822,912,793
A,940,891,945,837,914,818,901,822,912,793
A,937,891,946,836,912,819,901,822,911,793
A,941,893,944,836,914,820,901,821,911,793
A,938,892,945,837,914,819,902,823,911,794
A,938,892,944,837,912,820,901,821,911,792
A,939,892,943,838,914,820,901,820,910,792
A,938,894,946,836,911,820,900,822,910,792
A,940,891,945,838,913,820,901,821,912,791
A,935,893,945,837,912,820,901,821,912,793
A,939,890,943,838,914,819,901,821,909,791
A,939,890,944,837,913,820,902,821,912,792
A,939,891,944,837,914,821,901,822,911,793
A,938,891,944,837,913,820,900,822,912,792
A,938,891,945,837,914,818,901,822,912,792
A,935,894,946,837,912,821,901,821,912,792
A,939,892,945,838,912,819,901,820,913,791
A,940,890,945,838,913,819,901,822,911,792
A,938,893,944,838,912,819,900,820,912,793
A,936,894,944,837,915,819,902,822,909,793
A,937,890,944,836,913,821,901,821,909,791
A,939,892,946,836,913,820,901,821,911,793
A,937,893,945,838,914,821,900,822,913,792
A,940,893,946,836,914,820,902,820,910,792
A,938,893,944,838,913,820,901,820,910,792
A,939,894,944,837,912,819,899,821,910,792
A,941,892,943,837,913,821,901,821,910,792
A,938,892,944,838,914,821,901,822,910,793
A,939,892,943,835,913,820,899,822,911,791
A,934,892,945,839,912,821,900,819,911,792
A,936,891,944,836,914,821,901,821,911,793
A,938,890,944,838,913,820,900,821,911,793
A,937,892,944,838,912,821,901,821,911,793
A,938,891,944,836,912,821,900,821,912,793
A,940,892,945,837,913,820,901,820,913,793
A,937,891,944,838,913,820,900,821,912,791
A,935,892,944,834,913,820,900,821,912,792
A,938,893,944,837,912,819,900,819,911,793
A,935,892,944,835,914,821,900,820,911,792
A,938,891,943,837,912,818,901,821,910,792
A,937,894,943,837,911,821,901,822,911,793
A,936,893,944,837,911,819,901,822,911,792
A,938,891,944,837,913,821,899,820,910,791
A,937,890,943,836,911,819,901,819,910,793
A,936,891,944,838,912,820,900,821,909,791
A,935,891,944,836,912,821,900,821,913,793
A,936,892,944,837,913,819,899,821,909,791
A,939,893,944,835,913,820,900,821,912,791
A,939,891,943,835,913,820,900,820,910,793
A,937,891,943,835,913,821,900,820,910,791
A,939,893,943,836,911,820,900,820,910,792
A,935,892,943,837,913,821,901,821,909,791
A,937,890,944,839,912,820,898,821,911,791
A,935,893,944,838,911,818,899,822,910,791
A,939,891,943,837,914,820,901,821,912,791
A,937,892,944,837,911,819,899,821,910,792
A,939,891,945,836,913,819,901,820,912,793
A,939,892,943,837,913,822,900,820,910,793
A,935,891,944,837,912,821,900,821,910,791
A,938,892,944,836,913,821,899,821,913,793
A,940,890,944,839,912,819,901,822,911,791
A,936,890,944,838,911,821,900,821,911,792
A,935,893,944,836,913,821,900,821,909,791
A,936,892,944,839,912,818,898,820,911,791
A,936,892,945,837,912,819,900,821,911,790
A,938,891,943,837,913,819,901,821,912,793
A,936,892,945,836,911,820,900,820,910,792
A,938,891,942,837,913,820,899,821,910,792
A,935,892,945,837,911,818,900,821,911,790
A,935,892,945,836,912,820,900,821,908,791
A,937,891,942,836,911,820,899,822,910,791
A,936,892,943,835,913,820,899,821,910,791
A,937,893,945,836,912,820,901,820,911,790
A,938,894,944,837,912,820,900,820,910,792
A,938,891,943,837,912,819,899,821,911,792
A,935,891,944,836,913,819,900,819,909,792
A,938,892,944,837,912,820,900,821,912,792
A,937,891,943,835,911,821,899,821,911,791
A,940,891,943,836,912,819,899,820,910,791
A,936,893,944,837,911,819,900,821,911,792
A,941,891,945,837,910,820,900,819,910,791
A,939,893,944,836,912,820,900,820,909,792
A,937,889,944,837,911,820,900,820,910,792
A,938,891,943,836,911,820,901,821,912,792
A,939,891,944,836,911,820,899,821,910,792
A,939,893,943,837,912,821,901,820,911,792
A,938,893,944,836,912,819,901,821,910,792
A,937,893,945,836,911,821,899,820,911,793
A,939,892,944,837,910,819,900,821,909,790
A,938,891,945,838,912,820,901,820,912,791
A,937,892,944,836,912,820,901,820,910,791
A,938,891,943,837,912,820,899,820,912,792
A,935,893,945,836,911,819,899,820,911,791
A,940,891,943,836,912,820,899,821,909,791
A,938,893,943,839,912,819,900,821,911,791
A,937,892,944,838,910,818,899,820,909,790
A,936,892,944,837,912,820,900,820,912,792
A,939,892,944,837,912,820,900,820,912,791
A,939,891,943,837,912,819,900,820,911,792
A,939,892,944,837,912,819,900,820,912,791
A,937,893,944,836,912,820,900,820,911,791
A,936,892,945,838,913,819,899,820,910,791
A,938,891,945,837,911,820,900,820,909,791
A,936,893,945,836,913,819,900,819,911,793
A,934,890,943,836,912,820,899,819,910,791
A,939,892,943,837,912,819,899,821,911,793
A,935,892,945,836,910,820,899,821,912,791
A,939,892,943,836,912,819,900,820,910,792
A,936,892,943,837,911,818,900,821,911,790
A,937,892,945,836,912,820,900,821,913,792
A,937,894,943,838,913,819,900,820,909,792
A,939,892,943,835,912,819,900,820,911,792
A,936,891,943,836,912,818,900,819,911,790
A,939,892,944,837,912,820,899,820,913,793
A,938,893,944,836,910,820,900,820,910,791
A,938,891,944,836,911,818,897,820,910,792
A,940,890,943,836,913,819,900,821,911,791
A,940,890,944,837,913,819,899,820,910,792
A,936,890,942,835,911,820,900,820,910,791
A,939,892,943,836,911,819,900,821,910,791
A,937,892,945,837,913,820,899,820,910,791
A,936,893,943,838,910,819,899,820,909,792
A,937,892,943,837,913,819,899,820,912,793
A,935,892,943,836,912,819,900,820,910,792
A,936,889,942,837,911,819,900,819,911,791
A,940,890,943,834,912,819,900,820,909,791
A,935,893,944,836,915,817,899,821,908,791
A,937,893,941,836,912,820,900,820,912,792
A,937,891,942,836,913,818,900,819,909,791
A,939,893,943,835,911,819,899,819,909,790
A,936,893,943,837,913,820,899,820,910,791
A,938,892,943,836,912,819,900,819,910,790
A,936,891,944,837,912,820,901,821,909,790
A,939,891,943,836,911,820,899,820,911,791
A,935,891,944,836,911,820,899,820,909,792
A,936,890,943,838,911,819,899,820,910,792
A,939,892,944,837,911,819,899,820,910,793
A,936,891,943,836,912,818,900,820,910,791
A,938,891,944,835,912,820,898,820,907,791
A,937,892,942,835,911,820,900,820,910,791
A,935,891,944,835,911,820,900,818,910,792
A,939,893,943,837,912,818,899,819,910,793
A,937,892,941,837,912,819,899,819,909,791
A,938,890,942,835,912,820,899,818,911,790
A,938,891,944,837,912,820,898,820,909,791
A,936,889,944,836,912,820,899,820,910,792
A,937,893,942,836,910,819,899,819,909,791
A,937,892,943,836,911,820,899,818,910,790
A,936,892,943,836,911,819,898,820,912,791
A,936,891,944,835,911,819,899,818,909,790
A,937,894,943,835,912,820,898,820,910,789
A,935,891,943,836,912,820,899,818,909,790
A,936,892,943,837,912,820,900,819,911,790
A,937,890,943,835,911,819,899,819,912,791
A,936,890,944,837,913,819,899,819,912,791
A,939,892,942,837,911,819,899,819,909,790
A,937,891,943,835,910,818,899,820,912,789
A,937,892,943,835,911,820,900,818,911,790
A,940,891,944,835,911,819,899,820,911,792
A,939,892,943,835,909,819,898,818,911,790
A,934,892,943,836,910,819,899,819,909,790
A,935,890,944,835,911,819,899,819,908,791
A,937,891,943,835,913,820,899,819,909,791
A,937,891,944,833,911,818,900,819,911,790
A,936,893,943,835,910,820,899,819,909,790
A,938,892,944,835,909,820,899,819,908,791
A,936,888,943,835,912,817,899,819,910,790
A,933,891,944,837,912,817,898,818,909,791
A,937,891,944,835,911,818,899,817,911,793
A,939,891,942,836,910,820,898,819,909,792
A,935,891,944,836,912,819,899,819,909,791
A,936,890,943,836,910,818,898,819,910,790
A,937,892,944,836,910,818,898,818,909,790
A,936,891,946,834,911,819,899,818,911,790
A,935,893,944,837,912,820,899,818,911,790
A,935,892,944,835,911,819,898,818,910,791
A,934,892,943,835,910,818,898,819,909,789
A,938,893,941,837,912,818,900,818,908,792
A,937,892,943,835,911,820,899,819,910,792
A,939,892,944,836,912,819,898,819,909,790
A,939,892,943,835,911,818,898,817,908,792
A,940,889,944,836,912,819,899,818,909,791
A,939,891,943,835,912,819,899,818,910,792
A,936,891,943,834,912,819,900,819,910,790
A,939,891,943,835,912,819,898,819,910,790
A,936,893,945,834,912,819,899,819,911,790
A,935,892,944,835,909,819,899,819,911,790
A,936,892,944,836,914,819,900,818,909,791
A,941,892,943,835,911,819,899,819,910,791
A,939,890,944,835,910,819,899,818,909,791
A,937,893,943,836,912,820,899,818,911,791
A,938,891,943,834,912,817,898,818,912,791
A,937,889,944,836,911,820,899,818,911,790
A,935,894,942,835,912,819,898,818,910,790
A,940,890,943,835,912,820,898,818,909,789
A,938,892,943,836,912,819,899,819,911,789
A,939,891,944,836,910,818,898,818,912,791
A,940,890,943,834,912,819,898,819,908,791
A,935,891,944,836,909,819,898,819,910,790
A,936,890,943,835,910,819,899,818,910,790
A,939,891,943,836,909,820,900,818,908,790
A,940,893,945,836,912,819,899,819,909,791
A,934,891,944,835,912,817,899,818,908,789
A,938,891,943,835,909,818,898,818,908,792
A,938,893,943,836,912,819,899,818,911,791
A,939,892,942,834,911,818,899,817,909,789
A,938,892,944,834,912,819,899,818,909,789
A,938,892,944,835,912,817,898,817,909,790
A,936,892,944,834,912,818,898,817,910,789
A,934,891,943,835,912,818,898,818,909,789
A,941,891,942,834,912,818,898,818,909,791
A,938,890,944,835,908,818,897,819,910,790
A,934,891,943,835,910,818,899,816,911,789
A,938,891,941,835,912,818,898,818,908,790
A,936,893,942,834,909,817,899,818,909,790
A,938,890,944,834,910,817,897,817,913,790
A,937,892,943,835,910,820,897,818,912,790
A,934,892,945,834,912,818,899,817,906,787
A,938,892,943,834,911,820,899,817,908,791
A,937,891,944,835,912,817,898,817,908,789
A,935,892,945,835,911,817,899,817,908,789
A,938,889,944,834,910,819,899,818,910,790
A,935,893,944,836,912,817,898,817,909,790
A,934,892,944,835,911,817,898,818,909,790
A,934,892,942,836,911,817,897,818,909,790
A,936,891,942,835,911,818,898,817,910,791
A,935,891,943,836,911,817,898,818,910,790
A,938,891,944,832,911,818,898,818,910,790
A,935,892,943,835,913,819,897,817,911,790
A,937,890,942,833,910,819,897,818,908,791
A,940,892,944,834,913,819,898,818,909,790
A,935,891,943,834,911,817,899,818,910,790
A,935,891,943,834,912,818,898,817,908,790
A,939,893,944,834,911,818,899,817,909,790
A,938,892,944,834,913,819,897,817,909,789
A,939,892,943,833,912,819,898,818,910,790
A,936,891,944,833,912,821,898,818,909,789
A,935,892,944,834,912,817,898,817,908,789
A,937,891,944,835,912,816,899,817,908,791
A,934,890,942,835,911,819,897,817,909,791
A,938,891,944,836,912,817,897,818,908,789
A,934,891,943,834,911,820,900,817,911,789
A,937,890,943,836,909,817,899,817,911,792
A,934,890,943,835,912,819,898,817,912,790
A,938,891,943,835,910,817,898,817,909,789
A,936,892,943,834,912,819,899,818,909,790
A,938,893,944,835,911,817,896,817,909,790
A,937,891,942,835,909,818,898,817,909,790
A,936,891,943,834,912,817,898,817,909,789
A,933,893,942,834,911,819,898,816,909,789
A,937,893,944,835,911,819,898,816,908,790
A,938,891,944,835,910,817,898,816,909,789
A,937,890,944,834,912,817,897,817,910,790
A,939,890,943,833,911,818,897,817,909,788
A,938,889,943,834,910,817,897,817,910,790
A,937,893,943,834,911,818,899,816,909,788
A,935,889,943,835,911,818,897,817,910,790
A,939,893,942,834,912,819,898,817,909,790
A,937,889,944,835,911,816,898,818,909,789
A,937,891,944,835,912,819,898,817,909,789
A,935,890,942,835,912,818,898,816,909,789
A,937,891,943,836,910,818,897,817,909,790
A,937,891,943,834,912,818,897,815,909,790
A,935,890,943,834,911,818,897,816,908,791
A,937,891,943,834,910,817,898,817,909,790
A,935,891,942,835,909,817,897,817,911,790
A,938,891,942,834,910,818,898,816,909,789
A,937,891,942,834,908,816,898,815,910,789
A,935,890,942,835,912,819,898,816,907,788
A,934,890,943,834,911,818,897,816,910,790
A,939,891,943,833,912,818,897,817,912,791
A,936,892,943,833,910,817,898,817,909,788
A,938,892,944,835,910,817,898,817,909,789
A,934,889,945,834,909,817,897,817,911,789
A,936,892,944,834,911,817,898,816,909,791
A,937,891,943,834,913,818,897,816,910,790
A,937,892,942,835,912,818,898,817,907,787
A,934,892,943,833,912,816,896,817,909,789
A,937,890,943,835,911,818,897,817,909,791
A,936,891,942,834,912,817,898,817,908,790
A,937,890,942,833,910,817,898,817,908,790
A,939,887,944,833,911,818,897,814,909,789
A,937,891,943,835,909,818,898,817,910,789
A,936,894,945,833,910,817,897,816,908,789
A,936,891,942,834,912,816,898,816,910,788
A,938,890,942,835,910,818,898,816,909,791
A,936,889,942,834,911,817,897,816,909,790
A,936,890,944,833,912,817,896,817,910,788
A,935,893,944,834,913,817,899,816,909,790
A,937,892,942,833,909,818,897,816,907,788
A,936,891,942,833,910,818,898,815,910,790
A,937,892,942,834,911,818,897,817,911,788
A,937,893,942,832,912,816,897,816,910,788
A,934,890,943,834,911,817,898,816,910,790
A,933,889,943,834,910,817,897,816,910,789
A,936,891,942,834,911,817,898,816,911,790
A,932,890,942,835,909,817,898,817,910,789
A,935,891,943,833,911,818,898,816,909,790
A,936,891,942,833,912,815,898,816,907,790
A,934,891,943,835,910,817,897,815,908,789
A,936,892,943,835,911,817,897,816,910,789
A,934,891,943,834,909,816,897,816,910,788
A,933,890,943,834,910,818,898,816,908,789
A,935,892,943,834,910,816,898,815,907,788
A,935,890,943,833,911,818,898,816,906,789
A,938,891,942,833,911,817,897,816,910,788
A,936,892,943,833,910,817,898,816,910,788
A,934,891,943,835,909,816,898,816,909,788
A,937,892,943,834,911,817,898,816,910,790
A,935,890,942,834,910,816,898,815,909,789
A,938,890,943,833,910,817,898,816,909,790
A,937,892,944,834,911,816,897,815,908,787
A,934,889,942,833,911,817,897,816,908,790
A,937,890,943,834,911,817,899,816,910,790
A,936,890,944,834,911,818,898,816,910,789
A,937,890,943,834,911,816,898,816,909,789
A,934,891,943,834,910,817,898,816,911,788
A,936,890,943,835,911,816,897,815,908,790
A,936,890,943,832,909,817,897,816,910,787
A,939,890,943,834,910,817,896,815,908,789
A,934,889,943,833,911,817,898,815,909,789
A,936,891,944,834,909,816,896,816,906,787
A,938,893,945,834,911,817,897,816,909,788
A,934,891,944,834,909,818,898,816,911,790
A,936,891,943,833,911,817,897,815,909,790
A,938,892,944,834,912,816,898,815,908,788
A,937,892,944,834,910,817,898,815,909,790
A,936,891,944,832,911,818,897,814,910,789
A,934,891,943,834,911,818,898,816,909,788
A,936,890,942,834,912,816,897,816,910,789
A,934,889,944,835,910,818,898,816,911,788
A,939,891,942,834,912,816,896,817,907,791
A,932,892,941,834,910,817,898,815,909,789
A,935,891,943,832,911,817,898,816,911,788
A,936,891,943,834,909,817,898,816,910,790
A,939,887,942,835,911,816,896,816,909,788
A,934,891,944,835,908,816,897,816,910,788
A,933,889,943,832,911,816,896,815,911,787
A,933,891,943,834,909,818,897,816,907,789
A,931,892,939,834,911,817,896,815,909,790
A,934,888,944,833,911,817,896,816,909,789
A,935,891,944,835,912,817,897,816,907,789
A,932,891,944,833,910,815,897,816,907,789
A,937,891,943,834,910,817,898,816,908,789
A,934,891,943,834,911,817,898,817,910,789
A,936,890,944,834,910,817,897,816,911,789
A,932,892,942,833,911,817,898,816,910,789
A,936,891,942,833,911,816,897,816,909,788
A,937,892,944,832,910,815,897,815,906,789
A,935,891,942,834,911,817,897,815,908,788
A,936,890,943,833,911,817,897,816,910,789
A,937,892,943,835,911,816,897,815,908,788
A,935,890,943,834,910,818,896,815,910,789
A,934,892,944,833,908,817,897,815,910,788
A,937,889,941,834,910,817,897,816,908,789
A,936,892,943,834,910,817,898,815,909,788
A,934,892,943,834,908,818,897,817,911,787
A,936,891,942,834,909,818,896,815,907,788
A,938,891,942,834,910,816,896,817,907,788
A,934,890,944,835,908,818,897,816,910,790
A,934,892,942,833,911,817,898,816,908,788
A,936,891,943,833,909,818,896,815,908,790
A,935,891,943,834,909,817,897,815,909,788
A,934,889,944,834,911,816,896,816,910,789
A,935,892,942,833,909,816,897,816,908,788
A,935,889,944,833,910,817,896,816,908,789
A,936,890,944,833,911,817,898,816,909,789
A,938,891,943,834,909,816,898,816,909,790
A,938,890,942,834,910,816,896,815,910,788
A,934,889,943,833,910,818,897,815,910,789
A,937,891,943,835,908,818,897,816,911,789
A,934,891,943,833,911,817,896,813,907,788
A,935,890,943,834,910,817,897,816,908,788
A,934,890,944,834,910,818,897,816,908,790
A,935,891,943,834,910,817,897,816,909,790
A,934,890,943,833,910,816,898,815,910,789
A,936,892,943,833,909,818,897,816,909,789
A,934,890,943,833,910,816,898,816,910,788
A,938,888,942,834,910,817,897,815,907,787
A,935,890,943,833,909,817,897,815,908,789
A,937,892,943,833,912,816,897,816,910,789
A,935,891,943,834,910,818,898,814,910,789
A,937,889,943,833,910,818,896,816,910,787
A,934,890,942,833,909,817,898,815,911,788
A,937,890,942,833,911,817,897,816,908,789
A,936,892,944,833,911,816,897,813,909,789
A,936,891,943,833,910,817,896,814,908,789
A,937,889,943,833,911,817,896,816,907,790
A,936,891,942,833,908,816,898,814,906,790
A,936,890,943,832,908,815,897,815,908,788
A,934,891,944,832,909,817,896,816,910,788
A,936,891,944,834,910,817,897,814,911,790
A,933,891,943,833,911,818,898,815,909,787
A,933,892,943,834,909,815,896,815,909,786
A,937,891,943,833,909,816,896,815,910,789
A,937,891,942,833,911,817,897,815,910,787
A,936,890,943,832,908,816,896,814,907,790
A,934,890,944,834,908,816,898,815,909,789
A,937,889,942,833,911,816,896,814,910,788
A,933,890,943,834,911,816,895,814,910,790
A,935,890,943,833,910,817,897,816,907,788
A,937,889,943,832,910,817,897,816,911,788
A,936,890,942,832,911,817,898,814,907,788
A,934,889,943,832,908,816,897,815,908,788
A,938,889,943,833,910,817,897,815,910,788
A,937,891,944,834,912,816,896,814,908,789
A,934,888,944,833,911,817,897,815,909,788
A,936,891,943,833,910,817,897,815,908,788
A,933,889,942,832,910,816,896,814,910,788
A,937,891,944,834,909,816,896,815,909,787
A,936,889,943,834,910,817,897,815,909,789
A,935,892,943,833,911,816,897,814,908,788
A,936,891,943,832,911,815,896,815,907,787
A,937,892,944,832,909,816,896,815,905,790
A,936,890,943,834,910,816,896,815,909,788
A,935,891,942,833,910,817,897,815,909,787
A,938,889,945,836,911,817,897,815,909,789
A,936,889,943,833,911,816,896,815,909,790
A,933,892,944,833,910,817,897,816,908,788
A,934,890,942,832,911,815,896,815,910,789
A,933,890,942,831,908,816,896,815,908,788
A,938,889,942,833,910,816,897,815,910,788
A,933,889,943,833,910,816,896,815,908,788
A,938,890,944,834,910,816,896,814,910,789
A,934,892,944,834,908,815,897,815,907,789
A,937,890,943,835,910,815,897,815,909,789
A,934,889,943,833,910,817,897,815,906,790
A,938,891,943,833,911,819,896,814,907,790
A,936,890,943,834,909,817,897,814,909,788
A,932,890,943,835,910,815,897,815,910,789
A,935,892,942,832,911,816,896,815,910,788
A,933,891,943,834,909,816,897,815,910,787
A,938,890,944,832,909,817,896,814,907,789
A,933,890,943,832,910,816,895,814,910,786
A,937,891,942,832,909,816,897,815,909,789
A,936,891,944,833,911,816,898,814,909,789
A,935,891,942,833,909,816,896,814,907,788
A,934,890,943,833,911,816,895,816,909,788
A,932,889,943,833,911,815,897,814,910,788
A,930,890,943,833,911,815,897,814,909,787
A,934,891,942,834,911,817,895,814,907,788
A,937,891,942,834,911,817,897,815,908,787
A,935,891,943,832,910,816,896,815,909,787
A,934,890,942,833,909,816,896,815,909,787
A,936,891,942,833,911,816,897,813,908,790
A,938,891,943,833,910,816,897,815,908,789
A,937,891,942,831,912,816,896,814,907,788
A,937,889,943,834,910,817,897,814,907,789
A,936,889,943,834,908,817,897,815,905,789
A,938,892,942,832,910,817,896,815,908,788
A,936,890,942,833,910,815,897,815,907,788
A,932,892,943,834,910,816,896,814,909,787
A,938,889,943,832,910,817,897,815,907,787
A,933,890,944,833,910,817,897,815,909,788
A,935,891,941,833,910,817,897,814,908,787
A,933,889,942,832,910,817,897,814,906,788
A,933,891,942,833,911,817,896,814,910,788
A,936,889,942,833,910,817,897,814,906,789
A,932,889,943,833,910,815,897,813,909,789
A,935,889,942,833,909,814,895,814,909,787
A,932,892,943,834,910,816,897,815,910,787
A,933,889,942,834,909,817,897,815,911,788
A,935,891,942,832,910,816,897,815,910,789
A,933,889,944,833,911,815,896,815,910,789
A,938,890,944,834,910,815,897,814,908,788
A,936,892,942,834,908,816,896,814,908,787
A,934,891,943,833,909,816,896,814,906,788
A,938,890,940,833,911,816,896,815,907,788
A,938,889,944,833,909,815,897,814,910,788
A,931,889,943,834,911,817,897,815,907,787
A,935,887,944,834,910,816,897,815,908,787
A,937,890,943,833,911,817,898,814,908,788
A,936,889,942,832,911,816,897,815,910,787
A,935,891,943,832,909,816,896,814,910,788
A,932,891,942,833,909,818,894,816,910,787
A,933,890,942,833,909,816,895,815,909,788
A,933,891,943,834,911,816,897,814,908,788
A,932,890,944,831,910,817,895,815,910,787
A,936,891,943,833,910,817,896,815,910,787
A,936,891,942,833,908,815,895,815,909,788
A,937,891,943,832,909,815,896,814,908,788
A,932,892,943,833,909,816,895,814,908,787
A,937,892,943,834,909,816,895,815,908,787
A,938,892,943,833,909,816,897,814,908,788
A,934,889,942,831,911,815,896,816,909,789
A,933,891,942,833,910,815,898,814,910,788
A,935,888,942,833,911,817,896,815,908,788
A,932,889,943,833,909,817,897,814,909,787
A,937,890,942,833,909,816,896,814,907,789
A,934,891,943,832,910,816,896,815,906,788
A,932,892,942,833,910,816,896,814,909,787
A,939,889,944,830,909,816,897,813,910,788
A,932,891,944,834,909,816,896,814,908,788
A,936,890,942,832,912,816,897,814,908,788
A,931,891,942,832,910,817,896,814,909,789
A,934,888,940,833,910,817,895,815,908,789
A,933,891,942,832,907,817,895,815,908,788
A,935,890,943,832,909,817,897,814,909,788
A,934,889,943,833,909,816,896,814,907,789
A,934,890,942,834,908,816,895,815,909,788
A,934,891,942,832,907,816,896,814,907,788
A,935,889,942,834,910,816,897,814,907,789
A,935,892,942,832,909,817,896,813,910,788
A,933,888,942,833,908,816,896,814,908,787
A,934,890,943,832,909,816,896,815,906,787
A,937,889,943,832,911,815,895,813,909,789
A,938,890,942,834,909,815,896,814,908,787
A,934,891,943,831,911,817,896,814,908,788
A,935,891,943,832,911,817,896,814,908,787
A,934,889,944,833,909,816,896,815,908,788
A,933,891,942,831,910,817,896,814,907,788
A,934,891,944,831,910,817,896,814,906,789
A,938,888,944,832,910,817,896,815,909,788
A,935,888,943,833,909,816,896,814,907,787
A,937,890,942,834,911,815,897,812,908,788
A,935,890,944,832,909,817,897,813,906,788
A,934,890,944,833,910,816,895,815,906,788
A,937,890,943,832,910,816,897,814,910,789
A,934,889,942,833,909,816,895,815,908,787
A,935,891,942,833,908,816,897,814,908,789
A,938,890,942,831,909,816,896,814,908,788
A,935,890,942,832,909,815,895,814,909,788
A,936,891,941,833,911,816,896,813,910,787
A,935,891,942,832,909,816,897,812,910,788
A,934,889,944,834,909,815,895,814,909,788
A,935,891,943,832,910,815,896,814,907,788
A,934,891,943,832,911,815,896,815,908,789
A,933,890,943,832,911,816,895,813,907,788
A,934,891,943,832,910,815,896,814,909,786
A,932,892,943,833,908,815,895,815,906,788
A,937,892,943,831,909,815,895,814,906,787
A,934,891,942,831,908,816,895,814,908,788
A,934,889,942,832,910,817,897,814,908,787
A,935,891,942,831,908,816,896,814,907,788
A,933,889,942,832,908,817,896,814,909,788
A,936,891,943,833,910,816,895,814,908,789
A,936,891,942,832,911,815,896,813,909,786
A,938,890,942,831,909,817,897,814,909,788
A,934,889,944,832,911,816,896,814,908,789
A,934,891,943,832,910,815,895,814,910,788
A,933,889,942,832,909,813,896,814,908,787
A,936,888,941,833,911,818,896,814,908,787
A,936,889,942,833,909,815,896,813,908,788
A,932,889,943,831,908,817,895,813,908,786
A,934,891,942,833,910,815,896,813,908,787
A,935,891,943,833,908,815,896,813,906,786
A,934,890,940,833,910,816,895,814,908,789
A,937,890,942,832,909,815,896,815,905,789
A,933,890,942,832,910,816,896,815,909,787
A,934,888,941,832,910,817,896,814,910,787
A,932,889,943,833,909,816,895,814,908,788
A,933,890,943,832,910,817,896,814,908,788
A,938,891,943,832,911,814,896,814,911,786
A,937,891,940,833,908,816,896,814,909,788
A,939,891,942,831,910,816,897,815,905,788
A,933,891,943,830,909,815,895,814,909,786
A,936,890,942,831,911,816,895,814,908,787
A,931,890,943,831,908,814,896,813,909,787
A,937,891,942,832,911,815,896,814,908,789
A,936,891,942,832,910,816,895,814,909,788
A,934,892,943,833,909,817,896,814,910,787
A,934,890,943,832,911,816,897,813,908,788
A,936,889,941,833,911,815,895,814,908,788
A,933,890,941,832,911,816,894,812,908,786
A,936,891,942,833,908,815,895,814,910,788
A,935,890,941,833,909,816,897,814,907,787
A,936,889,942,833,911,816,896,814,908,786
A,933,889,941,831,910,816,896,815,909,788
A,938,889,942,832,911,816,895,813,909,788
A,934,890,942,832,908,817,895,813,909,788
A,932,891,942,833,908,817,895,814,907,787
A,935,891,942,831,910,816,895,813,907,786
A,936,891,942,831,908,817,896,814,908,786
A,937,891,942,833,910,816,894,814,909,788
A,934,890,943,831,910,815,895,813,907,788
A,931,890,943,834,908,816,894,813,908,788
A,934,892,942,832,910,817,896,813,911,789
A,932,891,941,832,909,817,896,814,909,786
A,932,891,941,831,909,817,896,814,907,787
A,935,890,942,832,910,815,896,813,908,787
A,936,890,941,832,908,815,896,814,909,786
A,933,889,943,832,910,816,896,813,909,786
A,933,891,943,830,909,816,895,813,907,787
A,937,889,940,832,910,816,896,813,909,788
A,938,891,943,831,909,816,896,813,908,787
A,934,891,941,833,909,814,896,812,908,788
A,934,889,941,833,909,817,896,814,908,787
A,936,889,942,832,908,816,895,814,907,787
A,934,890,942,833,908,815,894,815,906,786
A,933,889,942,832,910,816,896,813,907,789
A,934,890,942,832,908,815,896,813,908,788
A,938,891,942,832,908,816,895,813,908,788
A,935,890,941,830,910,816,897,813,908,789
A,936,889,942,832,909,816,895,814,906,786
A,933,891,942,832,910,816,895,813,910,787
A,936,892,942,832,908,816,895,814,909,787
A,933,890,941,831,910,815,895,814,910,786
A,935,889,941,833,910,816,896,814,911,788
A,934,892,941,832,909,817,896,811,907,788
A,932,892,942,834,910,817,896,813,907,786
A,934,888,942,832,910,815,895,813,907,789
A,931,890,941,832,910,815,896,813,909,787
A,934,890,942,831,910,815,896,812,907,788
A,938,890,941,831,909,817,895,812,908,786
A,936,890,941,831,909,816,896,813,907,788
A,938,889,941,831,908,815,895,813,908,787
A,933,891,943,832,908,816,895,813,907,787
A,938,889,942,831,911,816,896,813,908,787
A,934,890,942,833,911,816,895,813,910,788
A,929,889,941,833,908,816,896,811,906,785
A,936,890,943,831,910,816,895,814,908,787
A,936,890,942,832,910,815,896,813,908,787
A,932,889,941,831,910,814,895,812,908,788
A,932,892,941,831,910,816,896,813,909,785
A,935,891,941,831,910,816,895,813,909,787
A,937,889,941,831,910,816,895,813,908,787
A,932,889,942,831,909,815,895,813,909,788
A,938,890,942,833,910,815,895,813,908,787
A,934,891,942,831,911,816,895,813,909,787
A,935,890,943,832,908,815,895,813,906,788
A,933,891,940,832,911,816,895,813,908,788
A,931,888,941,833,911,814,896,812,909,787
A,937,889,943,832,909,815,895,812,907,787
A,934,891,942,831,910,815,895,813,909,787
A,936,891,941,831,908,814,895,812,906,787
A,936,890,943,832,910,815,896,813,907,787
A,935,890,941,831,912,816,896,813,909,787
A,936,890,941,831,910,815,895,812,911,785
A,933,890,942,833,908,816,896,813,908,787
A,936,889,941,832,909,815,895,812,907,787
A,931,891,941,830,910,816,896,812,906,786
A,933,891,942,831,908,815,895,812,909,788
A,932,890,940,832,910,815,894,812,906,785
A,936,889,941,833,910,815,896,812,909,787
A,934,887,943,831,910,816,895,814,910,788
A,934,889,942,831,910,815,895,813,908,787
A,933,890,941,831,909,815,894,814,908,787
A,931,888,942,832,910,815,895,813,909,787
A,934,889,942,832,908,814,896,813,907,786
A,936,889,942,833,908,814,896,812,906,786
A,935,889,941,833,908,816,894,812,908,786
A,933,888,942,833,908,815,895,813,909,786
A,935,890,942,831,909,816,896,812,906,787
A,933,890,941,831,908,815,895,812,908,787
A,935,889,941,832,910,815,896,813,906,785
A,936,889,942,834,911,816,896,812,907,786
A,936,891,943,833,910,814,895,813,909,786
A,935,891,942,833,910,816,895,812,908,788
A,933,889,942,832,910,815,894,813,908,788
A,930,890,942,833,910,815,895,813,908,786
A,936,889,942,832,909,815,894,812,907,788
A,934,889,941,832,910,815,895,811,907,787
A,935,888,941,833,909,816,895,813,909,787
A,937,891,941,833,906,814,896,812,908,787
A,937,889,942,833,907,817,895,811,909,787
A,936,890,942,831,911,815,895,812,908,787
A,934,890,942,832,910,815,895,811,908,787
A,935,889,942,832,910,814,895,813,908,786
A,936,889,942,833,910,816,895,813,908,787
A,932,889,942,832,909,815,895,811,907,788
A,932,891,941,831,909,815,895,812,909,785
A,927,890,942,831,909,815,894,813,908,785
A,936,890,942,832,910,815,894,812,909,786
A,931,891,943,831,909,816,895,812,908,787
A,932,892,941,830,911,815,894,813,908,786
A,934,889,941,832,911,816,896,812,907,787
A,937,890,940,830,909,814,894,813,909,788
A,935,890,940,832,910,812,895,813,909,786
A,936,889,942,831,909,815,894,813,909,786
A,933,891,942,831,910,816,895,812,909,788
A,936,888,941,830,910,815,895,812,908,787
A,932,890,941,831,910,815,895,813,910,786
A,935,891,943,833,909,814,895,812,908,786
A,936,892,944,833,910,814,896,812,907,787
A,935,889,942,831,910,816,893,812,907,786
A,932,889,942,832,911,814,894,811,907,786
A,931,889,942,832,910,815,895,812,909,787
A,933,890,942,831,910,814,896,812,908,787
A,930,890,941,830,910,815,895,812,908,786
A,934,890,940,831,910,814,894,813,906,786
A,936,889,940,831,909,816,895,813,909,786
A,936,890,941,832,910,814,894,813,909,785
A,934,890,941,830,912,816,895,811,908,788
A,932,889,941,831,911,816,894,812,910,786
A,936,891,942,832,909,814,895,812,907,785
A,933,890,941,830,910,815,895,813,907,785
A,937,891,942,831,910,815,895,811,907,786
A,932,890,942,832,910,814,895,812,905,786
A,935,889,941,832,910,814,896,812,909,787
A,937,891,942,832,912,815,894,812,907,787
A,936,892,941,832,911,815,895,813,909,787
A,933,889,940,831,910,814,894,813,908,787
A,932,890,942,832,910,814,894,813,908,787
A,935,889,941,830,910,815,895,812,907,786
A,933,890,941,831,910,815,895,812,907,785
A,933,890,942,832,910,814,895,811,907,787
A,935,890,941,832,910,815,895,812,906,785
A,933,890,941,829,910,815,895,810,909,786
A,933,890,940,831,909,814,895,812,909,786
A,932,891,941,832,909,814,894,810,906,785
A,932,889,942,830,910,815,894,812,907,787
A,933,890,941,831,908,815,894,811,907,786
A,931,889,941,830,910,814,895,813,908,786
A,935,890,943,830,909,816,895,811,908,786
A,935,890,941,832,909,814,894,813,907,786
A,935,891,942,831,910,814,895,812,909,786
A,933,889,941,830,908,814,895,812,907,786
A,934,889,942,832,910,815,894,812,909,786
A,933,890,942,832,908,815,895,811,906,787
A,933,888,942,831,909,814,896,812,908,788
A,932,889,942,831,910,815,895,813,908,785
A,932,888,941,831,909,815,895,813,906,786
A,933,890,943,832,908,814,894,812,907,786
A,934,891,941,831,909,814,896,812,908,787
A,933,890,941,832,910,815,895,811,908,786
A,930,886,942,831,909,815,893,810,908,785
A,936,889,942,832,911,814,894,812,907,786
A,935,891,942,831,911,815,895,813,906,787
A,932,891,941,831,910,816,896,812,907,786
A,937,889,942,831,911,812,895,812,907,786
A,931,891,941,831,910,813,894,812,908,785
A,933,891,941,830,907,814,895,811,909,787
A,930,889,942,830,910,814,895,811,905,787
A,935,891,941,830,911,814,894,811,906,785
A,931,891,942,830,909,814,894,812,908,785
A,935,891,940,831,908,815,895,811,906,786
A,936,891,942,832,910,815,894,811,908,785
A,934,889,941,831,911,814,894,812,908,785
A,930,889,943,831,909,815,894,812,908,786
A,935,889,940,831,909,812,892,812,907,786
A,932,889,941,830,909,814,894,811,908,786
A,932,890,941,831,910,815,894,811,908,786
A,935,888,942,831,909,815,894,812,906,787
A,934,889,943,832,909,815,894,811,909,787
A,934,889,942,831,909,816,895,812,906,786
A,932,890,941,832,910,814,896,812,908,782
A,936,889,941,831,912,815,896,812,909,785
A,932,889,941,831,911,815,894,811,907,786
A,932,891,942,830,911,815,893,812,909,786
A,932,890,942,830,909,813,894,812,908,784
A,933,888,942,831,909,815,894,812,906,787
A,937,891,942,830,911,815,894,810,909,785
A,935,891,942,832,910,815,894,811,908,784
A,935,891,943,830,912,813,894,811,909,785
A,937,888,942,832,909,815,894,812,906,785
A,935,889,940,829,909,816,894,811,908,784
A,931,889,942,830,910,814,894,812,910,785
A,934,889,941,831,910,814,893,810,907,785
A,936,891,942,830,912,814,893,811,908,785
A,934,891,941,831,909,813,895,811,909,787
A,934,887,940,828,910,815,893,812,909,786
A,933,889,942,831,909,813,894,811,908,786
A,936,887,941,833,910,813,894,812,909,784
A,933,890,942,831,909,815,895,812,908,786
A,933,891,941,830,912,814,895,811,906,787
A,934,888,943,830,910,815,894,811,909,785
A,935,888,942,832,912,814,893,811,908,784
A,931,891,941,830,909,814,894,811,909,786
A,934,888,942,832,909,813,893,811,909,785
A,932,891,942,831,910,814,894,811,908,786
A,933,888,941,831,909,814,893,812,908,785
A,932,890,941,830,911,814,894,812,909,785
A,932,889,942,830,909,814,894,812,908,784
A,934,890,940,831,908,815,895,812,910,785
A,934,888,941,830,909,815,894,811,908,786
A,928,890,942,830,910,815,894,812,908,785
A,932,890,941,830,910,814,894,811,908,785
A,935,888,941,832,909,814,895,812,906,785
A,933,889,940,831,910,814,895,811,909,785
A,929,890,941,830,909,814,894,811,907,785
A,931,891,941,831,909,815,893,812,909,786
A,935,890,942,831,910,815,892,810,908,785
A,936,890,941,831,909,815,893,812,908,785
A,935,888,940,831,909,813,894,810,908,784
A,933,890,942,831,908,814,893,811,909,785
A,932,889,941,831,909,814,894,812,908,785
A,937,888,939,831,910,814,894,811,908,785
A,935,889,942,830,910,815,893,811,908,786
A,932,887,941,830,909,815,894,811,909,785
A,932,889,941,830,910,815,893,812,908,785
A,928,888,941,832,908,813,894,811,908,785
A,933,890,941,831,908,814,894,812,907,786
A,935,889,941,830,911,814,893,811,907,786
A,933,889,941,832,909,814,894,811,908,783
A,932,890,941,830,909,815,894,812,909,784
A,937,892,941,829,909,814,894,811,905,785
A,931,889,942,830,910,814,893,810,909,785
A,934,890,941,830,909,815,895,812,907,785
A,935,889,940,832,908,814,894,812,907,784
A,935,890,940,831,908,815,895,811,910,785
A,936,888,941,832,908,815,893,810,908,786
A,931,890,941,831,909,814,895,811,907,784
A,934,889,941,831,909,816,894,811,908,785
A,935,891,939,832,907,816,895,812,908,786
A,938,891,942,830,910,815,895,811,908,786
A,937,890,941,831,909,815,895,811,906,785
A,936,890,942,831,908,814,896,811,907,786
A,934,891,942,832,909,814,892,811,909,786
A,936,889,942,830,908,816,895,811,906,786
A,934,890,941,831,910,816,894,810,908,785
A,934,889,940,831,909,815,895,811,907,785
A,937,888,940,831,908,814,893,811,907,785
A,933,891,942,831,909,815,895,810,907,786
A,934,890,941,829,906,814,894,812,908,784
A,936,888,941,831,909,815,894,812,907,786
A,936,889,940,830,907,815,894,811,908,785
A,934,890,942,832,909,816,895,812,906,785
A,935,889,941,832,908,814,894,811,906,784
A,937,888,942,829,908,815,894,811,908,786
A,934,889,942,831,907,815,895,810,906,786
A,936,891,941,832,908,815,893,811,907,786
A,937,889,941,832,908,815,894,812,906,785
A,934,890,942,832,910,814,895,811,907,785
A,937,889,942,831,908,815,895,812,905,785
A,937,888,942,830,908,815,894,811,907,785
A,933,890,942,831,908,815,894,810,906,784
A,933,888,941,831,909,815,893,810,908,784
A,937,889,941,830,906,815,894,811,908,784
A,931,890,941,829,908,813,894,811,907,786
A,935,890,941,831,910,815,894,811,907,785
A,935,890,941,828,908,815,894,811,908,785
A,937,889,941,832,907,815,893,811,906,786
A,936,889,941,831,909,815,894,811,907,785
A,936,891,942,831,905,815,895,811,906,784
A,936,889,942,831,907,814,894,812,906,785
A,937,890,941,831,908,815,895,811,905,785
A,934,888,942,829,908,815,895,811,909,784
A,933,890,941,831,909,814,895,812,908,786
A,934,890,939,831,907,816,894,812,907,786
A,934,890,941,830,908,814,894,811,908,784
A,932,891,939,830,909,814,895,811,907,785
A,933,890,941,830,908,814,894,811,907,785
A,938,888,940,830,907,814,895,811,907,784
A,933,890,941,830,909,815,894,811,907,785
A,935,890,938,829,908,816,895,812,908,786
A,934,889,942,831,908,815,894,810,906,786
A,935,889,942,830,908,814,893,810,909,785
A,932,889,941,831,908,814,893,811,907,785
A,934,887,942,831,909,815,894,811,908,785
A,935,889,940,831,905,815,893,811,907,786
