C,898,900,914,758,893,780,880,771,870,743
C,897,899,913,758,894,780,880,771,871,743
C,896,898,912,758,892,779,881,771,869,743
C,895,898,913,757,894,779,880,771,871,741
C,898,900,913,756,891,780,880,771,868,743
C,898,900,914,758,892,780,879,771,870,742
C,894,898,912,758,890,779,880,772,870,742
C,895,898,914,757,891,779,881,771,870,743
C,897,899,913,758,891,781,881,771,871,742
C,894,900,913,757,892,779,879,771,867,743
C,896,898,912,756,889,780,878,770,867,743
C,894,899,912,758,891,780,879,771,871,742
C,894,897,914,758,889,780,879,771,869,742
C,897,898,913,759,889,780,880,771,868,743
C,899,899,911,758,889,779,879,772,869,742
C,899,898,913,758,891,780,879,771,870,742
C,895,898,913,758,890,781,879,771,871,742
C,897,898,913,759,889,779,879,771,870,741
C,897,898,912,758,888,780,880,772,868,742
C,897,897,913,758,890,779,878,772,870,741
C,897,898,913,759,890,781,880,771,870,744
C,897,900,913,758,887,780,880,770,870,742
C,899,900,912,758,891,780,880,771,868,742
C,897,897,913,760,889,779,880,772,868,742
C,896,898,912,758,889,780,879,771,870,742
C,897,897,911,758,888,780,879,771,869,743
C,897,898,911,759,890,780,879,771,868,741
C,895,900,911,758,890,781,878,771,869,741
C,898,899,912,759,890,781,878,771,870,742
C,895,899,912,759,888,780,878,771,869,743
C,898,899,912,759,890,780,879,770,870,743
C,898,897,913,759,888,780,879,771,869,742
C,897,899,912,758,889,780,878,771,868,741
C,898,898,911,760,887,780,878,771,868,743
C,894,900,913,759,888,781,878,771,870,742
C,896,899,912,759,888,779,878,771,869,743
C,896,899,914,759,888,779,878,772,868,742
C,898,898,914,759,888,779,878,771,869,741
C,895,899,912,758,885,781,879,771,870,743
C,896,900,913,758,888,780,877,772,868,742
C,898,898,912,759,886,780,878,772,867,741
C,894,900,912,759,889,780,878,772,869,742
C,897,898,912,759,888,779,878,771,866,742
C,897,898,913,758,889,781,879,771,868,742
C,894,899,913,758,887,780,878,772,867,741
C,898,897,910,759,890,779,878,772,869,742
C,896,899,911,759,888,779,877,771,868,742
C,899,898,912,758,889,781,878,770,869,742
C,895,898,912,757,889,780,876,770,868,742
C,898,898,913,758,889,779,879,771,867,742
C,899,899,912,757,889,780,878,772,869,742
C,899,897,912,758,889,781,878,772,869,741
C,897,898,913,758,886,779,877,771,869,743
C,896,895,912,759,887,780,877,771,868,742
C,899,898,912,758,888,780,879,771,869,741
C,895,899,910,757,888,780,877,772,867,742
C,895,900,913,757,888,779,878,770,868,741
C,894,899,912,758,887,780,877,771,869,740
C,898,900,912,760,886,780,877,772,867,742
C,896,898,911,758,887,780,877,772,868,743
C,898,898,911,759,889,779,876,772,867,743
C,899,900,911,759,887,780,877,771,866,743
C,896,898,912,757,887,781,876,772,867,741
C,897,898,913,758,891,779,878,771,867,742
C,897,897,912,760,889,780,877,771,871,742
C,902,902,913,759,889,780,878,771,867,743
C,896,900,912,759,886,781,876,771,866,741
C,897,900,912,759,886,779,877,771,869,743
C,896,899,910,760,886,780,877,771,868,743
C,895,900,912,757,886,780,877,771,868,741
C,896,900,911,760,885,778,876,772,865,741
C,896,899,911,758,883,780,877,771,868,741
C,895,899,912,758,886,780,877,771,866,742
C,895,900,911,758,884,779,877,772,870,740
C,895,901,911,758,884,780,878,771,865,740
C,898,898,912,760,887,780,877,769,868,741
C,898,900,912,760,885,780,878,772,868,743
C,896,900,912,757,886,779,878,772,869,741
C,896,901,912,759,885,780,877,771,867,742
C,896,899,911,759,886,780,877,771,867,741
C,897,900,910,759,886,779,878,771,867,742
C,898,899,911,757,886,780,877,771,866,742
C,897,900,912,758,883,780,876,772,868,741
C,896,897,911,759,886,781,876,771,867,740
C,895,899,911,759,884,781,876,771,867,740
C,895,897,912,758,885,780,877,772,868,743
C,896,899,912,758,886,780,877,771,868,741
C,898,899,912,759,886,780,876,770,868,741
C,894,899,911,758,886,780,876,771,867,742
C,897,898,911,758,886,781,876,772,868,743
C,899,899,911,759,885,781,877,771,869,741
C,894,897,910,758,885,780,877,772,866,743
C,897,898,911,758,886,780,877,771,866,741
C,897,898,909,760,885,779,876,772,866,740
C,897,899,912,758,887,780,877,771,867,740
C,895,900,911,758,884,781,877,771,868,741
C,895,898,910,758,886,780,876,772,865,740
C,897,899,911,759,885,780,875,771,867,740
C,898,899,911,759,886,780,876,771,866,742
C,898,898,911,759,885,779,878,771,867,741
C,898,899,910,759,885,780,876,771,865,742
C,898,899,912,759,886,780,877,771,865,741
C,898,897,910,758,886,781,876,771,867,741
C,898,898,910,757,885,780,876,771,868,740
C,896,899,911,759,885,779,877,771,868,741
C,895,899,910,759,885,780,876,771,866,742
C,895,900,911,760,885,779,876,772,866,742
C,896,896,912,759,886,779,876,771,864,741
C,896,899,910,759,884,779,876,771,866,741
C,897,901,910,757,885,780,876,772,867,742
C,897,899,911,758,885,780,877,771,867,741
C,897,898,910,760,883,781,878,772,868,741
C,896,900,910,758,886,780,877,772,866,741
C,894,901,911,760,886,780,876,772,867,741
C,895,898,912,758,884,779,877,770,867,741
C,897,900,911,758,885,780,876,771,868,741
C,897,900,910,759,886,781,875,772,865,740
C,897,899,911,758,886,780,876,772,869,740
C,896,898,910,760,883,780,875,770,865,739
C,898,900,912,759,885,780,876,772,866,742
C,897,899,911,760,885,779,876,771,865,740
C,895,899,911,758,885,780,876,771,865,739
C,898,898,909,760,885,781,876,772,867,740
C,896,900,911,759,886,780,877,771,866,740
C,896,900,912,760,884,780,876,771,865,742
C,898,900,911,759,886,779,876,771,867,741
C,895,900,911,760,884,780,877,770,867,742
C,895,898,912,759,885,780,876,772,866,740
C,896,898,911,759,885,781,875,772,868,740
C,896,899,910,760,885,779,876,771,865,741
C,897,900,910,759,884,780,875,771,865,740
C,896,900,910,759,885,780,875,771,868,741
C,897,898,911,758,886,780,877,771,865,742
C,896,898,910,758,884,780,877,772,865,741
C,898,900,911,759,886,780,876,771,865,740
C,897,900,911,760,884,780,875,771,867,740
C,897,899,911,760,884,780,875,772,867,741
C,898,901,910,760,885,781,877,771,866,741
C,897,897,911,757,883,781,876,772,866,740
C,899,900,910,759,884,779,875,772,864,741
C,895,901,908,758,884,780,877,771,866,741
C,896,901,911,760,885,781,876,772,862,742
C,896,897,912,758,884,781,876,771,867,741
C,898,900,912,760,886,780,875,771,867,741
C,896,899,911,759,884,779,877,771,865,740
C,895,898,911,758,886,778,875,772,866,742
C,894,900,910,758,884,780,876,771,866,740
C,897,900,911,760,886,779,876,771,864,742
C,896,900,911,760,882,780,876,772,866,742
C,894,900,910,760,885,780,877,771,867,742
C,898,900,912,758,885,780,876,772,863,740
C,897,899,911,760,886,779,876,771,864,741
C,896,898,911,758,884,780,876,771,866,742
C,896,900,911,759,886,780,875,771,864,740
C,900,899,910,760,884,781,876,772,865,740
C,895,898,910,760,886,781,876,772,864,742
C,899,899,911,759,885,781,874,772,865,741
C,898,899,912,761,884,780,875,771,865,740
C,899,900,909,759,883,778,877,771,865,740
C,898,899,910,761,884,780,876,773,863,740
C,895,900,909,759,885,780,876,771,865,740
C,899,897,911,761,884,780,875,771,866,742
C,897,901,912,763,886,780,876,771,866,740
C,898,900,910,759,883,780,876,772,865,741
C,898,900,911,759,886,780,874,772,866,740
C,899,897,911,760,885,780,875,770,865,740
C,898,898,910,761,884,780,876,772,864,741
C,896,901,912,759,884,780,876,772,865,741
C,897,899,910,760,885,780,874,770,864,740
C,898,900,912,761,884,779,875,771,863,741
C,896,900,911,761,884,780,875,771,863,740
C,896,899,910,758,885,779,874,771,864,739
C,896,899,910,760,884,780,875,772,864,740
C,897,900,912,760,884,779,875,771,864,740
C,898,899,910,760,886,780,875,771,865,741
C,896,900,910,759,885,781,876,772,865,741
C,896,899,911,761,883,781,875,772,865,742
C,895,900,910,761,884,779,875,771,865,740
C,897,898,911,760,885,780,876,772,864,740
C,898,901,911,760,884,781,874,771,863,739
C,895,900,910,760,884,779,874,771,862,740
C,896,898,911,759,884,781,875,772,863,740
C,898,899,912,760,888,780,874,773,862,740
C,898,897,910,761,885,780,873,772,865,739
C,898,900,912,762,887,781,873,771,865,741
C,895,898,910,760,882,779,876,771,864,741
C,893,900,911,759,884,779,874,772,865,740
C,897,899,911,759,884,778,874,772,862,739
C,899,899,910,760,884,780,874,770,864,740
C,896,896,910,761,883,780,875,772,863,741
C,898,897,910,760,884,780,874,771,863,740
C,897,901,910,762,884,780,875,772,864,742
C,899,898,911,761,884,780,873,771,862,739
C,900,901,909,759,884,780,875,772,863,740
C,898,898,911,760,885,780,873,772,862,741
C,898,901,911,762,884,780,874,772,864,740
C,898,900,910,760,883,780,873,771,864,740
C,899,900,910,761,884,781,874,772,864,740
C,893,901,910,760,883,780,876,772,863,741
C,897,898,910,760,883,780,876,772,863,741
C,897,900,910,760,885,780,874,771,864,740
C,898,898,910,761,883,780,874,770,864,739
C,900,898,909,762,884,781,874,771,862,741
C,896,899,910,761,884,780,874,772,862,740
C,899,901,909,761,884,781,875,772,863,741
C,896,898,911,761,883,780,875,772,864,740
C,897,899,910,762,885,780,873,771,863,740
C,899,901,911,760,885,780,874,771,863,740
C,897,898,910,760,884,780,874,770,863,740
C,897,898,911,759,883,781,875,772,861,740
C,901,898,910,759,883,781,874,771,863,739
C,897,900,909,760,884,780,875,772,861,740
C,897,898,908,762,884,780,874,771,863,739
C,894,901,910,761,884,781,875,771,865,740
C,895,896,910,761,884,780,874,772,863,741
C,898,899,910,760,883,779,873,771,861,739
C,895,898,910,761,884,780,875,771,862,740
C,897,899,909,762,885,781,874,770,864,741
C,895,899,909,760,882,780,873,772,861,739
C,898,898,909,760,883,780,873,771,862,740
C,897,899,909,760,884,780,874,771,861,738
C,897,898,910,761,883,780,873,772,863,740
C,898,898,909,760,884,780,874,772,862,741
C,898,899,910,761,884,779,874,771,861,741
C,896,901,909,760,883,780,874,771,862,739
C,897,899,909,760,884,781,872,771,860,740
C,897,898,909,762,885,781,875,772,864,739
C,894,899,909,761,884,780,874,771,861,740
C,898,898,909,760,883,781,874,772,863,739
C,897,901,910,761,883,780,874,771,862,740
C,899,900,910,760,884,780,874,771,862,739
C,896,897,909,761,884,779,874,771,862,739
C,896,898,911,762,883,781,873,771,860,739
C,899,899,910,761,884,781,874,772,863,740
C,898,898,910,760,884,780,874,772,861,739
C,898,898,909,762,884,780,875,771,862,740
C,895,899,909,762,884,781,873,772,863,740
C,895,900,909,760,884,780,874,771,862,741
C,897,898,909,760,885,780,873,772,862,741
C,895,898,910,761,883,780,873,771,862,741
C,897,898,910,760,883,781,874,771,862,739
C,895,899,909,762,882,780,872,770,863,741
C,894,899,909,761,883,780,873,770,861,740
C,898,899,910,763,888,780,874,771,861,741
C,899,898,909,761,884,780,874,771,862,739
C,899,900,909,760,885,781,873,772,861,740
C,896,899,911,761,883,780,873,772,860,739
C,898,901,910,760,885,780,873,771,862,739
C,898,897,909,759,882,782,874,772,862,740
C,896,897,910,760,884,780,873,772,861,739
C,898,899,910,760,884,781,874,771,862,739
C,896,900,910,760,882,780,873,772,861,739
C,899,899,911,761,884,780,873,771,861,739
C,898,899,910,760,884,780,873,771,861,741
C,898,901,909,762,884,779,873,772,862,740
C,899,899,910,760,883,781,873,772,863,740
C,896,901,909,760,884,781,874,772,861,740
C,897,899,909,761,883,781,874,772,861,740
C,894,901,908,760,884,781,874,772,859,740
C,894,897,909,760,882,781,873,772,861,740
C,896,900,909,760,882,781,873,771,860,739
C,897,900,911,760,884,780,874,771,862,740
C,899,898,909,762,882,780,872,771,861,739
C,895,900,908,760,884,780,874,771,861,740
C,897,898,909,760,884,781,872,770,862,740
C,901,901,909,762,883,780,873,771,860,739
C,895,901,909,762,883,781,873,772,863,740
C,894,902,908,762,883,780,872,772,860,741
C,895,900,908,761,882,781,873,771,861,738
C,896,899,909,759,883,780,874,772,861,740
C,896,899,909,762,885,779,874,772,862,739
C,899,898,910,760,883,780,873,772,862,739
C,896,901,909,762,882,780,874,771,862,740
C,896,900,910,760,882,781,873,772,862,741
C,896,900,909,761,883,782,872,772,862,739
C,899,898,908,760,884,781,873,772,860,740
C,898,899,909,760,883,780,871,772,862,739
C,899,901,910,761,883,780,873,771,863,739
C,898,898,909,760,884,779,872,771,861,740
C,898,898,908,761,883,777,873,771,859,738
C,897,901,909,761,883,780,873,771,861,740
C,896,899,910,761,884,780,873,771,859,740
C,896,898,909,761,884,780,873,772,862,740
C,896,899,909,761,883,779,872,771,859,738
C,898,898,910,762,885,779,873,771,862,740
C,896,900,908,762,884,781,873,771,862,741
C,895,901,909,761,883,779,873,772,862,741
C,896,901,909,761,885,780,874,771,860,739
C,894,899,909,762,882,780,873,771,860,740
C,896,900,909,760,885,780,874,772,861,740
C,898,900,909,760,883,780,873,771,863,741
C,895,898,908,761,883,779,872,771,862,738
C,899,899,909,759,883,781,873,771,862,740
C,895,900,909,762,883,779,873,771,860,740
C,897,899,909,761,883,781,873,771,861,740
C,896,899,909,762,884,781,873,772,860,741
C,899,899,909,761,882,781,873,772,862,740
C,896,900,910,761,885,781,873,771,862,738
C,897,899,911,760,884,780,873,772,861,740
C,895,898,909,762,883,780,873,772,862,739
C,895,898,910,762,884,780,872,772,860,739
C,895,899,908,762,882,781,873,771,860,740
C,899,901,909,761,882,781,872,772,861,739
C,894,901,908,762,882,781,872,772,859,740
C,896,898,908,762,882,781,870,772,861,739
C,898,899,908,762,881,780,873,771,859,738
C,895,901,909,761,883,781,871,770,861,740
C,900,899,910,763,882,780,871,771,860,739
C,899,899,909,762,883,780,872,771,861,740
C,898,899,908,763,882,780,871,771,860,740
C,899,901,907,761,882,780,871,772,860,739
C,897,900,908,762,884,780,871,771,859,739
C,897,901,908,764,882,780,871,772,860,738
C,897,898,910,762,882,781,871,770,861,740
C,899,900,908,762,882,781,872,770,862,739
C,893,899,910,762,881,779,873,773,860,739
C,896,899,908,763,880,781,871,772,860,738
C,897,900,907,763,881,780,872,772,861,740
C,895,899,909,762,882,781,872,771,859,740
C,899,898,908,763,883,780,872,771,861,740
C,897,901,909,762,881,780,872,771,858,740
C,897,900,909,761,883,780,872,772,861,740
C,895,901,909,761,883,781,871,772,860,739
C,898,900,910,762,883,780,872,772,859,741
C,897,898,908,762,883,781,871,772,859,739
C,895,899,909,763,883,781,871,772,858,738
C,897,900,906,763,882,780,871,772,861,739
C,899,901,909,764,883,781,871,771,859,739
C,897,899,910,760,882,781,870,772,861,738
C,896,900,909,763,882,781,871,771,860,740
C,896,899,908,763,882,781,871,772,860,739
C,898,899,908,763,881,779,871,772,860,739
C,898,900,909,762,882,781,871,772,859,740
C,896,901,909,763,885,780,871,772,860,739
C,897,899,909,763,883,780,871,772,858,739
C,896,899,907,763,881,781,872,771,859,739
C,899,901,907,763,881,778,871,772,858,739
C,896,899,909,762,882,780,870,771,859,738
C,898,898,908,761,883,781,870,772,858,740
C,897,900,908,763,882,780,871,771,858,738
C,897,901,908,763,884,781,872,772,858,740
C,898,901,909,764,881,781,871,772,860,739
C,894,900,910,763,882,780,872,771,859,740
C,899,902,909,763,882,779,872,771,858,740
C,896,898,909,762,883,780,872,771,860,738
C,897,899,908,763,882,780,872,771,860,739
C,897,900,909,763,883,781,870,772,859,738
C,899,900,907,762,883,780,872,772,858,738
C,898,900,909,764,882,780,870,772,859,740
C,895,899,909,762,883,781,872,772,859,738
C,894,901,909,763,883,780,871,772,859,739
C,899,899,909,762,880,781,872,771,857,739
C,897,900,908,762,882,780,870,772,860,739
C,897,901,909,763,882,781,871,773,859,739
C,896,900,908,763,882,780,872,772,858,739
C,896,899,909,762,884,781,871,772,858,739
C,894,899,909,763,883,781,871,770,859,739
C,896,898,908,763,881,781,870,771,859,739
C,897,901,909,763,881,780,871,772,858,737
C,897,901,909,762,883,781,872,771,857,739
C,897,903,909,764,883,782,870,772,857,737
C,898,901,908,764,882,780,871,772,860,739
C,896,902,909,763,883,780,871,772,859,739
C,897,901,908,763,882,782,872,771,858,739
C,896,901,909,764,882,782,872,771,859,739
C,896,899,908,762,883,780,871,772,858,740
C,897,899,908,763,882,780,871,772,859,739
C,893,901,908,764,882,781,871,772,857,740
C,897,901,907,765,883,781,871,772,859,739
C,896,901,909,764,881,780,870,771,860,740
C,894,900,909,764,882,780,871,771,858,740
C,896,902,910,764,882,780,872,773,858,738
C,896,900,907,764,882,781,870,772,858,738
C,898,901,909,763,881,780,870,772,858,738
C,900,900,908,764,883,781,871,771,858,740
C,896,901,909,763,881,782,869,772,859,738
C,896,901,908,763,881,780,871,772,860,736
C,899,900,908,764,882,781,871,771,857,739
C,895,901,909,765,882,781,870,772,857,739
C,897,900,907,764,882,779,870,772,858,739
C,896,898,909,763,881,780,871,771,859,740
C,898,900,908,764,882,781,871,771,859,740
C,896,900,909,764,882,781,871,772,859,739
C,896,901,909,764,882,780,871,772,857,737
C,896,899,907,763,883,781,871,772,859,740
C,896,901,907,764,883,781,871,771,860,739
C,900,902,910,763,882,781,870,771,858,739
C,897,901,907,765,883,781,870,771,859,739
C,895,903,909,763,882,780,870,772,859,739
C,897,903,909,764,881,782,871,771,859,739
C,898,901,908,763,883,779,871,773,858,738
C,898,901,909,763,883,781,871,771,858,740
C,898,901,908,764,881,781,870,771,859,738
C,898,900,908,763,881,781,871,771,858,739
C,897,901,909,764,882,781,870,772,859,737
C,897,901,909,763,883,780,872,772,859,738
C,899,900,908,763,882,781,872,772,859,740
C,895,901,908,763,882,780,871,772,858,738
C,898,900,908,765,883,781,870,772,857,739
C,896,902,908,764,884,780,870,771,859,738
C,897,902,908,762,883,780,871,771,857,738
C,898,900,907,763,882,780,871,772,858,739
C,900,902,908,764,883,780,871,771,858,739
C,895,901,906,763,881,781,870,772,857,738
C,898,899,907,763,881,780,872,771,860,739
C,894,899,907,764,881,781,870,773,859,738
C,895,901,909,764,881,781,870,771,859,739
C,898,901,908,763,883,781,871,772,858,739
C,897,901,909,763,882,782,871,772,857,739
C,895,899,907,764,882,781,870,772,858,740
C,896,900,908,763,882,781,871,771,857,739
C,900,902,909,763,880,782,870,771,857,738
C,895,901,909,763,882,780,871,772,858,739
C,897,900,909,762,883,781,870,772,857,738
C,899,900,909,762,881,780,869,772,858,738
C,898,901,907,764,880,781,871,772,859,740
C,894,899,909,763,883,782,870,771,859,739
C,897,899,909,764,881,781,871,771,858,739
C,895,901,908,764,883,779,871,772,859,737
C,897,902,909,764,881,781,871,771,856,738
C,897,902,908,763,881,781,870,772,857,739
C,898,900,909,763,884,781,870,772,857,740
C,898,902,908,763,881,780,871,772,858,738
C,898,901,909,762,882,780,871,771,859,737
C,894,898,909,764,880,780,871,772,857,738
C,897,900,909,764,881,780,871,772,858,739
C,896,899,909,764,882,781,870,771,858,740
C,899,902,907,765,881,781,870,772,856,738
C,897,899,909,763,881,782,871,771,857,738
C,897,900,908,762,881,781,869,772,858,738
C,898,903,909,764,884,780,870,772,857,739
C,897,900,908,763,883,780,869,772,856,738
C,897,901,909,764,883,781,871,772,859,737
C,898,902,908,764,883,780,871,772,858,738
C,893,902,910,764,883,781,871,771,858,738
C,898,899,907,763,882,781,871,771,859,738
C,895,901,908,765,881,780,870,772,856,738
C,898,900,909,763,882,781,870,771,855,740
C,899,902,909,763,881,780,871,772,859,739
C,897,901,908,763,882,780,870,772,856,738
C,895,902,907,763,882,780,870,772,859,737
C,897,900,908,763,881,780,872,772,859,737
C,898,903,909,764,884,781,870,772,857,739
C,898,899,908,763,883,781,871,772,859,740
C,896,900,909,763,881,781,870,772,855,739
C,897,902,908,764,883,780,869,772,859,738
C,894,902,909,763,884,780,870,772,858,739
C,898,901,908,763,883,781,870,771,859,737
C,897,899,909,763,881,781,869,772,858,739
C,895,902,907,763,882,781,870,772,858,739
C,899,899,909,764,883,781,870,772,857,739
C,896,900,907,762,882,781,870,771,857,739
C,897,901,908,765,882,780,871,773,857,737
C,894,901,908,763,881,781,870,771,857,738
C,895,900,909,763,883,781,869,772,858,739
C,895,900,907,763,882,780,871,770,857,739
C,896,898,907,763,882,781,870,772,858,737
C,895,900,909,763,882,781,869,770,856,739
C,895,901,908,763,881,781,869,772,858,739
C,895,898,908,762,883,780,870,772,858,739
C,895,903,907,762,881,780,869,772,858,739
C,895,901,909,764,881,780,869,772,857,740
C,898,899,908,762,883,781,870,772,858,738
C,894,900,909,764,884,781,869,772,859,738
C,893,899,907,763,883,780,870,772,857,739
C,897,900,907,763,881,780,870,772,856,738
C,899,900,909,763,882,780,870,772,857,738
C,897,901,909,762,882,781,870,772,857,740
C,897,898,909,764,883,780,869,771,859,739
C,898,901,908,762,884,782,870,772,855,739
C,897,901,908,762,882,780,871,771,859,738
C,897,900,908,764,883,780,869,772,857,739
C,897,899,907,764,882,781,869,771,857,738
C,895,899,908,762,882,781,870,772,858,739
C,899,902,908,761,882,780,870,772,856,737
C,899,900,909,763,882,781,869,772,857,739
C,894,898,908,763,882,780,870,772,856,738
C,896,899,906,765,881,780,870,771,859,738
C,895,901,907,763,883,781,869,772,857,739
C,894,900,909,763,883,781,869,772,857,738
C,898,900,908,763,883,780,870,772,858,740
C,897,901,907,763,884,781,868,771,857,739
C,895,900,908,763,882,781,869,772,859,738
C,901,901,908,764,883,780,870,771,858,739
C,898,901,907,763,882,782,869,771,858,739
C,895,902,909,763,882,781,870,772,858,739
C,897,899,908,763,882,781,870,772,857,739
C,895,900,907,765,882,780,868,772,858,739
C,895,902,908,763,881,780,869,771,855,737
C,894,899,909,764,882,781,870,772,857,739
C,898,903,907,762,883,780,871,772,858,739
C,896,901,909,763,884,781,869,772,858,738
C,897,901,908,763,883,779,869,772,859,740
C,891,895,908,764,882,781,870,771,857,738
C,898,900,907,763,886,781,869,772,857,738
C,895,898,909,765,883,781,869,771,857,738
C,895,901,908,763,884,781,870,772,856,739
C,898,902,907,763,883,781,870,771,857,738
C,895,903,908,763,884,780,870,771,858,738
C,897,900,908,763,883,781,870,772,858,738
C,899,900,908,763,883,779,869,772,858,738
C,896,902,907,763,883,781,870,772,859,738
C,896,899,908,764,884,781,870,771,857,739
C,894,901,908,763,883,781,870,772,857,739
C,896,900,908,764,884,780,870,772,856,739
C,895,899,907,764,882,781,870,772,856,740
C,898,901,907,762,885,781,869,772,857,739
C,896,900,909,765,884,781,870,772,858,739
C,898,900,909,764,883,781,870,771,857,738
C,895,900,907,762,884,780,868,772,857,737
C,896,900,909,765,885,781,869,773,856,740
C,897,900,907,763,882,779,870,772,858,738
C,898,902,907,764,884,780,870,771,858,737
C,896,900,909,764,884,780,870,772,858,740
C,897,899,908,763,884,780,870,772,857,739
C,894,902,907,765,883,781,870,772,860,738
C,896,902,907,764,882,781,869,772,856,739
C,896,900,908,764,884,782,869,771,857,738
C,899,902,908,763,884,780,868,772,857,738
C,894,901,908,763,883,782,869,771,856,738
C,893,899,908,763,884,781,870,772,858,739
C,899,901,909,765,882,780,869,771,859,738
C,898,900,907,763,882,780,869,771,857,738
C,895,899,907,764,885,781,869,772,858,738
C,899,900,907,765,883,781,869,772,858,740
C,895,901,908,764,881,782,869,772,857,739
C,898,901,907,763,884,780,870,772,857,739
C,895,901,909,763,883,780,870,772,857,739
C,898,900,908,765,882,780,868,772,859,738
C,897,900,908,764,882,781,869,772,856,738
C,895,900,908,763,882,781,868,771,857,739
C,897,901,908,764,882,780,870,773,857,738
C,897,902,906,763,882,781,869,772,855,739
C,893,903,908,763,882,782,868,772,857,737
C,895,899,909,762,881,780,869,772,857,737
C,897,901,908,764,883,781,871,773,857,738
C,898,902,906,765,882,781,871,772,856,738
C,897,902,909,764,884,780,870,772,855,737
C,896,900,908,764,882,781,870,772,858,738
C,897,900,908,764,884,780,869,772,859,740
C,897,901,908,764,882,781,870,772,855,739
C,893,900,910,766,883,781,868,772,857,738
C,896,901,908,764,883,781,869,771,859,739
C,896,902,909,764,882,781,869,772,857,739
C,896,901,909,763,883,780,870,773,857,738
C,896,904,908,763,883,781,869,772,858,739
C,899,902,907,764,883,780,870,772,856,738
C,898,900,908,763,883,780,869,771,858,738
C,897,900,908,764,884,780,869,772,857,738
C,896,901,908,763,882,781,870,772,857,738
C,896,900,908,762,883,779,869,772,857,739
C,899,900,908,763,883,781,869,771,857,739
C,897,900,907,764,884,781,870,772,857,739
C,894,902,908,765,883,780,870,772,858,739
C,896,903,907,764,884,780,869,772,858,737
C,898,901,909,765,883,781,870,772,856,739
C,897,903,909,765,881,781,869,771,857,739
C,897,901,908,763,884,781,870,771,857,739
C,898,900,908,763,883,780,870,773,857,737
C,894,898,906,763,881,780,870,772,858,739
C,895,899,909,763,884,780,870,772,857,739
C,896,902,907,765,881,779,868,771,857,738
C,898,901,908,764,884,780,870,772,861,740
C,898,900,908,763,884,781,869,772,855,740
C,896,901,908,763,884,780,869,772,857,738
C,894,901,908,764,883,780,870,772,856,738
C,897,903,908,763,883,781,869,771,856,739
C,898,900,908,765,881,782,870,770,857,739
C,896,901,907,764,883,782,869,772,857,738
C,898,902,907,765,884,780,869,772,857,738
C,896,900,908,761,884,780,871,771,858,738
C,898,903,907,764,882,781,869,771,856,739
C,897,900,908,765,884,782,869,771,858,738
C,895,900,909,763,884,782,869,772,856,738
C,898,900,909,763,883,781,870,772,856,738
C,896,901,907,764,882,781,870,772,856,737
C,895,902,906,763,882,781,869,772,857,740
C,897,901,906,765,884,781,871,770,858,740
C,895,901,908,762,882,781,869,771,856,739
C,897,902,908,763,884,781,870,772,856,738
C,894,903,909,765,882,781,870,772,857,738
C,897,901,909,764,883,780,870,771,857,739
C,896,903,908,764,883,780,868,771,857,739
C,894,902,908,763,883,781,869,772,857,738
C,892,902,906,765,883,780,869,772,858,739
C,896,902,908,763,882,781,870,772,856,736
C,895,900,907,764,882,780,870,772,858,738
C,895,901,907,765,882,781,870,771,855,738
C,899,902,907,764,882,780,870,771,856,739
C,896,902,908,765,883,781,868,771,858,740
C,895,900,907,765,882,779,870,773,857,738
C,894,902,908,763,882,782,868,771,857,738
C,898,900,907,764,883,781,869,772,857,739
C,898,902,906,765,881,780,870,771,856,739
C,896,900,908,765,882,781,870,772,858,738
C,895,901,908,764,883,781,870,771,856,738
C,898,902,910,766,884,781,869,772,857,739
C,895,903,907,764,883,781,870,772,858,738
C,898,902,906,764,882,779,869,772,856,737
C,894,904,910,764,882,780,870,771,858,738
C,898,903,907,763,882,780,870,771,858,739
C,896,901,909,764,882,780,871,772,857,739
C,896,900,908,764,882,780,870,772,858,739
C,898,903,909,764,882,780,869,772,857,738
C,897,900,908,764,881,782,868,772,857,738
C,897,900,907,763,883,781,869,773,856,737
C,894,903,907,765,881,782,868,772,856,739
C,895,903,908,765,882,781,868,771,857,739
C,897,902,908,765,882,781,870,771,858,738
C,899,901,908,763,882,780,869,771,858,739
C,897,902,908,764,883,781,868,771,857,739
C,896,902,908,765,882,781,868,771,857,739
C,896,903,909,765,882,780,870,772,857,739
C,896,901,908,763,881,780,870,772,858,739
C,898,901,908,764,881,781,870,771,856,738
C,894,903,907,764,882,781,868,772,858,737
C,896,903,907,763,882,780,869,771,856,739
C,897,902,908,763,881,781,869,772,858,738
C,895,900,905,763,882,781,869,772,858,737
C,898,901,907,763,883,780,869,772,857,739
C,895,903,908,765,884,782,870,771,857,739
C,893,902,906,765,882,780,870,771,857,739
C,894,900,907,764,882,781,869,772,855,739
C,898,901,909,762,881,781,869,772,857,738
C,898,902,906,764,879,782,869,772,858,738
C,897,900,908,764,882,781,869,772,857,739
C,898,901,908,765,881,781,869,772,857,738
C,896,902,909,764,883,780,869,771,856,737
C,898,902,908,765,884,781,869,771,856,738
C,898,901,908,764,882,781,868,772,856,737
C,894,904,910,765,882,780,870,772,857,737
C,898,903,908,765,883,780,870,772,856,738
C,895,901,908,764,882,782,869,772,855,738
C,895,900,907,764,883,781,868,772,855,739
C,896,902,907,765,883,780,870,772,858,739
C,898,901,907,764,881,781,868,772,857,738
C,895,901,909,763,883,781,870,772,856,739
C,897,901,906,764,884,780,868,772,857,738
C,894,901,910,765,882,780,870,771,856,739
C,897,901,907,764,881,781,868,771,856,738
C,895,900,908,764,883,781,868,772,856,738
C,897,901,907,763,883,781,869,771,857,736
C,895,903,907,765,882,780,869,771,856,737
C,895,901,907,764,883,781,869,772,857,738
C,898,899,908,765,880,781,870,772,857,737
C,896,901,908,764,882,780,869,771,855,738
C,898,902,906,763,883,780,870,771,857,739
C,896,901,907,764,883,781,869,772,857,738
C,896,902,908,766,883,782,868,772,856,739
C,898,901,904,764,883,781,869,772,857,738
C,897,903,908,765,882,782,870,772,856,737
C,896,900,908,764,882,782,869,772,858,739
C,896,900,906,764,882,780,868,771,854,739
C,896,902,906,765,881,782,868,771,855,738
C,898,900,908,762,881,780,870,772,857,738
C,898,901,908,765,883,782,869,772,855,736
C,893,901,906,765,882,782,869,772,856,739
C,896,900,907,765,882,780,869,772,858,738
C,898,901,908,764,882,781,870,772,856,738
C,894,902,908,762,886,781,869,773,858,739
C,898,902,907,764,883,780,869,772,856,739
C,898,902,907,764,883,780,869,772,858,739
C,896,902,907,764,883,781,869,772,856,739
C,895,900,906,765,882,780,868,772,858,739
C,894,903,908,764,883,780,869,772,856,738
C,897,902,906,765,884,779,869,772,856,739
C,895,901,908,765,882,782,869,770,856,738
C,897,902,907,763,882,781,869,772,857,739
C,896,900,909,766,882,782,869,772,857,739
C,897,903,906,763,883,781,868,771,858,738
C,894,902,908,764,881,780,870,771,855,738
C,895,902,907,764,882,780,870,771,856,738
C,895,901,908,765,882,780,868,772,856,738
C,897,901,907,764,881,781,870,772,855,736
C,897,903,908,764,880,782,870,771,856,738
C,893,903,907,765,881,780,869,771,858,739
C,896,900,908,765,881,781,870,772,856,738
C,896,902,906,765,881,781,870,772,856,739
C,898,901,906,765,882,780,869,772,856,737
C,898,901,908,763,882,782,869,771,857,740
C,897,903,907,765,881,781,869,772,857,738
C,895,901,907,765,880,781,869,772,855,739
C,898,900,908,764,880,781,868,773,858,738
C,898,902,907,764,883,781,868,772,856,738
C,898,902,908,763,881,781,869,771,858,740
C,896,902,908,764,883,781,869,771,856,737
C,894,900,906,763,882,781,869,772,856,736
C,897,901,907,764,881,780,869,772,856,739
C,895,902,907,764,881,781,869,772,857,738
C,897,903,907,764,882,781,870,773,856,738
C,894,902,907,764,880,781,870,771,858,739
C,897,901,907,764,881,781,870,772,857,739
C,896,901,905,764,883,781,870,772,855,738
C,893,901,909,765,884,780,868,771,856,738
C,896,902,908,765,883,780,867,772,855,737
C,897,902,908,764,883,781,869,771,857,739
C,897,902,907,765,882,781,870,772,854,739
C,896,904,909,764,883,781,868,770,856,738
C,896,903,908,763,881,780,868,771,858,738
C,897,899,909,765,881,781,868,771,855,739
C,895,901,908,765,881,781,868,772,857,738
C,896,900,907,766,881,781,869,771,856,739
C,898,900,906,763,882,780,869,772,855,738
C,894,901,907,764,885,782,870,773,854,738
C,895,901,907,764,882,781,869,771,858,738
C,897,903,907,765,883,781,869,772,856,738
C,894,901,909,764,881,780,869,772,856,737
C,894,901,907,765,881,781,870,772,857,738
C,895,902,908,765,883,782,868,771,858,739
C,895,900,907,764,882,779,869,772,856,738
C,899,903,908,763,883,779,868,773,857,739
C,897,901,907,764,883,781,868,772,857,737
C,899,902,906,765,881,782,869,772,856,739
C,895,901,908,764,882,780,868,772,857,738
C,898,902,908,763,881,781,869,771,858,738
C,893,900,906,764,882,780,869,772,856,738
C,897,902,906,765,884,782,870,771,857,740
C,898,900,909,763,883,781,868,772,858,738
C,895,902,907,765,883,781,868,772,857,737
C,900,903,909,767,883,781,870,772,855,739
C,896,903,907,765,881,780,868,772,857,738
C,898,900,907,764,884,781,870,773,856,737
C,896,900,907,765,883,781,869,772,857,737
C,895,898,907,763,883,781,867,772,857,737
C,900,903,908,764,883,781,868,772,857,738
C,896,903,907,763,883,780,869,772,857,738
C,897,902,907,764,881,780,869,771,857,737
C,895,901,907,763,884,781,869,772,856,738
C,898,903,907,763,883,780,869,772,857,738
C,895,902,907,765,884,780,867,772,857,738
C,896,902,906,764,882,780,868,772,858,738
C,894,902,908,765,883,780,868,772,856,739
C,896,900,907,764,881,781,869,771,857,739
C,894,903,907,764,883,782,868,772,859,737
C,897,902,907,764,883,781,867,772,855,738
C,898,902,907,766,881,780,869,772,855,736
C,896,902,908,763,883,780,869,772,858,738
C,898,899,909,763,883,780,868,772,858,737
C,894,902,908,763,883,781,868,772,856,737
C,900,902,907,763,881,781,868,771,856,738
C,898,903,907,764,882,780,870,772,855,739
C,896,902,908,764,881,780,868,772,856,738
C,897,903,908,765,882,781,869,772,856,738
C,895,901,907,763,882,781,869,772,855,739
C,896,901,907,763,881,781,868,771,856,738
C,897,903,906,765,883,779,868,771,854,737
C,895,902,907,765,881,781,868,772,856,738
C,899,901,907,764,880,781,870,771,856,738
C,898,899,908,764,881,780,869,772,855,737
C,894,903,907,764,883,781,869,773,856,739
C,896,900,908,764,883,781,869,772,856,738
C,897,899,907,764,882,780,869,771,855,737
C,898,900,906,765,882,780,869,772,856,739
C,898,902,907,765,883,780,868,772,857,738
C,894,904,906,765,882,780,869,772,857,737
C,895,902,907,763,882,781,869,771,857,738
C,897,901,906,763,882,781,867,772,858,738
C,892,900,907,763,883,780,868,771,855,739
C,896,903,908,764,884,781,869,771,857,738
C,897,903,909,765,882,779,868,772,855,737
C,898,901,906,765,882,780,869,772,856,739
C,897,902,908,765,883,780,867,772,857,737
C,894,902,908,764,883,780,869,772,857,738
C,898,901,907,765,883,780,870,771,856,738
C,896,899,906,764,882,781,869,772,857,739
C,895,900,907,764,883,781,869,772,857,739
C,896,902,908,764,881,781,870,771,858,739
C,898,900,907,763,882,781,868,772,857,738
C,896,900,907,764,882,780,869,772,857,738
C,898,902,907,763,884,781,869,771,858,739
C,897,903,908,764,884,781,869,772,856,739
C,897,902,908,764,882,780,869,772,857,738
C,898,901,906,764,884,780,869,772,857,739
C,895,902,907,764,882,781,869,772,857,738
C,897,902,908,764,882,779,869,771,855,739
C,898,901,907,763,883,780,869,771,858,739
C,895,901,908,765,884,781,868,772,856,737
C,898,903,906,765,881,782,870,772,856,738
C,895,901,907,764,882,781,867,770,855,738
C,897,900,909,764,882,780,867,771,856,739
C,897,902,909,765,884,780,869,772,856,739
C,895,903,906,765,883,780,869,772,856,739
C,896,902,908,763,884,780,868,772,857,738
C,899,900,906,763,884,781,869,772,857,739
C,897,902,908,766,884,780,869,772,856,738
C,895,903,907,764,884,782,868,772,855,739
C,895,901,908,764,884,781,869,772,856,738
C,897,902,906,766,883,781,869,772,857,738
C,896,901,907,764,883,782,868,772,856,739
C,897,904,907,763,882,780,869,771,857,739
C,894,902,907,763,884,781,869,773,858,740
C,897,900,906,765,885,782,870,771,858,739
C,897,902,907,765,882,781,868,771,856,738
C,896,903,906,765,881,781,868,772,855,737
C,897,900,908,764,883,781,868,772,857,739
C,897,901,907,763,878,780,870,772,856,738
C,897,902,908,764,883,781,869,772,856,739
C,897,902,908,764,882,780,869,771,856,738
C,896,903,906,766,883,781,868,772,857,738
C,897,901,907,765,881,780,869,772,857,737
C,895,901,908,764,884,781,869,771,857,739
C,895,902,908,764,882,781,869,771,856,739
C,895,900,907,763,883,782,868,772,857,739
C,896,901,908,764,882,781,869,772,857,738
C,898,899,905,764,884,781,869,770,856,737
C,896,903,907,764,884,781,869,773,857,739
C,894,901,907,764,883,781,869,771,854,739
C,895,902,908,764,884,780,868,772,856,738
C,895,901,906,763,882,781,868,772,858,739
C,898,903,908,764,883,781,869,771,856,738
C,896,900,907,766,882,780,870,772,854,738
C,898,901,908,765,883,780,869,772,856,738
C,896,900,906,764,885,780,870,772,856,739
C,900,902,907,764,883,781,869,772,856,738
C,898,901,907,765,883,780,868,771,857,739
C,895,901,907,766,883,782,868,772,855,738
C,898,902,907,765,884,780,870,772,855,739
C,899,901,908,764,884,780,868,772,856,738
C,897,903,907,765,884,781,868,772,857,740
C,898,902,907,765,881,779,870,772,857,738
C,896,902,907,764,884,781,868,773,855,739
C,898,900,907,764,883,779,868,770,855,739
C,898,902,908,764,883,780,868,772,857,739
C,896,902,907,764,883,781,869,772,856,737
C,895,903,907,765,884,780,869,771,856,738
C,895,903,907,763,883,782,869,772,855,737
C,898,903,908,765,882,781,868,772,856,738
C,897,904,908,766,884,781,868,772,856,738
C,896,900,907,763,883,781,869,772,857,739
C,898,902,908,763,883,781,869,772,857,738
C,895,902,907,764,882,781,869,772,857,739
C,896,902,908,764,883,780,869,772,855,738
C,896,902,905,766,883,780,867,772,857,737
C,898,901,908,765,883,780,868,773,855,740
C,897,902,907,765,882,782,868,771,857,737
C,893,900,907,764,882,780,869,772,856,738
C,898,903,908,764,882,781,868,771,855,737
C,898,902,907,763,882,781,869,772,858,737
C,892,904,908,766,883,781,869,772,857,739
C,894,902,907,763,883,780,867,772,855,738
C,894,902,906,765,882,780,868,772,856,738
C,898,901,908,765,882,780,869,773,857,737
C,899,901,907,764,882,782,869,772,857,738
C,892,903,907,766,880,780,869,771,856,738
C,897,901,907,766,884,780,869,772,855,739
C,898,901,908,764,882,781,867,772,856,739
C,897,902,908,765,882,781,869,772,855,739
C,896,902,907,765,882,780,867,772,855,738
C,897,903,907,765,882,781,868,772,855,739
C,896,900,909,764,882,781,869,772,857,738
C,897,901,908,766,881,781,869,772,854,737
C,896,901,907,766,883,780,868,773,855,738
C,899,900,906,765,881,780,869,772,857,738
C,894,903,906,763,881,781,867,772,855,739
C,898,901,907,764,882,781,869,772,855,738
C,894,903,906,765,882,781,868,771,857,738
C,896,901,908,764,881,780,869,771,854,739
C,894,902,908,766,881,780,869,772,856,738
C,895,901,908,766,881,780,869,772,855,740
C,893,902,907,766,883,781,868,771,856,738
C,897,904,908,764,882,780,869,772,856,738
C,896,902,908,766,885,780,869,772,857,738
C,895,900,908,764,884,781,867,772,856,738
C,897,902,907,764,883,780,869,772,858,738
C,900,902,908,765,882,781,870,772,855,738
C,897,902,907,765,883,780,868,772,857,738
C,898,900,906,764,883,780,868,772,855,739
C,897,904,907,765,883,781,869,772,857,740
C,894,901,907,763,883,780,868,772,857,737
C,898,902,908,765,885,779,868,771,855,738
C,896,902,908,764,882,781,868,772,855,739
C,898,900,906,764,882,781,869,772,856,739
C,898,901,908,765,885,781,868,771,855,738
C,898,903,907,764,884,781,868,772,855,738
C,896,904,908,762,884,781,868,772,855,738
C,895,900,908,763,883,781,869,771,855,738
C,898,900,905,765,883,781,869,772,854,738
C,898,902,907,765,883,781,869,772,855,738
C,899,902,908,764,883,781,869,772,857,738
C,897,902,907,765,884,781,868,772,857,738
C,896,902,907,766,880,781,870,771,856,739
C,895,901,907,764,882,780,868,771,856,738
C,896,900,906,764,881,781,868,772,856,739
C,894,902,907,766,884,779,867,772,857,738
C,899,902,907,762,882,781,869,772,856,739
C,897,901,908,764,881,780,870,772,857,738
C,897,904,906,765,882,781,868,772,856,739
C,898,902,907,766,884,781,867,771,855,737
C,895,901,907,764,881,781,868,770,857,740
C,896,900,908,764,881,781,865,772,855,738
C,897,898,906,764,884,781,866,772,857,737
C,895,900,908,764,882,781,868,771,857,738
C,896,903,906,764,884,780,868,772,855,739
C,896,901,907,766,883,781,868,772,857,738
C,895,903,908,765,881,780,869,771,856,738
C,896,903,908,765,880,780,869,770,855,737
C,900,901,908,766,882,781,868,772,855,739
C,895,901,907,765,882,781,870,772,855,737
C,894,902,908,764,883,780,869,773,855,738
C,898,900,907,765,883,781,869,773,855,739
C,895,904,906,764,883,782,868,772,855,738
C,895,902,908,763,881,781,869,773,856,739
C,896,901,906,765,883,780,868,773,855,738
C,895,901,907,765,883,781,868,770,855,738
C,895,901,906,766,883,781,869,773,856,739
C,897,903,906,765,883,779,867,772,854,738
C,896,899,907,766,885,782,869,771,855,737
C,897,901,907,765,882,780,868,771,855,739
C,894,901,909,766,881,780,867,772,857,739
C,895,901,907,765,883,781,869,772,856,739
C,897,900,907,765,885,779,869,773,858,739
C,894,901,907,766,884,781,867,772,856,737
C,895,900,906,765,883,780,869,772,854,738
C,897,902,906,765,883,781,869,772,855,737
C,894,903,907,765,882,781,868,772,856,738
C,899,904,907,764,882,781,869,772,858,739
C,896,901,907,764,883,781,868,772,856,739
C,898,901,907,765,882,780,868,771,854,738
C,897,902,907,766,884,781,869,771,857,738
C,897,900,907,765,884,780,867,772,856,738
C,895,902,906,766,881,781,868,772,858,740
C,897,903,908,764,883,780,869,772,857,737
C,895,900,907,765,882,780,868,771,857,739
C,896,903,907,766,882,781,869,772,855,738
C,896,904,906,765,881,781,868,772,857,737
C,897,900,907,764,882,781,869,772,855,738
C,896,901,907,766,883,781,869,772,855,737
C,897,902,907,765,881,781,867,771,856,739
C,894,898,906,765,881,780,869,772,855,739
C,896,901,908,764,882,781,869,772,855,737
C,897,902,907,765,883,781,868,772,856,738
C,894,900,907,764,881,780,868,771,854,738
C,896,899,907,766,882,779,869,772,855,739
C,893,901,906,766,881,782,871,773,854,738
C,895,901,908,766,880,781,869,772,855,736
C,899,903,908,765,882,781,869,771,855,739
C,896,903,906,764,882,781,869,771,856,739
C,896,902,907,764,882,780,867,772,856,738
C,898,898,907,766,882,780,868,772,855,738
C,895,903,908,765,881,780,868,771,857,738
C,895,900,907,765,883,781,868,771,855,737
C,896,899,907,764,883,781,869,772,855,738
C,896,901,907,764,882,781,867,772,855,738
C,895,900,907,765,883,781,868,771,855,738
C,898,903,907,766,883,781,868,771,855,739
C,898,902,905,764,881,780,868,771,855,737
C,895,900,907,765,881,781,867,772,855,737
C,898,900,907,765,883,781,869,772,855,738
C,895,901,906,765,881,781,868,772,857,739
C,897,902,906,764,881,781,867,772,857,737
C,896,904,906,765,882,782,869,772,856,739
C,895,903,906,764,881,781,869,772,855,737
C,897,899,906,766,882,780,867,771,854,738
C,894,903,907,765,883,781,866,772,855,739
C,893,899,907,763,879,780,869,772,855,738
C,896,900,905,766,883,780,868,770,856,737
C,897,902,907,764,884,782,867,773,856,738
C,895,899,906,763,883,781,868,772,854,737
C,894,901,905,764,883,781,869,772,857,739
C,898,901,908,766,881,779,869,772,856,739
C,895,903,907,765,881,780,868,772,855,737
C,894,903,907,763,881,781,868,772,855,737
C,898,902,907,765,881,781,869,772,855,737
C,895,901,907,765,882,780,868,773,858,738
C,895,903,906,765,883,781,868,772,854,738
C,895,901,908,766,882,782,868,772,856,739
C,894,901,908,765,884,781,867,772,857,738
C,895,903,906,765,881,781,869,771,856,738
C,895,900,907,763,884,781,869,773,855,738
C,894,901,908,763,882,781,869,772,856,738
C,897,901,907,767,880,782,868,771,856,738
C,895,902,906,766,879,781,868,771,856,739
C,895,901,907,765,881,780,868,773,856,737
C,895,901,905,766,883,781,867,772,855,739
C,898,901,907,765,882,780,868,772,856,737
C,896,901,907,764,880,781,868,773,856,738
C,895,901,907,765,881,781,867,772,856,738
C,893,901,907,763,880,782,867,772,856,737
C,896,901,908,765,883,780,868,772,857,738
C,898,900,907,764,881,781,870,772,856,738
C,897,901,907,765,881,781,868,771,856,738
C,895,900,908,765,881,782,868,772,855,738
C,898,900,906,764,881,781,867,772,856,739
C,896,902,907,766,881,781,868,772,855,739
C,896,902,907,764,882,780,869,773,855,737
C,897,900,907,764,881,781,867,772,856,738
C,898,903,907,764,883,781,868,772,854,739
C,897,902,907,765,882,781,867,771,853,738
C,898,901,906,764,882,780,869,772,856,737
C,894,900,907,765,881,780,867,772,857,739
C,894,900,907,764,883,781,868,772,856,738
C,896,900,907,765,881,780,868,772,856,738
C,900,895,907,764,879,781,869,772,856,739
C,894,901,907,765,882,781,866,772,856,738
C,896,900,907,763,883,780,868,772,857,736
C,896,903,907,764,882,781,869,772,854,737
C,894,904,908,765,882,782,867,772,856,738
C,895,899,908,766,882,781,868,771,856,738
C,897,902,906,764,883,780,869,772,858,737
C,897,902,907,765,881,780,868,772,856,739
