E,910,931,932,804,898,807,896,816,894,786
E,907,932,932,805,900,808,896,819,897,787
E,912,933,933,805,899,807,897,816,892,786
E,906,935,933,805,898,805,895,817,896,787
E,907,934,931,805,897,807,896,818,896,787
E,909,933,931,806,899,807,896,818,897,784
E,912,933,930,804,902,806,895,817,892,786
E,910,932,931,807,898,806,896,816,896,788
E,908,934,930,806,900,808,895,822,898,790
E,911,932,930,805,901,807,896,820,895,789
E,909,933,931,807,902,808,896,818,893,791
E,911,936,931,802,899,807,896,822,896,791
E,909,934,931,806,902,808,896,824,895,790
E,908,935,931,805,901,808,896,822,895,792
E,910,935,931,806,904,809,896,826,894,793
E,907,936,931,804,903,811,896,829,896,794
E,906,935,932,806,901,814,897,827,896,797
E,907,935,931,807,901,812,898,828,893,796
E,908,934,930,807,903,813,897,827,894,799
E,905,935,930,806,904,812,897,828,895,798
E,906,934,931,807,904,814,897,827,893,799
E,905,933,931,808,902,812,895,828,896,797
E,907,931,932,807,900,814,894,824,896,796
E,909,932,930,806,901,811,894,823,895,796
E,908,934,931,806,903,813,893,824,891,796
E,907,936,930,803,901,813,892,826,893,795
E,908,934,931,806,899,814,889,826,895,797
E,906,932,932,808,898,813,891,826,891,795
E,909,934,929,807,895,812,891,825,893,793
E,912,933,929,804,897,814,890,822,888,795
E,913,931,929,805,895,815,889,826,893,794
E,910,935,929,805,901,813,888,824,889,793
E,913,933,929,804,898,815,889,820,893,791
E,916,934,930,805,900,816,888,825,894,792
E,913,934,930,804,899,815,888,821,888,792
E,914,935,927,804,895,816,887,824,887,791
E,914,935,931,804,895,814,886,821,889,793
E,912,932,929,804,894,814,887,823,890,794
E,911,935,928,805,893,815,889,819,891,794
E,913,933,928,804,894,816,887,822,891,794
E,916,936,928,806,894,814,887,824,890,793
E,912,934,931,803,891,814,888,820,891,794
E,910,935,930,803,894,815,886,822,892,794
E,915,932,928,803,893,815,885,823,892,794
E,914,930,929,803,893,815,889,825,893,793
E,910,933,931,804,891,814,887,823,894,794
E,910,935,930,803,894,814,889,822,888,794
E,910,936,928,802,892,813,887,822,889,794
E,911,935,929,803,894,813,889,824,890,791
E,911,931,929,805,892,813,888,819,889,794
E,913,936,929,802,894,814,887,821,887,794
E,911,934,929,804,893,811,888,820,889,793
E,909,935,929,804,894,812,889,822,891,793
E,915,932,928,806,891,811,889,822,890,793
E,907,934,930,803,895,812,889,821,893,790
E,905,936,930,806,897,812,890,821,890,791
E,907,933,928,804,896,810,888,818,890,792
E,909,934,927,807,892,811,891,818,890,791
E,909,930,928,803,897,812,890,819,891,793
E,907,931,928,803,897,810,891,822,893,789
E,910,933,930,804,896,810,890,820,892,791
E,909,930,929,803,897,810,890,818,892,794
E,908,930,928,802,897,811,890,821,890,793
E,908,931,928,804,895,812,889,818,890,791
E,905,934,928,803,894,811,890,820,888,791
E,906,930,930,805,896,811,889,815,893,793
E,907,931,927,804,897,809,892,816,893,793
E,905,929,926,805,896,810,891,819,889,795
E,905,930,929,802,898,810,889,816,893,793
E,905,930,927,802,897,809,892,820,890,793
E,907,932,929,802,895,808,893,820,889,793
E,903,933,930,804,898,810,890,815,889,792
E,906,934,927,803,895,806,892,820,889,792
E,904,933,928,802,899,808,891,819,891,794
E,904,932,928,801,896,808,892,818,891,793
E,905,932,927,803,897,810,892,816,893,794
E,904,932,928,804,899,810,892,817,890,794
E,906,934,928,803,895,806,892,820,893,792
E,908,934,927,804,896,809,891,815,891,791
E,902,931,928,802,897,808,891,819,892,794
E,906,931,927,803,899,805,891,814,889,794
E,905,930,929,803,898,805,892,817,892,792
E,905,934,927,801,897,807,890,820,891,795
E,903,930,928,804,899,809,892,817,894,794
E,904,930,928,804,897,809,891,814,893,795
E,905,933,928,804,898,809,892,820,892,793
E,905,932,928,801,897,808,891,817,892,795
E,904,931,927,804,897,808,893,816,891,793
E,903,934,928,802,898,806,891,818,893,794
E,906,929,927,804,898,806,892,815,891,795
E,903,929,929,802,899,808,891,816,890,794
E,903,930,927,800,898,810,890,817,892,794
E,906,931,928,804,897,806,890,816,890,794
E,903,932,927,804,896,806,890,814,894,794
E,905,932,927,804,897,807,892,817,892,794
E,907,931,928,803,897,806,891,816,895,793
E,906,933,926,803,899,806,892,818,888,793
E,901,929,927,801,898,805,892,816,892,795
E,905,929,928,804,899,808,892,815,891,795
E,902,930,926,804,897,806,891,815,890,792
E,901,928,928,806,899,807,892,818,889,792
E,902,927,928,803,897,806,891,816,890,794
E,904,929,927,805,893,805,891,818,890,794
E,903,930,927,804,896,806,889,814,892,792
E,902,931,927,803,895,807,893,816,892,792
E,902,930,926,801,899,805,891,815,893,792
E,904,931,928,804,896,806,891,815,889,791
E,902,931,927,803,897,805,892,819,891,792
E,903,933,927,804,895,806,892,815,889,791
E,904,932,926,802,896,807,891,815,891,791
E,905,932,926,802,898,808,892,814,891,791
E,905,930,927,802,898,807,890,814,888,793
E,904,930,927,802,894,806,892,814,889,793
E,900,929,927,803,896,805,892,817,889,793
E,902,932,927,801,900,806,891,821,890,794
E,902,928,928,803,897,805,891,816,891,792
E,901,932,927,800,894,807,890,816,891,790
E,900,929,928,802,897,804,892,814,888,789
E,903,933,926,802,895,805,893,816,891,791
E,906,930,927,804,895,806,891,817,887,790
E,908,931,927,805,894,807,890,817,890,791
E,900,928,928,804,897,806,891,813,888,790
E,905,931,928,802,895,807,891,816,891,791
E,908,928,928,800,892,804,890,814,891,789
E,902,930,928,804,895,807,891,815,890,790
E,905,928,926,801,898,806,892,816,889,792
E,902,927,926,802,895,806,892,815,892,791
E,902,926,925,802,895,806,891,814,890,792
E,903,926,926,803,897,806,891,814,888,791
E,903,929,927,802,896,807,891,816,888,791
E,901,928,927,804,897,805,891,813,888,795
E,902,930,925,803,896,806,891,817,888,791
E,905,928,926,803,898,806,891,815,889,792
E,904,929,927,801,895,806,890,817,891,793
E,901,926,928,804,897,806,888,815,886,791
E,903,927,925,801,898,805,891,818,890,791
E,905,928,926,802,895,805,889,815,887,791
E,902,929,926,804,896,808,891,813,889,791
E,905,927,927,803,897,806,890,814,890,793
E,903,929,926,803,897,807,891,817,892,793
E,900,926,928,800,896,806,890,815,889,792
E,904,926,925,803,898,808,891,818,885,789
E,904,929,927,803,896,805,890,815,891,792
E,902,927,930,800,898,807,890,814,888,790
E,899,925,924,802,896,805,888,813,888,792
E,903,927,926,803,897,804,891,813,887,790
E,901,930,925,800,897,805,890,816,889,791
E,904,930,926,802,894,806,891,813,888,792
E,903,928,926,801,898,808,890,818,890,790
E,902,927,926,803,895,806,890,814,889,790
E,903,928,926,803,896,805,891,815,892,792
E,902,928,925,799,894,805,889,818,891,788
E,902,930,927,802,895,806,890,815,888,790
E,906,927,927,801,897,805,891,816,889,790
E,903,928,927,802,898,805,889,813,889,790
E,900,930,924,802,897,804,890,814,888,791
E,904,929,926,802,894,806,889,815,888,791
E,905,928,926,800,898,807,890,815,888,792
E,903,930,927,802,894,807,891,814,886,792
E,903,928,927,802,898,805,889,815,888,792
E,904,928,926,803,898,805,891,815,886,791
E,904,927,926,804,894,806,888,815,886,794
E,901,929,927,803,895,804,889,814,887,792
E,904,926,926,802,896,806,890,815,887,793
E,903,926,926,803,897,807,890,814,889,793
E,906,928,925,801,897,805,889,815,890,792
E,901,926,925,804,898,807,888,814,886,790
E,902,928,926,803,896,805,889,816,887,793
E,901,926,925,805,896,807,888,815,887,794
E,905,928,926,801,897,806,889,815,890,791
E,905,928,928,801,898,805,890,817,887,792
E,902,929,926,800,896,805,889,816,888,790
E,902,926,925,804,899,807,888,816,887,792
E,905,928,926,803,896,806,889,814,889,792
E,900,926,924,803,896,806,888,814,889,793
E,904,928,924,803,897,807,889,817,887,792
E,901,926,925,802,897,804,890,812,884,793
E,900,928,926,803,897,804,890,814,888,791
E,902,927,926,803,895,807,887,815,888,794
E,897,925,927,803,895,806,889,812,886,793
E,903,927,925,801,896,805,888,812,887,793
E,901,927,925,804,898,807,889,814,886,793
E,901,928,926,802,895,805,889,814,886,793
E,904,927,926,804,894,805,890,814,890,791
E,903,927,925,803,895,806,890,814,886,790
E,902,928,927,803,898,807,890,815,891,793
E,904,933,924,802,895,806,889,814,887,794
E,901,929,924,803,896,806,889,815,888,793
E,905,929,925,802,896,807,889,813,886,791
E,901,925,924,802,894,805,889,816,885,794
E,901,926,922,799,894,806,890,814,885,793
E,901,927,927,802,895,806,891,814,887,793
E,902,928,926,800,897,804,889,815,888,791
E,904,927,926,802,894,805,890,813,888,791
E,902,927,926,803,896,805,890,815,887,794
E,903,924,925,799,894,803,891,815,888,792
E,901,929,926,802,896,806,890,814,886,793
E,904,929,927,803,895,806,888,816,885,792
E,903,930,924,804,895,804,888,815,887,793
E,901,926,926,800,897,804,890,812,887,791
E,902,928,926,803,896,805,890,814,883,792
E,904,926,926,803,896,804,889,815,886,792
E,903,929,924,802,896,806,889,817,887,793
E,900,929,924,802,896,807,888,814,888,793
E,900,926,925,802,897,805,888,816,885,792
E,903,925,926,802,897,805,889,812,886,790
E,901,930,925,803,894,806,890,815,887,793
E,905,927,925,802,897,806,888,812,889,793
E,902,931,924,800,893,806,886,814,884,793
E,904,928,925,802,894,806,887,812,887,794
E,902,930,925,804,894,805,888,814,886,792
E,903,929,925,801,895,805,888,813,888,792
E,903,927,925,802,894,805,890,817,891,790
E,902,931,926,803,896,804,889,816,886,793
E,904,926,925,801,895,806,890,815,886,791
E,904,925,926,802,896,806,888,813,887,793
E,903,924,926,805,897,806,888,814,887,793
E,904,928,926,803,897,806,889,816,885,793
E,904,928,924,804,895,805,889,812,887,792
E,897,926,925,802,896,806,888,814,885,791
E,897,926,923,798,896,805,890,812,887,792
E,903,926,925,803,896,806,889,815,888,793
E,903,930,926,802,894,806,889,813,884,792
E,901,924,924,801,895,806,888,812,888,793
E,901,928,925,802,897,805,888,814,884,793
E,901,929,926,802,893,805,890,812,887,792
E,901,929,926,802,895,806,889,814,886,793
E,902,928,924,802,897,807,890,814,888,792
E,899,927,924,801,895,805,888,814,885,793
E,901,927,926,802,892,806,887,813,888,794
E,899,928,924,802,895,805,890,816,889,794
E,903,930,926,803,894,803,888,811,887,794
E,905,927,924,801,895,804,890,815,886,793
E,901,928,924,801,896,806,889,815,887,794
E,899,929,924,800,895,806,888,814,884,794
E,904,928,924,801,897,805,887,812,886,793
E,905,926,926,803,897,804,888,812,889,793
E,901,928,925,801,895,806,889,812,888,793
E,904,924,925,803,893,806,888,814,888,793
E,899,927,926,801,894,806,889,816,887,794
E,901,926,925,803,898,805,890,813,887,793
E,899,926,926,802,893,804,890,814,886,793
E,903,927,926,800,897,806,889,815,886,792
E,901,924,923,803,896,804,889,814,888,792
E,902,928,925,802,895,805,890,812,886,791
E,900,927,924,801,896,805,887,816,887,794
E,903,927,926,800,893,805,889,812,889,794
E,904,928,925,801,896,806,888,814,888,794
E,901,926,924,802,896,804,890,816,886,793
E,899,923,925,802,894,805,890,816,886,794
E,903,925,925,803,894,805,888,816,884,793
E,900,928,923,803,895,803,890,816,885,794
E,899,929,924,801,894,806,889,816,888,793
E,900,927,924,800,895,805,891,812,888,794
E,901,927,924,801,896,806,889,812,885,793
E,901,927,925,803,894,806,890,811,886,793
E,904,929,923,801,895,806,889,811,886,792
E,902,928,924,802,893,807,890,815,887,793
E,903,928,924,800,894,807,890,815,887,793
E,900,925,924,801,897,804,889,816,888,791
E,902,926,924,800,894,806,889,812,889,794
E,902,928,924,800,894,805,888,814,886,793
E,900,925,925,800,896,805,889,814,887,792
E,902,926,923,801,896,805,890,816,888,794
E,899,926,926,802,897,805,889,816,885,794
E,900,926,925,801,894,805,890,815,889,792
E,904,927,925,802,893,807,890,811,887,791
E,902,926,924,802,895,805,888,814,889,794
E,901,927,924,801,897,805,889,817,885,795
E,899,923,923,799,896,805,889,813,887,791
E,902,929,926,801,895,804,890,814,887,793
E,901,928,925,803,895,805,889,814,884,793
E,897,927,925,800,898,807,889,814,889,793
E,900,928,924,801,895,805,888,813,887,794
E,903,925,924,800,895,805,890,815,885,792
E,899,928,926,803,897,806,890,813,888,791
E,904,928,926,803,898,804,888,814,886,794
E,900,925,925,800,897,804,890,813,883,792
E,904,930,924,802,896,804,890,815,887,796
E,899,926,926,799,895,804,888,813,888,793
E,901,927,923,802,894,804,889,814,886,794
E,901,926,924,801,896,807,889,817,884,793
E,896,924,926,803,897,806,890,816,889,793
E,902,927,925,801,895,804,889,812,885,795
E,899,926,925,801,893,805,890,814,889,791
E,899,926,927,803,892,806,890,812,886,791
E,903,927,925,801,895,805,890,812,887,792
E,900,928,925,801,896,804,890,816,889,792
E,900,925,924,802,897,806,889,815,885,792
E,900,927,925,798,896,804,890,815,886,792
E,897,929,925,803,894,806,890,814,890,795
E,900,926,924,803,895,806,890,816,886,794
E,903,926,926,799,894,806,890,812,885,793
E,904,927,923,803,895,804,889,815,888,792
E,902,927,924,802,897,803,889,814,887,793
E,901,926,927,801,895,805,889,815,889,794
E,903,927,925,803,895,806,889,814,888,792
E,903,926,927,800,896,806,889,816,888,794
E,899,928,925,800,892,807,887,815,889,792
E,900,926,924,802,895,805,891,812,886,792
E,898,927,924,800,896,803,890,812,888,794
E,901,927,925,803,895,804,889,813,888,792
E,899,929,925,800,896,805,889,815,885,793
E,900,926,925,802,896,805,889,816,888,794
E,899,926,926,800,895,803,890,816,885,793
E,900,926,925,800,896,806,890,814,885,791
E,904,925,925,802,898,806,888,815,888,791
E,900,926,925,802,895,806,889,812,885,792
E,903,928,926,802,894,803,890,814,889,794
E,898,925,924,801,894,805,888,816,886,792
E,904,927,926,800,896,805,889,815,885,792
E,899,928,924,802,896,803,890,810,888,792
E,903,924,925,801,896,805,889,811,885,791
E,904,931,924,802,895,805,890,816,887,791
E,900,926,925,801,896,804,890,814,886,792
E,899,926,925,801,894,804,889,815,884,792
E,899,925,925,799,895,804,890,812,885,793
E,900,926,926,800,895,804,889,812,887,791
E,904,927,925,803,897,807,891,812,887,792
E,900,925,926,802,893,805,888,812,887,792
E,900,928,925,800,896,805,892,814,889,793
E,899,927,924,800,895,805,888,814,885,794
E,900,928,923,799,895,804,890,816,888,792
E,899,929,924,801,895,805,888,813,888,791
E,903,929,924,799,894,805,891,813,889,790
E,901,929,926,800,897,805,889,814,886,792
E,898,926,926,802,896,805,888,814,886,793
E,901,928,926,800,894,806,890,813,885,794
E,902,927,923,799,892,805,889,813,887,794
E,903,929,924,803,895,804,889,814,886,791
E,902,925,925,799,895,804,888,814,887,793
E,903,927,925,803,897,804,888,816,884,792
E,898,925,924,799,895,805,890,812,889,792
E,899,926,924,801,894,805,889,815,888,793
E,902,925,924,802,897,804,890,810,889,792
E,899,928,924,800,895,803,890,813,888,794
E,899,925,925,801,894,805,889,813,888,794
E,901,925,924,800,894,805,888,813,883,791
E,901,928,925,800,896,804,889,813,888,792
E,902,926,923,802,895,805,889,813,887,792
E,900,924,923,802,894,803,889,813,886,794
E,899,925,927,802,895,805,890,812,889,794
E,902,928,925,801,894,806,890,815,886,793
E,897,925,924,801,892,804,888,815,885,792
E,899,926,924,800,896,805,889,811,885,791
E,902,926,925,802,896,805,889,815,883,792
E,903,927,925,802,898,806,892,816,885,793
E,901,927,925,802,894,804,890,811,892,795
E,901,925,922,801,896,805,889,812,888,792
E,899,927,926,800,893,806,888,815,887,793
E,902,926,925,801,893,804,888,816,887,796
E,904,929,923,801,895,806,890,813,885,793
E,899,926,924,800,894,804,889,815,886,792
E,900,926,922,799,897,805,888,812,886,793
E,901,928,923,801,896,805,888,815,886,794
E,902,928,924,799,897,807,890,818,884,793
E,900,924,924,799,895,803,890,816,888,795
E,900,929,924,802,894,805,889,816,891,794
E,898,927,923,799,894,805,889,812,885,793
E,902,927,923,803,894,804,890,812,884,793
E,901,928,924,800,895,804,888,812,887,793
E,901,928,923,800,893,806,889,814,886,793
E,901,928,923,800,892,805,889,815,885,792
E,901,926,923,800,894,802,888,815,886,793
E,902,927,923,800,895,805,889,814,886,794
E,900,926,923,799,895,803,887,816,889,793
E,901,929,925,800,892,806,890,814,885,792
E,903,925,925,801,893,804,889,812,886,792
E,901,924,925,803,892,803,891,814,887,793
E,900,925,924,802,894,805,889,812,886,793
E,902,926,924,802,893,805,890,813,887,792
E,899,923,925,800,895,804,888,813,888,794
E,902,925,923,800,895,805,890,814,885,792
E,902,925,925,800,893,804,889,815,885,794
E,901,926,922,801,896,805,889,813,886,793
E,898,924,924,800,893,806,890,813,887,792
E,901,925,923,800,894,804,889,812,886,793
E,898,927,923,799,892,805,888,811,885,792
E,901,924,923,801,895,804,889,814,886,792
E,900,925,925,801,896,803,888,813,888,792
E,899,926,924,801,893,803,888,812,884,794
E,901,928,923,800,895,805,890,811,888,791
E,903,927,924,800,895,804,888,815,887,793
E,899,927,923,801,896,805,888,812,885,793
E,899,927,924,801,893,805,889,810,889,791
E,903,927,925,801,896,804,889,813,886,793
E,900,927,924,798,896,805,888,810,888,791
E,905,924,925,801,893,805,889,812,886,792
E,902,928,924,801,894,805,889,814,885,791
E,901,925,925,801,893,803,889,811,884,793
E,899,927,924,799,895,804,888,811,884,793
E,902,926,924,800,895,806,889,814,885,792
E,901,928,925,801,895,803,890,813,885,792
E,902,927,923,799,894,804,890,812,885,793
E,900,925,924,801,893,803,890,813,884,793
E,901,927,924,801,895,804,890,815,885,792
E,901,925,924,800,893,805,889,812,888,794
E,901,924,924,801,893,804,890,812,886,792
E,900,929,925,801,893,806,889,814,886,792
E,901,928,925,800,892,803,890,814,888,792
E,898,925,924,797,898,804,888,815,884,793
E,902,925,924,801,895,804,890,811,887,794
E,904,923,923,798,894,806,889,813,884,791
E,897,927,924,800,893,803,889,811,884,791
E,896,926,924,800,895,805,888,811,883,794
E,904,929,923,801,895,804,889,815,888,793
E,899,927,924,801,892,804,887,815,886,793
E,898,923,926,798,894,803,889,814,885,794
E,900,927,924,801,892,804,889,815,885,791
E,896,923,927,799,896,803,889,811,886,792
E,902,925,924,797,895,805,888,813,887,794
E,903,928,923,799,894,804,890,814,887,794
E,903,928,925,800,895,804,887,816,888,793
E,901,928,925,799,893,806,887,812,885,792
E,902,928,924,799,893,804,889,813,884,793
E,902,925,925,798,896,802,890,810,888,794
E,904,924,923,799,893,803,888,810,886,792
E,902,925,925,801,895,804,888,815,887,793
E,900,926,924,798,893,804,888,813,885,791
E,905,924,923,800,895,804,890,813,887,794
E,900,924,925,799,895,805,889,814,886,793
E,904,924,923,799,895,804,888,812,888,791
E,899,925,924,801,896,804,888,814,885,794
E,898,927,924,800,894,805,890,812,885,792
E,899,925,926,800,894,804,887,813,883,794
E,900,924,922,801,896,804,890,812,883,793
E,900,924,923,800,895,804,887,815,885,793
E,901,928,923,799,895,804,889,810,887,794
E,902,925,923,799,894,804,890,814,885,791
E,899,926,923,802,893,805,888,813,883,793
E,904,926,925,798,895,805,888,813,886,792
E,901,927,921,800,894,804,889,814,886,792
E,900,923,922,799,892,802,889,811,885,793
E,901,926,922,799,892,805,888,813,885,791
E,900,923,924,799,893,804,889,815,887,791
E,902,927,922,800,895,805,889,811,886,793
E,901,927,922,801,894,805,889,814,886,794
E,900,926,923,801,892,804,889,815,884,794
E,899,925,924,799,895,804,890,812,883,793
E,901,926,924,799,892,804,887,812,884,793
E,899,925,923,801,894,804,889,813,884,794
E,902,924,924,800,893,803,888,812,886,793
E,899,927,924,800,895,805,889,812,885,793
E,899,927,922,799,896,805,889,813,887,792
E,901,926,923,800,893,803,890,814,885,794
E,902,924,923,798,896,804,888,813,883,793
E,901,927,924,799,893,805,886,817,889,792
E,899,923,925,800,892,803,889,815,886,794
E,902,925,923,800,893,804,889,813,884,793
E,903,927,923,799,895,804,889,812,884,793
E,901,928,923,798,895,803,889,813,886,792
E,898,924,923,799,894,805,888,811,885,791
E,902,926,923,801,893,804,888,812,886,794
E,899,925,923,800,895,803,890,810,886,792
E,900,928,925,798,895,806,890,816,887,794
E,899,926,924,799,894,804,887,814,887,791
E,897,926,924,801,894,803,889,816,887,792
E,899,926,923,797,895,804,889,812,884,793
E,899,923,925,800,894,804,889,814,886,794
E,898,925,925,801,894,804,890,812,887,794
E,898,926,924,797,894,806,890,810,883,794
E,903,924,923,800,896,805,890,812,886,792
E,899,924,925,800,895,805,889,814,886,791
E,900,926,924,801,892,804,888,811,882,790
E,901,923,923,800,893,805,889,815,885,794
E,899,924,924,800,894,804,890,814,884,792
E,903,927,923,798,895,804,888,810,887,794
E,898,927,922,801,894,803,887,813,885,792
E,901,928,924,798,895,805,889,813,886,793
E,899,926,923,800,893,806,890,810,887,793
E,900,924,924,802,893,806,888,814,886,794
E,900,926,922,801,896,803,889,813,886,793
E,902,926,922,800,894,805,887,816,889,793
E,903,923,922,800,893,804,888,813,887,793
E,903,925,924,799,893,804,887,813,885,793
E,902,927,923,799,894,805,889,813,884,792
E,902,923,923,800,895,806,889,811,884,793
E,901,926,923,800,893,803,888,812,886,792
E,897,925,925,801,894,806,889,810,883,793
E,898,926,924,799,892,803,889,813,885,793
E,898,925,924,797,895,805,890,812,885,792
E,903,926,922,798,893,803,888,812,884,793
E,899,925,924,800,896,803,891,810,884,792
E,900,926,922,801,893,805,889,813,887,792
E,903,924,923,799,894,804,890,814,885,794
E,897,924,924,800,893,802,888,811,888,792
E,901,925,924,801,893,802,888,812,887,791
E,901,927,923,799,892,803,887,809,884,790
E,902,922,924,800,892,804,889,813,886,791
E,899,926,924,799,892,803,888,815,884,792
E,900,926,923,801,892,806,887,812,886,791
E,903,925,924,798,892,805,889,812,888,792
E,904,925,923,798,894,803,890,812,886,793
E,901,926,924,800,895,805,888,812,884,790
E,901,926,923,802,895,805,888,811,883,791
E,896,927,924,799,893,803,887,816,891,794
E,900,924,923,799,893,806,887,810,885,793
E,901,926,923,800,894,804,888,810,886,791
E,899,925,923,801,895,804,887,814,884,789
E,901,924,922,798,895,803,887,811,885,793
E,898,924,923,799,894,803,888,814,884,792
E,902,927,924,799,892,805,890,812,884,793
E,900,925,923,799,891,804,888,813,883,793
E,897,925,924,798,895,802,888,811,887,792
E,897,924,922,799,894,804,888,813,885,792
E,902,923,923,800,892,803,889,812,885,790
E,902,925,923,798,894,806,888,811,887,793
E,901,926,924,798,893,803,888,811,886,793
E,901,925,924,799,893,804,890,814,884,794
E,898,928,922,800,893,804,888,812,885,793
E,900,926,923,800,895,803,887,812,884,794
E,904,928,923,799,895,804,887,813,887,790
E,898,926,921,801,892,804,889,815,883,791
E,899,926,923,800,895,804,888,813,884,792
E,898,925,925,800,891,803,888,813,886,793
E,898,927,923,800,892,804,887,810,886,792
E,899,925,923,800,893,803,887,810,884,793
E,903,926,924,799,892,804,888,815,883,791
E,904,926,923,801,893,804,888,813,886,792
E,899,924,923,799,893,804,888,814,885,793
E,899,926,925,798,894,804,888,813,887,793
E,900,924,924,800,892,804,888,811,886,793
E,899,926,923,799,894,803,889,812,886,792
E,899,927,925,798,893,804,889,811,886,791
E,898,924,924,800,892,803,889,810,886,793
E,898,924,924,797,896,805,887,814,885,790
E,899,927,922,800,891,803,887,809,886,791
E,902,924,923,799,892,802,889,812,886,792
E,900,923,924,800,893,802,888,815,887,791
E,903,926,923,800,894,804,889,812,882,791
E,901,926,922,801,894,805,889,811,883,793
E,901,927,924,799,893,802,888,814,886,795
E,903,926,923,799,895,805,888,811,884,792
E,898,926,922,799,893,804,889,814,886,792
E,903,922,922,798,891,804,890,811,884,792
E,900,924,922,799,894,804,888,814,884,791
E,901,925,923,800,892,803,888,813,883,791
E,900,930,925,798,894,803,887,811,886,792
E,900,924,925,801,893,804,885,810,886,792
E,900,926,923,800,893,801,888,814,890,790
E,901,925,920,799,893,805,888,811,884,792
E,900,926,922,797,892,802,888,810,887,793
E,898,925,923,798,895,804,890,811,883,792
E,901,926,923,800,894,804,888,810,886,795
E,902,926,923,800,894,804,889,811,886,791
E,903,924,924,800,893,803,889,814,884,791
E,903,922,920,794,892,805,887,811,887,793
E,901,926,922,800,893,804,890,813,886,792
E,900,927,923,800,893,804,889,813,886,791
E,900,926,924,799,893,803,889,812,883,792
E,900,927,923,797,894,804,890,815,884,792
E,900,925,922,799,893,803,890,812,884,791
E,902,924,922,799,894,805,887,812,885,793
E,899,925,924,799,894,805,888,813,883,792
E,899,923,924,797,890,803,889,811,883,792
E,899,921,923,801,895,805,887,812,885,793
E,900,923,921,797,893,804,887,813,887,791
E,900,922,923,800,894,803,888,812,886,793
E,902,924,922,801,895,804,888,813,887,792
E,901,925,923,801,894,805,890,812,884,792
E,898,928,921,801,891,803,888,811,884,792
E,901,926,923,798,896,802,889,811,887,792
E,899,924,922,796,895,805,888,811,887,792
E,900,925,923,800,894,804,888,815,884,794
E,901,924,923,799,893,805,886,814,883,790
E,903,924,924,798,894,804,888,810,886,791
E,897,924,924,798,895,802,887,814,885,790
E,901,925,923,799,893,804,887,813,885,791
E,898,923,922,799,892,803,889,814,883,793
E,900,925,923,798,893,803,887,811,887,791
E,902,923,925,798,893,804,886,811,886,790
E,899,924,923,798,896,803,886,810,885,791
E,900,926,923,800,893,804,887,813,885,790
E,903,925,924,801,894,806,890,809,886,793
E,901,926,923,800,894,804,887,815,884,793
E,897,928,922,800,891,804,888,813,883,793
E,899,926,923,802,892,804,889,807,891,793
E,899,927,922,799,894,805,888,811,887,793
E,897,923,923,799,892,803,888,814,884,792
E,901,923,923,800,894,802,887,812,886,790
E,901,923,923,800,894,803,888,811,885,791
E,896,920,924,801,892,803,889,811,883,792
E,897,926,921,799,894,804,888,814,886,791
E,902,923,922,796,894,803,887,811,882,790
E,897,923,923,799,892,804,888,813,883,791
E,898,926,922,798,892,804,888,810,885,791
E,899,928,924,801,892,806,888,814,885,793
E,902,926,924,798,891,805,889,812,884,792
E,898,926,922,800,892,801,890,809,885,790
E,902,925,923,798,893,803,887,813,883,791
E,900,928,924,797,893,805,888,812,884,792
E,902,926,922,799,892,804,887,813,884,792
E,899,926,923,800,890,804,886,816,891,792
E,901,927,922,801,891,805,887,813,886,791
E,901,925,922,799,893,805,887,810,888,792
E,899,926,923,798,894,803,887,813,883,792
E,900,926,923,799,894,804,887,811,886,792
E,902,922,922,797,892,803,887,813,884,792
E,898,925,922,797,893,806,887,814,887,790
E,903,926,923,798,894,804,887,812,886,792
E,902,923,923,800,893,803,887,813,884,793
E,901,924,922,799,894,803,887,811,886,791
E,902,925,923,798,893,804,889,812,883,792
E,900,926,922,799,895,804,887,809,887,791
E,899,927,922,799,894,805,887,811,883,790
E,903,925,922,800,892,804,888,810,883,791
E,899,925,923,800,891,804,888,809,885,791
E,898,926,922,798,896,805,888,812,884,792
E,898,924,920,800,892,803,887,812,885,793
E,899,925,921,799,893,804,889,810,884,792
E,898,926,921,798,895,802,888,810,884,790
E,903,924,921,800,894,805,889,814,885,794
E,903,923,924,798,895,806,888,813,884,791
E,902,927,921,798,894,805,889,809,885,792
E,900,924,922,799,893,803,888,811,884,790
E,897,927,922,798,892,804,886,814,882,792
E,900,926,921,800,893,804,889,811,886,793
E,904,923,924,798,893,802,888,811,885,792
E,902,923,924,798,892,805,888,813,884,794
E,899,924,921,799,892,805,889,811,884,792
E,898,923,922,801,895,804,889,810,886,792
E,901,926,922,798,892,803,887,810,886,791
E,903,926,922,798,895,805,887,811,883,794
E,901,925,922,800,894,805,886,810,886,791
E,897,924,922,798,893,804,887,813,883,792
E,899,922,923,798,893,804,888,814,883,791
E,899,924,923,798,892,803,887,810,883,791
E,900,927,922,799,893,804,887,810,882,794
E,904,924,923,797,892,804,889,813,887,794
E,899,926,922,800,892,804,888,813,884,791
E,900,925,924,797,893,803,886,812,883,792
E,901,926,923,798,892,804,887,810,884,791
E,898,926,922,799,894,802,888,812,883,793
E,901,926,922,797,891,804,887,809,883,791
E,900,925,924,798,891,803,888,808,884,792
E,903,923,922,798,893,803,889,807,888,791
E,901,924,922,797,891,803,886,810,882,790
E,899,926,922,799,894,802,888,814,885,790
E,900,922,920,797,895,803,888,812,885,793
E,902,925,923,799,892,804,887,811,886,793
E,898,925,921,798,891,807,886,814,883,792
E,905,924,923,798,891,804,887,813,883,792
E,899,926,923,798,894,805,889,809,883,791
E,900,921,922,800,891,802,888,812,882,793
E,902,922,923,798,893,805,887,814,888,791
E,900,927,922,798,894,804,887,810,885,792
E,900,924,922,799,892,805,887,811,886,791
E,904,922,922,797,892,802,888,812,884,791
E,900,925,922,799,893,803,887,812,886,792
E,902,924,922,798,893,804,887,810,886,791
E,902,925,923,800,895,804,887,811,884,792
E,901,923,922,799,892,803,888,813,886,792
E,897,924,923,797,893,805,889,811,885,791
E,903,924,922,799,894,804,888,812,883,791
E,898,923,923,801,891,803,886,813,883,792
E,899,924,923,799,893,805,888,812,887,793
E,900,925,921,797,894,803,888,814,884,792
E,898,923,923,800,891,802,889,814,886,792
E,899,926,921,798,893,804,887,811,885,792
E,898,926,922,797,894,804,889,811,885,793
E,900,927,921,799,894,804,888,810,885,791
E,899,925,921,800,891,802,887,812,883,793
E,898,923,921,800,892,803,888,810,883,792
E,898,925,923,797,892,803,889,813,885,793
E,897,927,922,798,889,802,888,814,887,792
E,900,925,921,799,894,804,889,811,886,793
E,901,925,923,800,892,804,887,809,886,793
E,902,926,923,800,894,804,888,812,886,793
E,899,926,923,798,892,803,888,811,885,791
E,900,923,923,798,895,803,887,811,888,792
E,901,926,923,800,892,803,889,811,884,792
E,901,922,924,798,892,802,887,812,887,792
E,897,924,921,799,894,804,888,812,884,792
E,900,925,922,797,893,802,887,814,886,792
E,901,926,923,797,892,803,888,812,886,792
E,902,925,921,797,895,803,888,810,885,790
E,898,924,921,799,892,802,887,810,883,791
E,896,924,924,798,895,802,886,811,885,794
E,901,924,923,797,893,802,887,812,884,793
E,903,922,921,797,892,805,889,811,883,794
E,897,925,922,798,892,803,886,813,884,793
E,899,923,921,799,895,803,888,810,883,793
E,898,924,921,800,893,804,888,812,886,793
E,901,923,922,800,892,803,889,814,884,792
E,899,924,922,797,892,804,888,810,884,792
E,900,926,921,800,894,802,888,810,884,791
E,899,924,921,796,893,804,888,811,886,791
E,900,926,922,799,893,804,887,811,886,792
E,900,923,921,798,892,805,888,814,886,793
E,899,923,921,800,891,804,887,812,885,794
E,899,925,923,798,893,804,888,812,886,791
E,897,925,921,801,892,802,887,812,885,791
E,901,926,922,798,891,803,886,811,885,791
E,901,926,923,800,893,803,888,813,884,792
E,898,922,921,797,893,804,888,810,881,792
E,898,927,922,801,896,805,888,813,883,793
E,902,924,921,798,893,803,888,812,883,793
E,899,924,922,796,891,802,887,812,886,792
E,901,924,922,799,890,803,887,812,884,793
E,901,927,923,796,895,805,888,812,881,793
E,901,924,923,799,893,803,887,813,884,793
E,901,926,922,797,890,801,886,809,887,792
E,900,924,923,797,894,805,887,809,884,792
E,899,925,921,799,894,805,888,811,886,791
E,900,922,922,799,892,803,886,811,885,794
E,902,922,923,797,893,803,888,813,883,791
E,899,923,922,798,892,802,889,811,882,792
E,901,927,922,800,891,804,888,810,885,793
E,899,924,921,799,893,804,889,812,884,791
E,904,925,923,800,894,803,887,811,886,793
E,897,927,923,798,891,803,887,812,882,793
E,898,924,923,798,895,803,887,812,882,791
E,898,927,921,799,893,804,888,812,884,792
E,899,925,922,798,892,803,888,814,886,793
E,898,923,923,798,893,803,887,814,883,793
E,898,924,921,799,893,802,888,810,887,793
E,898,923,923,797,892,803,888,813,883,792
E,898,925,922,798,894,804,888,812,886,792
E,899,924,922,799,894,802,887,809,884,791
E,898,924,921,798,891,802,888,813,883,792
E,902,923,923,798,891,803,887,812,884,792
E,902,924,923,797,892,804,886,813,884,792
E,901,923,923,800,894,804,887,809,885,794
E,900,924,922,801,891,804,886,813,886,793
E,897,925,921,797,892,804,887,813,882,793
E,900,924,921,798,893,803,888,813,887,792
E,898,923,922,797,893,803,887,813,883,792
E,899,926,922,798,894,804,886,810,883,793
E,900,926,922,798,895,803,887,810,887,793
E,897,924,922,800,894,802,887,811,886,793
E,900,923,921,799,894,802,887,813,888,792
E,901,923,922,798,892,804,888,812,885,791
E,902,927,923,800,893,802,887,812,888,792
E,898,927,923,799,894,803,887,812,881,792
E,902,925,922,799,893,803,886,810,885,791
E,899,926,922,797,893,803,886,811,884,794
E,901,924,923,796,891,802,887,810,887,792
E,896,925,921,796,890,803,887,811,885,792
E,898,925,921,799,895,803,887,810,883,794
E,902,926,920,799,891,805,888,813,883,792
E,899,925,922,796,891,805,888,813,882,793
E,903,921,921,798,893,805,886,810,885,791
E,899,923,921,795,894,803,886,810,885,790
E,898,926,923,800,894,802,888,811,886,792
E,900,927,922,800,894,804,888,809,884,792
E,900,924,921,799,895,802,886,812,884,794
E,900,925,922,799,894,804,888,810,887,793
E,901,923,921,798,888,803,886,810,886,795
E,899,926,922,799,890,802,886,813,885,791
E,899,926,921,799,893,805,886,809,882,794
E,900,927,922,798,893,802,888,813,883,793
E,899,923,924,799,894,803,886,812,883,793
E,898,924,922,799,892,802,886,814,884,790
E,903,924,923,799,895,803,886,811,884,792
E,899,926,920,796,891,802,886,812,884,791
E,904,923,921,799,891,804,886,812,884,793
E,901,922,920,797,892,803,887,812,885,792
E,899,927,923,797,891,803,888,812,883,793
E,898,923,922,796,892,804,887,812,885,792
E,902,922,920,795,893,803,887,812,885,794
E,897,923,922,799,894,805,888,810,885,791
E,900,927,922,799,894,804,887,811,882,793
E,901,925,921,797,892,802,888,811,883,793
E,902,923,919,800,894,802,886,812,884,794
E,900,924,921,799,893,804,886,812,885,793
E,900,923,923,797,891,803,887,813,882,790
E,898,926,922,795,892,802,886,812,885,794
E,900,922,922,800,892,802,888,809,884,793
E,900,924,921,798,895,801,888,813,882,793
E,901,926,919,797,893,803,886,812,884,793
E,899,925,922,797,892,803,888,809,887,795
E,899,923,919,798,893,804,888,810,883,793
E,899,926,923,797,891,803,888,813,888,792
E,897,923,923,800,894,804,887,811,884,793
E,896,923,922,797,892,803,887,809,885,794
E,896,925,922,800,891,802,887,812,885,791
E,897,923,922,797,894,802,886,812,886,792
E,898,925,920,797,894,801,888,813,885,792
E,899,923,923,797,894,803,886,808,885,791
E,901,924,921,798,892,804,886,812,885,793
E,900,925,920,798,894,803,886,814,883,791
E,902,925,920,797,891,804,888,810,885,793
E,899,924,921,798,892,803,886,810,883,791
E,900,926,921,796,891,802,886,811,887,792
E,898,924,923,799,893,804,887,808,884,793
E,901,925,921,797,893,804,887,813,886,792
E,900,924,923,799,891,805,886,810,884,792
E,897,926,921,797,893,802,887,809,885,794
E,901,925,920,797,892,803,885,812,884,792
E,896,923,920,795,892,803,885,809,885,794
E,900,924,921,798,891,804,887,810,886,793
E,902,923,923,797,891,800,887,809,883,794
E,898,923,921,797,891,803,885,812,884,794
E,899,924,922,797,893,802,886,816,885,792
E,901,927,921,798,893,804,886,813,883,794
E,899,925,922,798,892,803,887,813,884,793
E,901,925,922,798,892,804,886,811,884,792
E,900,926,922,798,893,802,886,810,886,792
E,899,924,921,798,892,802,888,811,882,793
E,898,927,921,798,891,802,886,810,885,794
E,903,924,920,799,892,802,886,813,886,793
E,898,923,921,798,893,803,888,813,881,793
E,897,925,923,797,891,804,888,811,883,794
E,900,925,922,797,891,803,887,810,884,794
E,899,925,921,798,892,803,888,810,888,792
E,898,923,920,796,894,803,886,809,886,794
E,902,926,919,800,891,805,888,809,881,794
E,897,925,922,799,894,802,886,812,885,794
E,898,925,922,796,890,803,887,808,884,793
E,899,925,922,799,892,803,888,811,883,793
E,897,924,920,795,891,804,887,812,883,795
E,900,925,923,797,894,803,887,813,884,793
E,898,922,920,799,890,802,886,812,884,792
E,901,923,921,797,893,804,887,814,886,792
E,898,924,922,799,892,803,887,811,885,794
E,900,925,922,798,895,803,887,813,885,793
E,898,925,923,797,892,802,885,809,883,792
E,896,922,920,797,894,804,888,810,885,794
E,898,926,921,798,893,802,887,811,884,791
E,899,923,921,797,893,802,886,811,882,793
E,896,922,921,797,893,803,887,813,884,793
E,898,922,921,797,893,804,885,811,884,794
E,897,924,921,796,893,804,884,810,882,794
E,901,923,922,799,894,802,887,812,887,793
E,900,924,921,797,893,802,887,813,886,792
E,900,924,922,799,891,803,886,811,886,794
E,898,925,922,798,893,803,887,812,884,791
E,899,926,920,797,891,803,886,814,885,792
E,895,924,921,797,894,802,886,812,885,794
E,898,926,922,799,891,804,887,808,887,793
E,899,926,922,797,892,803,887,811,885,792
E,901,922,922,798,893,803,887,810,884,793
E,900,926,920,797,895,801,886,810,883,794
E,897,925,920,798,894,802,887,813,886,792
E,898,926,919,796,891,802,886,809,884,793
E,899,926,921,798,894,802,885,810,882,793
E,900,925,922,797,892,803,887,813,884,792
E,898,925,920,798,889,803,885,810,883,795
E,908,923,921,798,893,804,885,812,883,794
E,898,923,923,800,893,804,885,812,883,790
E,901,925,922,798,891,802,887,812,883,792
E,897,922,921,797,892,803,886,808,883,794
E,895,925,920,797,893,802,885,809,884,793
E,898,924,921,799,893,802,885,809,885,792
E,898,924,921,798,893,803,887,810,884,794
E,900,922,920,797,894,802,887,809,887,791
E,898,924,922,797,892,802,886,813,884,793
E,901,927,921,797,892,801,885,810,886,791
E,900,924,919,798,892,803,886,810,886,792
E,898,924,920,795,891,801,887,812,883,793
E,899,923,922,799,894,802,885,811,884,793
E,898,924,921,796,892,801,886,810,886,793
E,896,925,920,799,891,802,886,812,882,794
E,895,925,921,797,895,802,886,809,883,791
E,901,921,921,799,894,803,886,812,887,791
E,904,923,918,802,891,803,885,812,884,794
E,898,925,920,798,893,803,886,810,886,793
E,900,926,921,801,892,803,886,811,886,792
E,896,923,922,796,894,803,886,810,883,792
E,900,923,921,797,891,803,886,809,884,792
E,900,924,922,796,891,802,885,810,883,792
E,901,922,922,797,893,802,886,811,884,792
E,898,923,920,799,892,802,886,810,884,794
E,902,920,921,798,894,803,886,809,884,792
E,897,926,920,795,891,803,887,809,882,793
E,898,926,918,798,894,803,886,809,884,793
E,898,922,922,797,892,804,885,810,882,791
E,897,924,921,798,894,803,885,814,888,794
E,900,922,922,798,892,804,886,810,885,793
E,897,923,921,796,892,804,887,811,885,794
E,900,923,921,797,894,801,885,810,884,794
E,902,923,922,798,895,802,886,813,887,792
E,896,923,921,795,894,804,885,808,884,793
E,899,924,921,796,893,802,887,811,885,791
E,898,922,920,798,892,803,887,810,883,792
E,896,921,923,797,895,802,886,810,884,792
E,897,924,921,797,893,803,886,810,884,792
E,904,922,923,796,892,802,887,809,882,794
E,898,924,920,795,891,801,885,810,886,792
E,898,923,921,796,895,805,886,812,885,793
E,899,921,921,799,892,804,886,812,883,791
E,900,924,921,798,890,804,886,814,884,793
E,900,924,920,798,892,803,885,809,885,793
E,901,924,920,797,893,803,886,812,885,791
E,900,922,921,798,891,805,888,814,884,792
E,901,922,920,799,892,802,886,811,885,792
E,898,923,922,798,893,803,885,811,882,791
E,895,923,920,796,894,802,887,811,884,791
E,900,925,921,798,894,803,885,810,884,791
E,897,926,922,797,892,805,885,811,885,792
E,900,923,921,797,892,803,887,813,884,793
E,899,924,921,798,892,804,885,811,880,791
E,898,922,921,798,892,802,886,812,885,793
E,901,922,922,797,890,805,883,811,883,792
E,901,925,920,797,894,801,884,812,881,793
E,900,925,922,798,891,802,886,810,884,791
E,897,924,921,794,893,802,884,812,883,793
E,898,921,921,799,892,803,885,814,885,793
E,896,923,920,798,891,804,886,812,883,792
E,898,927,919,796,895,802,887,812,885,793
E,897,927,921,800,892,803,886,812,883,793
E,898,926,919,795,896,803,885,807,883,791
E,899,924,921,799,892,801,885,811,881,793
E,898,925,920,798,891,804,887,811,886,793
E,898,924,921,798,893,802,885,809,881,792
E,900,921,919,798,892,804,886,808,883,793
E,897,923,920,797,891,802,886,811,885,791
E,899,926,922,798,892,802,888,809,883,791
E,899,927,921,799,892,802,885,811,883,792
E,899,925,920,796,895,803,885,811,885,791
E,897,921,923,796,895,803,886,812,885,790
E,898,926,921,798,895,804,887,809,885,791
E,898,922,922,799,894,802,885,811,881,792
E,899,922,922,796,892,802,888,811,884,792
E,900,923,920,797,892,803,885,808,882,791
E,896,924,920,798,892,802,886,813,885,793
E,898,921,922,798,893,805,886,809,886,794
E,899,922,921,797,893,802,886,808,886,794
E,902,924,919,798,890,802,885,814,887,792
E,897,924,922,798,892,804,886,809,882,792
E,902,921,922,796,893,804,887,810,884,791
E,900,923,920,798,893,801,886,812,886,793
E,900,924,922,797,892,802,885,810,885,793
E,898,924,922,796,894,804,887,812,885,792
E,898,922,921,798,892,803,885,811,882,793
E,898,922,920,795,889,802,886,810,883,792
E,898,924,919,799,890,804,886,811,882,793
E,900,923,920,798,895,803,887,808,885,794
E,898,923,921,799,893,803,885,812,882,792
E,899,925,920,798,893,802,887,813,884,793
E,899,923,921,798,891,802,886,813,882,792
E,900,922,920,797,894,802,885,813,884,794
E,896,923,920,797,893,803,886,811,882,791
E,901,923,922,797,893,803,885,813,883,792
E,899,923,921,798,891,804,886,811,883,792
E,900,922,920,797,893,803,886,812,884,792
E,900,923,921,798,892,802,884,811,884,791
E,898,924,919,799,893,801,886,809,881,792
E,898,926,921,798,893,803,886,812,885,792
E,899,926,920,796,892,803,886,811,886,791
E,898,924,922,798,892,805,888,814,881,791
E,897,922,920,797,892,803,886,812,884,792
E,897,923,920,798,894,801,886,813,882,792
E,899,926,920,798,893,803,884,811,884,791
E,900,924,920,798,894,802,885,812,883,792
E,901,926,920,797,893,802,886,810,884,792
E,899,924,920,799,894,803,885,811,883,791
E,902,924,919,798,893,800,887,810,885,794
E,896,924,920,797,891,803,886,810,883,793
E,897,923,922,796,891,804,886,809,884,789
E,898,924,920,799,892,802,886,811,885,793
E,901,922,921,797,891,804,886,811,883,792
E,896,924,922,796,893,801,886,808,883,793
E,898,923,922,798,890,801,886,812,883,793
E,901,923,919,798,892,804,885,811,882,793
E,901,926,920,798,895,803,886,812,884,792
E,900,924,920,798,890,803,885,809,886,792
E,898,923,922,796,893,802,886,811,885,793
E,899,923,919,798,892,803,885,810,885,791
E,899,926,921,797,892,804,885,810,882,791
E,897,922,921,799,893,802,885,811,882,790
E,900,925,921,797,893,802,887,809,882,793
E,898,923,920,798,894,803,885,808,885,791
E,898,924,922,796,891,803,884,812,884,791
E,898,923,920,795,892,801,887,809,886,792
E,897,923,921,796,894,803,885,809,882,789
E,899,923,920,795,892,802,884,813,884,792
E,901,922,921,796,894,803,886,812,884,794
E,899,922,921,797,894,801,887,811,885,791
E,898,925,922,798,891,803,886,812,884,792
E,901,923,922,798,891,803,885,810,883,792
E,901,924,921,796,891,804,886,809,885,793
E,899,924,921,797,892,801,886,811,885,791
E,900,923,920,799,893,802,885,810,883,793
E,900,922,922,798,893,801,885,808,885,793
E,899,922,921,798,892,803,885,809,882,793
E,898,925,921,799,891,803,886,812,883,792
E,897,925,920,798,893,802,885,812,882,793
E,899,922,921,797,894,803,887,808,884,792
E,902,920,921,798,893,802,884,810,884,792
E,899,923,923,802,894,803,885,809,886,794
E,898,923,918,796,893,802,884,809,882,790
E,898,922,919,797,892,803,886,810,882,792
E,900,921,921,799,894,802,886,812,881,791
E,899,924,919,799,892,802,886,812,884,789
E,899,924,921,797,893,802,886,812,883,793
E,898,921,918,795,891,803,887,810,884,794
E,896,923,921,799,892,802,885,810,884,792
E,898,924,920,797,893,803,885,812,883,793
E,899,926,919,798,892,801,885,809,884,791
E,899,924,920,796,892,802,885,810,883,792
E,898,927,920,796,894,802,885,812,886,790
E,899,924,920,799,893,803,885,810,883,793
E,896,926,919,796,891,801,884,811,884,791
E,901,925,921,796,893,803,886,811,882,791
E,901,923,919,797,893,803,885,810,884,793
E,896,924,920,797,892,804,885,810,884,791
E,897,924,919,799,894,803,886,812,885,791
E,901,926,920,796,890,803,886,809,885,792
E,899,925,920,796,893,804,885,812,882,791
