F,880,921,918,782,826,789,779,790,765,744
F,881,921,919,786,822,788,776,791,763,748
F,884,920,918,785,827,787,775,790,763,749
F,886,918,918,786,825,788,773,792,762,747
F,885,921,919,785,832,786,774,792,763,746
F,885,921,918,786,831,788,773,792,762,748
F,882,921,918,786,846,788,773,792,760,746
F,887,926,917,787,845,788,773,791,760,750
F,885,919,914,788,836,788,772,790,762,750
F,886,921,915,787,842,789,771,791,762,751
F,886,918,914,786,832,789,771,791,759,745
F,886,916,913,783,836,788,771,790,761,746
F,885,917,913,785,838,788,771,791,759,751
F,887,921,914,785,830,788,771,791,759,755
F,882,920,915,788,832,789,770,792,758,752
F,882,921,913,787,832,788,770,792,757,748
F,881,923,911,785,828,788,769,793,756,750
F,884,921,912,788,828,789,771,791,757,753
F,883,923,913,787,830,789,769,793,756,751
F,883,921,911,786,832,789,769,794,758,752
F,886,923,908,787,837,790,768,793,757,751
F,885,925,906,787,831,789,768,793,757,762
F,884,925,902,787,831,788,769,793,759,750
F,883,923,901,789,836,790,767,792,756,750
F,883,923,901,792,836,788,768,795,756,753
F,883,923,901,798,845,789,767,793,756,752
F,887,924,903,800,845,788,767,795,755,757
F,885,927,902,799,852,790,766,795,756,761
F,884,924,899,801,861,789,764,796,755,750
F,885,925,901,802,860,791,765,796,756,751
F,883,927,900,803,842,791,764,795,754,757
F,886,922,901,803,842,789,765,796,754,756
F,888,925,899,801,844,790,763,795,754,744
F,888,924,900,801,844,790,764,796,754,744
F,890,921,900,801,847,791,763,793,754,743
F,888,925,899,800,837,790,764,795,754,746
F,885,928,898,803,841,790,764,794,755,745
F,885,924,899,802,839,791,764,795,754,743
F,889,926,900,802,837,791,765,793,754,746
F,887,925,900,803,840,790,763,794,755,746
F,885,928,898,801,838,790,763,794,753,744
F,891,925,901,801,839,792,763,793,753,742
F,888,925,898,802,840,790,763,794,756,745
F,882,919,900,801,842,790,762,794,754,744
F,890,925,899,803,840,791,763,793,753,745
F,887,924,899,800,842,790,762,795,755,747
F,884,924,899,802,841,789,763,794,756,747
F,885,924,898,804,830,790,762,795,754,744
F,887,922,899,806,826,791,762,795,754,743
F,886,923,896,807,825,790,765,794,754,743
F,886,923,898,805,827,791,762,794,754,745
F,889,923,898,805,830,792,763,794,755,744
F,889,919,898,802,829,790,762,794,756,745
F,888,922,898,803,828,791,762,794,755,741
F,886,923,897,804,827,792,761,794,755,743
F,887,925,896,804,827,792,763,791,753,743
F,885,922,898,805,828,791,762,795,754,740
F,884,921,898,802,827,789,762,793,755,740
F,885,922,898,805,827,791,762,795,756,739
F,888,926,896,801,824,793,763,793,754,738
F,886,922,897,803,827,792,762,792,755,739
F,887,924,897,804,833,793,762,792,755,739
F,888,926,896,804,846,793,762,793,758,741
F,884,925,897,804,838,793,762,792,757,741
F,884,928,898,803,833,792,762,794,757,741
F,887,929,896,802,830,793,762,793,757,742
F,884,926,896,804,829,792,762,794,756,742
F,884,924,898,802,830,793,763,794,757,740
F,883,925,898,801,825,794,762,793,759,741
F,887,925,898,804,825,792,763,793,758,742
F,883,924,896,803,823,791,763,795,756,742
F,884,922,896,805,821,793,763,794,756,741
F,883,926,895,802,816,793,763,794,758,739
F,886,925,896,801,821,793,764,792,757,740
F,882,922,899,801,820,793,762,795,757,740
F,882,924,897,802,821,793,764,792,757,739
F,883,923,898,800,823,792,762,793,757,739
F,884,924,897,802,825,792,763,792,755,739
F,883,924,898,803,828,791,762,793,757,739
F,885,924,896,800,825,794,763,793,757,738
F,886,922,898,802,832,792,761,792,755,740
F,881,920,898,800,826,792,763,792,755,742
F,884,921,899,802,826,794,764,793,755,741
F,885,921,898,801,827,793,763,794,756,740
F,883,922,900,799,828,795,761,792,757,741
F,884,921,899,800,825,793,763,791,756,742
F,886,923,897,800,823,794,764,792,757,742
F,882,925,899,799,825,794,764,794,754,742
F,883,921,900,797,827,792,764,792,755,744
F,882,922,898,798,825,792,764,792,757,743
F,883,923,898,800,826,794,764,792,757,741
F,884,923,900,801,823,794,764,791,756,743
F,885,922,898,801,824,791,764,792,755,735
F,886,923,898,799,829,792,763,791,756,733
F,885,922,899,800,828,791,764,791,754,733
F,886,926,898,801,825,792,763,791,755,733
F,883,925,898,800,826,791,763,791,755,735
F,886,921,899,798,825,792,762,794,754,735
F,886,923,900,799,826,790,764,792,757,733
F,881,920,898,799,826,793,764,790,754,734
F,885,921,899,798,823,792,764,793,756,735
F,886,921,898,798,823,793,764,791,755,732
F,884,919,897,793,827,792,762,792,756,733
F,886,921,898,800,821,792,764,791,755,733
F,885,921,898,799,824,792,763,792,754,735
F,885,922,900,799,821,792,765,792,754,733
F,886,920,899,798,824,793,763,790,756,733
F,882,920,897,798,825,793,764,791,755,732
F,881,922,897,799,827,789,764,791,754,732
F,887,921,898,799,826,791,763,792,756,732
F,885,920,899,798,828,793,762,793,757,732
F,883,918,898,797,825,791,764,793,754,732
F,889,920,899,797,826,792,764,792,754,734
F,885,916,896,799,824,791,764,792,755,733
F,884,920,898,797,825,793,764,793,754,731
F,886,919,899,798,824,790,764,791,754,731
F,879,922,900,798,822,792,763,793,754,734
F,885,922,899,795,824,788,764,793,756,733
F,887,920,900,797,820,792,764,791,756,733
F,886,920,899,798,830,792,764,791,756,734
F,884,921,900,799,825,792,763,792,754,733
F,884,920,898,798,823,792,763,792,756,733
F,882,921,899,796,825,790,764,791,757,732
F,886,918,899,797,823,790,763,791,754,735
F,883,919,898,798,824,791,763,791,754,735
F,886,922,900,795,827,791,763,790,755,734
F,883,921,899,796,825,789,763,793,753,733
F,886,919,901,799,824,792,764,792,755,734
F,884,919,899,798,823,792,763,792,755,733
F,885,921,901,798,823,791,764,792,755,733
F,884,918,899,799,823,792,762,789,753,736
F,884,918,900,796,823,791,763,792,754,734
F,887,918,899,796,825,790,763,791,756,734
F,883,920,899,797,822,791,764,792,756,734
F,885,922,898,796,823,790,764,790,753,734
F,886,920,899,799,822,791,763,791,754,736
F,884,920,898,797,823,791,762,794,755,731
F,884,923,898,797,827,792,764,791,755,736
F,881,919,901,799,828,792,762,789,753,734
F,885,923,900,798,828,791,764,791,755,736
F,886,921,899,797,823,791,764,790,755,736
F,883,920,899,797,822,792,765,792,755,736
F,885,920,901,797,826,790,764,790,756,736
F,881,918,899,798,831,792,764,791,754,736
F,882,920,902,798,832,792,764,791,755,735
F,881,920,900,798,830,791,763,792,755,735
F,881,920,899,796,827,791,764,791,754,736
F,884,918,899,798,830,792,764,792,756,735
F,883,922,901,796,828,791,763,790,754,734
F,884,919,898,794,830,791,763,790,753,736
F,884,923,900,799,830,790,765,792,753,737
F,884,924,899,799,832,790,765,790,755,734
F,883,923,899,796,832,790,763,790,754,733
F,883,922,901,798,834,792,764,792,756,735
F,881,920,900,797,833,792,763,792,754,733
F,883,922,902,798,832,791,763,792,755,732
F,886,921,902,800,827,792,763,790,755,733
F,883,923,900,798,822,792,764,791,755,734
F,883,922,899,797,826,791,763,790,754,735
F,880,923,902,796,827,792,763,790,754,735
F,883,924,901,797,825,791,764,791,753,733
F,881,922,900,797,828,791,764,791,754,735
F,885,921,900,796,827,793,764,793,751,733
F,883,920,901,796,838,790,764,791,754,734
F,880,922,902,795,837,791,763,791,753,733
F,884,920,902,797,830,791,764,792,754,733
F,883,917,904,795,830,792,764,791,755,734
F,883,920,902,795,833,791,764,790,753,733
F,884,922,902,797,831,791,763,792,753,734
F,883,922,902,796,829,792,764,790,755,734
F,883,919,902,794,833,790,763,791,754,733
F,885,923,902,797,833,791,764,792,754,734
F,882,919,901,797,835,790,764,791,755,733
F,882,919,902,798,835,790,763,792,755,734
F,881,921,903,797,837,791,763,789,754,736
F,884,920,904,795,834,789,763,790,755,733
F,883,920,901,796,829,790,763,791,755,733
F,886,922,901,796,828,791,763,790,756,733
F,883,920,903,795,826,790,764,792,756,733
F,883,918,901,792,823,792,763,789,754,735
F,883,922,903,794,824,791,763,790,756,733
F,886,920,902,796,825,791,763,790,755,732
F,886,920,903,795,826,791,764,789,755,732
F,883,922,902,794,827,790,765,790,755,733
F,884,918,901,795,825,791,763,791,755,733
F,885,918,903,794,826,791,764,791,754,733
F,885,919,902,795,824,790,764,792,755,734
F,885,918,903,795,825,789,765,789,754,733
F,881,919,903,794,823,789,763,791,754,731
F,886,922,903,795,824,790,764,791,756,734
F,884,920,904,794,825,790,763,791,755,733
F,882,921,900,797,825,790,764,790,753,732
F,882,921,903,795,825,790,764,791,754,734
F,880,919,900,795,826,790,764,791,755,735
F,881,922,904,796,826,791,763,790,754,735
F,886,920,903,795,826,789,765,790,752,734
F,883,919,904,795,828,789,764,789,754,735
F,883,922,903,797,827,789,764,789,754,734
F,880,920,904,794,827,790,764,789,756,733
F,883,922,903,794,826,791,765,791,756,735
F,883,919,902,794,827,790,764,791,756,735
F,885,919,903,796,827,790,762,791,754,733
F,885,918,903,794,828,790,764,791,756,735
F,882,916,901,794,826,790,764,790,755,734
F,883,917,904,791,826,790,763,791,756,733
F,883,917,902,795,825,789,765,790,756,734
F,885,919,903,794,828,788,765,790,755,734
F,880,916,902,794,827,790,765,790,754,732
F,885,919,902,795,830,791,765,791,754,734
F,884,919,901,797,833,792,761,790,755,732
F,884,917,903,796,833,789,764,789,755,733
F,880,916,901,796,834,789,763,790,757,735
F,882,916,903,794,834,789,765,790,755,735
F,881,916,903,792,831,790,764,790,755,733
F,886,916,902,796,833,790,765,789,757,733
F,888,916,902,793,830,790,764,789,756,734
F,883,917,902,796,833,789,763,791,754,733
F,883,916,903,795,831,790,764,790,756,734
F,883,918,902,792,829,790,763,790,755,733
F,886,919,902,792,831,791,764,791,754,733
F,883,916,903,793,831,790,764,790,755,733
F,884,916,902,793,836,791,764,791,755,733
F,884,918,903,795,830,790,764,792,754,735
F,884,919,902,795,828,790,764,790,753,733
F,882,917,902,799,827,790,764,789,753,731
F,886,917,903,795,828,791,765,789,757,733
F,883,916,899,794,828,791,762,791,757,732
F,882,918,903,794,829,790,762,791,756,732
F,885,916,903,796,832,789,764,791,755,733
F,882,919,903,792,834,791,765,789,757,733
F,882,917,903,795,829,790,764,791,756,734
F,882,918,903,795,830,791,765,792,754,735
F,881,919,902,794,829,791,763,790,755,734
F,884,917,902,795,825,790,764,790,756,735
F,884,918,902,793,827,791,765,788,754,734
F,883,917,902,795,826,790,765,789,754,733
F,882,919,902,796,826,790,765,788,754,731
F,886,918,900,793,826,790,764,790,755,731
F,884,919,903,796,826,790,763,791,756,735
F,885,916,901,795,828,789,764,789,754,731
F,887,921,902,790,828,790,765,789,755,734
F,885,916,901,795,823,790,764,789,755,733
F,888,915,901,794,826,790,764,789,754,734
F,883,914,901,795,827,789,764,789,755,732
F,883,919,902,792,825,791,765,790,754,732
F,883,917,902,795,827,790,764,789,756,732
F,879,917,901,795,826,789,764,791,754,733
F,884,917,900,793,826,791,764,788,755,733
F,883,918,900,795,824,791,765,790,756,734
F,881,918,903,795,823,789,764,791,756,734
F,881,919,901,794,823,790,765,791,753,732
F,882,916,902,794,824,789,765,788,756,733
F,886,916,901,793,826,789,765,789,755,733
F,882,916,900,791,823,791,765,791,756,732
F,887,916,900,794,825,791,765,788,755,733
F,885,917,902,793,827,791,765,789,755,732
F,881,918,901,793,826,789,764,788,756,734
F,883,918,902,795,824,789,765,789,756,733
F,880,916,902,795,825,789,766,788,756,731
F,885,919,899,795,826,789,764,789,755,734
F,882,916,900,794,828,791,765,790,756,733
F,885,918,902,796,825,789,765,790,754,734
F,885,918,902,794,827,790,765,789,755,732
F,883,917,901,794,824,790,764,790,755,733
F,881,916,901,795,827,791,766,789,754,733
F,884,915,902,790,827,790,765,790,756,731
F,882,919,901,794,823,789,765,791,755,734
F,884,918,900,794,824,790,765,791,758,731
F,885,918,902,793,824,791,764,789,755,732
F,884,918,902,795,825,791,766,788,756,733
F,881,915,900,793,823,790,765,789,755,734
F,883,916,901,795,824,790,765,789,754,733
F,880,918,903,791,825,790,764,789,756,734
F,884,916,902,792,823,789,765,789,755,732
F,881,919,901,793,826,790,765,789,755,734
F,885,915,899,793,823,791,764,788,756,732
F,885,917,901,795,822,791,765,790,755,731
F,886,917,902,792,824,790,765,790,756,734
F,882,915,903,794,823,790,766,790,755,733
F,886,912,902,792,824,791,764,788,757,733
F,886,918,901,792,825,789,764,789,756,734
F,881,917,901,794,821,789,764,790,755,732
F,883,918,902,796,823,791,765,789,756,733
F,885,916,901,794,821,790,764,788,756,733
F,881,918,902,792,821,789,765,790,756,733
F,882,918,901,794,823,790,765,789,757,733
F,880,917,901,794,821,790,766,788,756,736
F,883,918,901,795,823,790,764,789,756,733
F,882,919,901,792,824,790,766,790,755,733
F,884,918,901,794,821,791,765,788,756,734
F,882,917,902,794,821,790,765,789,756,734
F,884,919,903,794,821,788,764,788,755,733
F,885,916,902,792,820,789,766,788,756,735
F,885,919,901,794,822,790,766,786,760,737
F,880,916,901,794,820,789,765,790,755,733
F,883,916,901,794,821,788,765,788,756,734
F,884,916,902,793,821,789,766,790,757,735
F,886,915,901,792,822,788,765,789,755,735
F,885,918,900,795,822,789,765,789,755,734
F,885,917,900,794,823,789,765,790,754,735
F,883,913,900,794,822,789,765,788,756,735
F,884,915,901,795,822,789,765,790,754,734
F,886,916,900,792,821,789,765,790,757,734
F,884,916,901,794,823,789,766,789,755,733
F,884,915,902,796,822,790,765,790,755,735
F,884,917,901,796,824,789,765,789,756,737
F,887,914,900,795,821,791,765,789,757,735
F,880,919,901,791,821,789,766,788,757,735
F,890,917,900,794,820,788,764,789,755,735
F,882,915,901,795,823,790,765,790,755,734
F,883,915,902,793,823,789,766,790,753,736
F,880,918,900,794,824,789,765,788,755,735
F,882,917,902,796,822,789,765,790,756,734
F,885,914,902,793,822,789,765,788,757,735
F,882,915,901,794,822,790,765,789,757,734
F,885,915,901,792,825,791,765,789,755,735
F,886,918,901,794,822,789,765,789,754,736
F,886,915,901,794,822,790,765,790,756,736
F,885,918,900,794,821,790,766,788,756,737
F,886,918,902,793,825,789,765,791,755,734
F,885,915,901,794,823,790,763,788,755,736
F,883,916,903,792,825,791,766,789,755,737
F,886,913,900,793,821,790,766,790,756,735
F,883,918,901,792,821,790,765,788,756,737
F,882,917,901,792,822,790,765,789,756,735
F,884,916,902,792,822,791,764,788,755,735
F,882,918,900,794,822,788,766,789,755,736
F,883,916,900,792,819,789,765,789,755,738
F,884,914,900,794,823,788,766,789,755,739
F,883,918,901,793,820,790,764,788,756,734
F,879,916,901,793,820,790,765,790,755,734
F,886,916,901,794,820,789,765,789,751,733
F,883,919,901,794,821,790,766,789,756,735
F,884,916,902,793,820,790,765,788,755,733
F,882,918,900,792,822,790,767,790,756,732
F,885,915,902,795,821,789,765,790,755,734
F,885,917,899,793,823,788,766,789,756,733
F,882,915,901,792,821,789,766,789,756,734
F,886,918,900,798,823,791,765,791,755,733
F,882,918,899,792,822,789,766,790,756,733
F,881,918,901,793,823,788,765,790,757,734
F,879,920,900,790,825,789,765,788,755,733
F,884,919,900,794,821,788,766,789,757,734
F,885,919,902,794,822,790,766,789,756,733
F,884,915,900,794,821,790,765,789,757,734
F,885,918,902,796,824,791,765,791,755,733
F,883,917,901,793,822,790,766,790,755,734
F,883,916,901,794,822,790,765,789,756,733
F,886,917,901,793,821,790,765,788,756,732
F,882,915,901,793,820,788,767,788,754,734
F,883,918,902,792,821,788,764,788,755,733
F,883,919,902,793,822,791,765,788,758,731
F,883,916,900,793,821,788,766,789,757,732
F,883,916,902,793,822,790,766,790,754,732
F,884,917,901,794,821,791,765,788,756,733
F,885,919,900,795,822,789,766,790,755,732
F,885,915,899,794,821,789,766,789,755,733
F,884,914,902,793,824,790,766,789,756,732
F,882,918,900,795,821,788,764,788,756,733
F,886,911,903,792,824,790,766,790,756,733
F,884,915,901,793,824,788,766,790,757,731
F,887,916,902,794,821,790,764,788,756,732
F,881,915,902,792,823,789,765,790,755,732
F,885,917,901,793,824,791,767,790,755,732
F,883,914,901,794,825,788,767,789,755,733
F,885,914,901,792,823,790,765,790,757,732
F,891,913,901,792,824,790,764,788,754,734
F,883,916,901,794,822,791,765,789,754,732
F,886,915,903,794,821,790,766,789,757,733
F,886,917,902,794,824,790,766,789,756,731
F,881,915,901,793,822,789,764,788,754,733
F,882,916,901,793,824,789,766,790,757,731
F,882,914,902,793,824,790,765,790,756,734
F,880,918,901,791,822,788,763,792,756,732
F,882,915,901,792,824,790,766,790,756,731
F,882,919,902,796,824,790,766,791,755,733
F,881,915,900,795,823,789,766,788,756,733
F,884,913,900,794,823,789,765,788,757,732
F,884,918,900,790,824,789,766,789,756,732
F,884,916,899,792,823,790,766,789,756,733
F,880,922,898,794,824,790,765,789,756,733
F,881,915,900,792,823,789,767,789,756,732
F,886,917,901,796,823,790,766,789,757,732
F,885,918,899,794,821,787,765,789,756,732
F,883,918,902,791,821,789,765,788,756,732
F,886,915,900,794,822,791,766,790,756,731
F,884,915,902,793,823,790,765,790,757,732
F,885,918,901,792,821,788,764,789,755,731
F,882,914,900,795,822,790,765,788,757,733
F,885,915,901,791,820,790,767,790,755,733
F,885,918,902,792,823,791,766,790,755,731
F,886,918,902,793,822,789,766,789,756,733
F,886,915,904,792,824,790,766,789,757,733
F,885,915,899,795,822,789,765,789,756,733
F,884,918,900,793,820,791,767,790,756,731
F,883,918,901,794,822,789,764,790,755,733
F,885,917,901,792,822,790,766,789,759,731
F,887,915,902,794,823,791,765,789,755,732
F,883,918,900,792,821,789,766,790,757,732
F,885,917,902,795,821,790,765,790,755,730
F,886,918,900,792,823,789,766,790,756,733
F,884,918,902,795,822,790,766,789,757,731
F,883,918,901,794,823,791,766,790,757,733
F,886,917,902,795,824,788,766,788,755,731
F,885,916,900,795,824,789,766,788,755,731
F,884,916,901,795,824,789,766,788,756,733
F,885,914,901,792,823,789,765,790,757,731
F,880,919,902,792,824,788,766,790,756,730
F,886,913,903,792,825,789,766,789,757,733
F,884,919,902,795,821,790,765,788,755,733
F,885,916,900,792,820,788,766,790,755,731
F,886,916,901,793,823,791,765,789,757,733
F,879,916,900,793,821,789,766,790,756,733
F,884,916,901,795,821,790,766,791,752,731
F,885,917,900,794,822,790,766,789,757,732
F,883,916,902,793,821,790,765,789,755,732
F,888,913,906,797,822,789,766,789,757,733
F,883,914,902,794,821,791,766,790,756,731
F,884,914,902,796,823,790,765,789,757,732
F,883,918,902,794,821,789,766,788,757,731
F,882,918,902,792,820,789,766,789,756,733
F,882,918,902,793,822,790,766,790,756,731
F,884,915,901,794,823,789,767,790,755,730
F,880,919,901,796,819,789,765,788,757,733
F,886,914,901,792,824,788,767,789,756,733
F,884,916,902,792,820,788,766,790,757,733
F,882,916,902,795,820,789,765,788,755,734
F,883,915,900,793,822,790,765,789,756,732
F,885,916,902,794,821,788,766,790,755,731
F,882,917,901,795,822,789,765,790,755,733
F,882,919,902,796,821,790,767,790,758,733
F,883,916,902,793,822,789,766,789,758,731
F,886,913,903,792,822,789,767,790,756,733
F,883,916,903,792,821,787,767,791,758,732
F,883,917,901,794,822,790,766,790,757,732
F,887,918,902,794,822,789,767,791,756,733
F,886,915,901,792,822,790,767,788,756,734
F,884,914,902,793,820,790,766,791,759,730
F,886,913,901,791,820,790,765,789,756,733
F,888,917,898,794,821,790,765,790,758,734
F,887,918,902,793,822,791,767,790,756,732
F,886,919,901,791,821,790,765,789,758,733
F,886,916,902,793,822,791,764,790,758,735
F,882,917,901,793,822,790,764,790,756,733
F,887,918,902,794,823,789,766,788,756,732
F,883,918,901,795,823,789,767,790,758,732
F,885,916,903,791,823,789,766,789,756,732
F,885,918,901,792,823,789,766,789,758,735
F,882,918,899,793,821,790,767,789,757,733
F,887,917,900,793,821,791,767,789,756,733
F,882,917,902,793,822,790,766,790,757,733
F,881,917,902,794,823,788,765,788,758,733
F,882,916,899,795,820,789,767,790,756,734
F,887,916,899,795,821,790,766,788,755,731
F,885,917,902,793,821,790,765,789,756,733
F,884,917,901,793,823,790,766,789,757,733
F,885,918,899,793,823,789,767,790,755,734
F,885,913,901,793,820,789,767,791,757,735
F,880,916,900,793,821,789,766,790,755,735
F,886,917,901,793,823,789,766,789,758,734
F,882,915,901,795,819,789,765,788,756,733
F,883,916,901,793,823,789,765,790,758,734
F,884,916,900,792,820,789,767,790,757,737
F,886,914,900,792,821,790,766,790,756,735
F,882,919,902,793,820,790,767,788,755,736
F,884,918,901,793,821,788,766,790,756,737
F,887,917,900,793,820,789,766,788,758,737
F,882,915,900,792,822,790,767,789,757,734
F,883,915,902,794,823,790,766,788,756,733
F,884,914,901,792,822,790,766,789,757,734
F,885,918,900,795,821,789,765,791,756,734
F,884,917,902,794,822,790,766,789,756,735
F,885,915,900,791,823,788,766,789,758,733
F,882,917,899,794,820,788,768,789,756,733
F,883,915,900,795,821,790,764,788,757,735
F,887,915,901,794,820,790,767,790,758,734
F,885,915,900,793,820,789,766,790,757,734
F,884,917,901,794,821,790,766,791,756,734
F,884,915,901,793,820,789,765,789,756,735
F,885,914,901,793,820,789,764,789,756,734
F,884,915,898,793,821,789,765,789,756,732
F,883,916,901,792,821,790,766,789,756,733
F,883,914,902,792,821,789,766,789,755,733
F,885,914,901,795,821,789,767,789,756,734
F,887,916,901,795,821,790,766,790,756,733
F,883,917,902,794,822,791,767,789,758,732
F,884,914,902,794,823,788,766,790,756,735
F,887,917,900,793,821,791,766,790,756,734
F,885,916,900,794,823,789,766,791,757,734
F,883,915,901,791,823,790,765,789,757,733
F,886,918,901,792,821,791,766,790,758,734
F,886,916,901,794,821,789,766,788,757,733
F,884,918,902,794,821,791,766,788,757,733
F,888,915,901,791,823,788,766,787,758,735
F,885,917,901,792,822,789,767,790,757,734
F,888,915,900,793,820,791,767,790,758,735
F,882,916,901,794,823,789,766,789,757,735
F,886,913,900,794,822,788,767,791,756,736
F,885,917,901,793,821,788,767,790,757,735
F,884,914,901,793,822,789,767,790,756,735
F,885,914,901,794,821,791,768,788,758,734
F,887,915,901,794,823,790,765,789,757,735
F,886,917,901,794,823,790,767,789,757,734
F,886,916,901,794,820,789,766,790,756,734
F,885,919,902,792,823,790,766,788,757,735
F,885,917,901,794,821,790,766,790,755,735
F,884,916,901,794,822,790,767,787,756,733
F,886,917,900,792,822,788,766,789,757,735
F,890,914,904,792,822,789,766,789,756,735
F,886,919,900,792,821,789,766,790,756,735
F,885,917,901,792,821,790,767,789,757,734
F,883,914,900,792,822,790,767,790,757,736
F,883,914,902,794,818,791,768,790,759,733
F,886,916,901,793,824,788,766,788,757,736
F,887,917,900,794,822,789,766,788,757,735
F,885,915,901,796,821,787,767,788,757,735
F,884,915,900,792,821,789,767,790,755,735
F,885,918,902,793,822,789,767,789,756,734
F,885,915,901,794,821,790,767,789,757,737
F,885,917,902,794,820,790,766,790,756,735
F,886,916,900,794,821,790,766,789,757,736
F,886,917,901,793,822,787,766,790,756,737
F,884,916,901,792,822,789,767,791,757,735
F,884,917,899,793,824,790,767,789,757,737
F,887,916,901,793,822,790,766,789,758,735
F,885,917,901,794,823,789,767,788,756,735
F,883,915,902,793,823,791,767,790,757,736
F,884,915,902,794,823,789,767,792,756,736
F,884,914,902,794,823,789,766,791,757,736
F,883,916,902,795,823,791,767,788,756,737
F,884,917,901,795,821,789,766,789,756,736
F,887,915,901,794,822,790,767,788,758,738
F,884,914,899,792,824,790,766,791,758,738
F,887,917,902,793,821,789,766,789,756,738
F,884,918,902,793,822,789,766,787,756,739
F,885,918,899,795,821,789,767,789,756,736
F,885,916,902,794,822,789,766,789,756,737
F,883,916,901,794,823,790,765,789,756,737
F,886,917,901,794,823,789,766,790,758,737
F,887,915,902,793,822,789,767,788,755,736
F,885,915,901,794,820,790,766,790,758,736
F,886,914,901,793,821,790,766,790,757,735
F,884,918,901,794,821,791,768,789,755,736
F,884,916,899,794,823,789,767,789,758,735
F,884,913,902,796,824,790,767,788,755,737
F,886,912,901,793,823,790,766,788,755,735
F,886,914,901,793,821,788,767,790,757,736
F,886,913,900,794,821,788,766,788,757,736
F,883,915,899,793,822,789,766,789,757,735
F,885,916,902,793,822,789,766,789,758,736
F,886,916,903,791,820,789,766,791,756,734
F,883,917,901,794,823,789,766,790,757,736
F,885,915,901,793,823,790,767,789,755,735
F,887,915,900,792,824,790,767,791,755,736
F,886,914,901,794,824,788,766,791,756,735
F,886,916,901,793,822,789,767,789,758,735
F,887,914,902,794,824,789,766,788,756,734
F,886,915,901,791,824,790,766,789,756,734
F,884,916,902,791,822,790,767,791,756,735
F,884,915,901,794,822,791,766,789,755,737
F,883,917,900,793,822,790,767,790,758,736
F,884,914,901,794,824,790,767,790,757,736
F,881,916,901,793,822,789,767,790,756,736
F,887,916,902,793,823,789,766,789,756,736
F,884,915,901,794,823,789,766,790,756,736
F,885,914,902,793,823,790,765,791,757,739
F,888,913,903,794,823,789,767,790,756,739
F,885,916,902,792,820,791,765,789,758,737
F,886,915,903,794,822,789,767,790,758,736
F,886,914,901,794,824,792,768,789,756,736
F,887,915,902,792,825,790,767,789,758,737
F,891,917,897,791,822,790,766,790,755,738
F,883,918,902,793,827,790,765,789,757,737
F,884,915,901,793,826,789,766,789,756,737
F,887,914,903,794,827,789,765,790,757,736
F,888,912,901,795,825,791,766,788,757,738
F,882,915,900,793,826,790,766,790,756,738
F,883,915,902,792,826,790,769,789,756,737
F,882,915,901,793,825,789,765,789,757,738
F,887,918,901,794,822,790,767,790,757,737
F,883,917,901,793,825,791,767,790,757,736
F,885,918,901,791,823,788,766,788,754,738
F,883,913,900,792,824,789,765,788,757,736
F,881,912,898,792,824,789,766,790,758,736
F,883,915,901,792,824,790,766,789,758,737
F,886,914,902,791,825,791,768,790,755,737
F,886,917,901,791,825,790,767,789,756,735
F,885,916,900,794,824,790,766,790,757,736
F,883,917,900,792,824,789,768,791,757,737
F,888,918,901,793,824,789,767,790,755,735
F,887,917,902,794,824,790,767,789,758,734
F,886,915,903,792,823,787,767,789,755,735
F,883,916,901,792,823,790,767,788,757,736
F,878,915,902,792,825,790,766,788,757,735
F,884,915,902,793,823,790,767,791,754,734
F,886,915,901,791,823,791,767,788,756,737
F,882,918,903,792,824,790,767,790,757,736
F,887,914,901,793,824,789,766,789,757,736
F,886,918,903,792,826,790,767,789,755,734
F,888,917,901,792,825,791,767,788,756,735
F,884,918,902,791,825,792,766,788,756,733
F,886,913,903,795,824,789,767,790,757,735
F,884,914,900,792,824,790,767,789,757,734
F,882,915,901,793,823,788,768,790,755,734
F,886,913,903,793,825,789,767,790,754,734
F,885,915,901,792,824,790,766,790,756,736
F,886,916,902,791,826,788,767,790,756,735
F,883,914,902,791,825,789,767,789,756,736
F,883,914,903,792,823,790,767,788,756,736
F,885,917,901,792,825,789,766,790,756,736
F,888,914,900,791,824,789,767,789,756,735
F,885,917,901,792,823,789,766,789,757,734
F,885,916,902,794,827,789,766,789,757,735
F,885,916,902,793,823,789,768,791,757,735
F,886,913,902,794,825,790,768,790,756,735
F,885,916,901,791,825,790,768,788,756,734
F,886,914,903,791,824,789,768,789,755,735
F,886,914,903,794,823,788,767,790,757,736
F,885,917,902,792,823,790,768,790,757,736
F,887,914,901,792,824,790,766,791,759,735
F,880,918,902,791,825,788,767,790,758,735
F,884,915,900,792,824,789,767,790,757,736
F,888,915,900,790,822,791,767,788,757,734
F,886,914,901,793,823,790,766,790,756,734
F,885,915,901,791,822,790,767,790,757,736
F,886,915,903,794,824,791,766,788,757,736
F,885,915,901,791,824,790,767,790,758,737
F,886,917,901,794,825,789,766,790,756,735
F,886,917,902,791,825,789,767,789,757,734
F,882,913,901,791,825,789,768,790,757,735
F,884,915,902,793,825,790,767,790,757,735
F,888,913,902,792,824,790,766,788,757,734
F,886,913,902,793,822,791,766,789,756,735
F,886,915,903,792,825,790,768,790,756,734
F,883,912,902,791,823,790,766,790,758,736
F,883,916,902,794,824,788,767,788,757,735
F,883,910,900,793,818,789,769,789,757,735
F,883,917,901,792,825,789,767,789,756,736
F,884,915,901,791,824,790,766,788,758,734
F,886,914,902,793,824,789,767,788,757,736
F,887,914,902,793,825,790,766,790,757,736
F,884,915,901,791,823,790,767,789,758,736
F,887,916,901,792,825,790,767,788,758,736
F,885,917,902,792,823,790,768,789,756,735
F,885,913,901,792,825,789,767,789,757,736
F,883,914,902,793,823,789,766,788,757,735
F,885,919,903,791,826,789,767,789,757,736
F,886,914,902,793,823,789,766,790,757,735
F,883,913,902,794,822,790,767,790,756,734
F,883,913,902,794,824,790,767,790,758,736
F,885,916,902,792,825,789,767,789,756,735
F,884,917,901,791,824,790,768,789,757,734
F,886,918,903,793,824,789,767,787,758,736
F,885,915,902,793,823,789,767,789,757,735
F,886,917,901,794,824,788,767,789,757,734
F,885,915,900,790,824,788,768,789,758,734
F,884,915,901,792,823,789,768,790,758,733
F,886,917,902,794,822,789,766,787,756,734
F,887,920,901,791,825,791,768,790,757,734
F,884,914,902,791,823,789,767,791,756,735
F,885,913,901,794,823,789,767,788,757,734
F,888,915,900,790,823,790,768,788,758,733
F,883,913,902,793,823,788,766,790,754,738
F,886,916,900,793,824,790,768,790,757,736
F,887,916,902,791,825,788,767,789,757,736
F,884,915,901,792,826,791,768,789,757,736
F,883,915,900,793,824,788,768,791,759,736
F,886,917,901,794,824,790,768,788,757,737
F,884,917,902,791,824,790,768,789,758,735
F,887,916,903,792,825,789,768,790,756,735
F,885,916,902,791,823,790,768,790,758,734
F,885,915,900,793,825,790,768,788,758,735
F,882,914,903,793,823,789,768,789,757,735
F,889,917,901,793,825,788,766,788,758,736
F,887,913,902,792,825,787,766,788,761,733
F,886,916,901,793,824,788,768,790,756,734
F,885,912,901,791,824,789,767,789,757,733
F,887,915,903,793,824,791,768,789,759,735
F,886,915,899,791,823,789,768,788,757,736
F,883,914,901,794,823,790,767,789,756,734
F,886,916,903,791,825,789,768,790,758,734
F,886,916,901,792,826,789,767,788,758,737
F,886,913,902,794,824,789,767,790,758,735
F,884,916,902,792,826,789,768,788,758,735
F,881,914,902,792,826,788,768,790,759,735
F,885,918,903,791,822,790,767,790,757,734
F,882,914,902,790,824,789,767,788,759,735
F,882,913,902,791,826,789,767,789,757,736
F,885,916,902,793,821,790,767,789,757,736
F,884,912,902,794,826,791,769,789,757,735
F,886,913,901,792,825,790,767,790,757,734
F,883,914,901,792,825,787,766,789,759,734
F,881,913,900,791,824,790,766,789,755,737
F,883,915,902,791,825,790,768,789,757,733
F,887,914,902,793,824,789,766,790,756,736
F,887,916,902,796,820,788,768,788,758,735
F,886,916,902,790,826,790,767,790,758,736
F,888,918,900,792,826,791,768,789,758,735
F,885,916,903,789,827,789,766,789,756,735
F,888,914,901,792,824,790,767,789,758,736
F,886,914,900,792,824,788,768,789,757,735
F,887,915,901,793,824,789,767,789,758,737
F,883,915,901,792,826,789,767,789,756,736
F,886,913,903,795,825,789,766,787,759,735
F,887,916,902,793,826,789,767,790,757,735
F,885,913,904,794,827,790,767,790,758,737
F,883,915,901,792,824,789,768,788,756,736
F,887,914,901,791,824,789,766,789,758,736
F,887,917,901,789,827,790,767,789,757,736
F,885,916,900,794,825,791,768,790,759,736
F,889,914,901,793,826,789,768,789,758,735
F,884,917,900,791,824,789,767,789,757,734
F,884,914,901,792,824,790,768,788,757,738
F,884,916,903,792,825,790,767,788,759,736
F,887,915,902,792,826,791,767,789,757,737
F,886,913,902,792,826,790,767,788,757,736
F,886,914,904,792,826,789,767,791,757,734
F,884,915,903,793,823,790,767,787,755,735
F,885,914,904,788,827,789,766,790,758,735
F,885,915,902,793,825,790,768,789,758,735
F,885,915,902,793,825,791,768,790,757,737
F,885,913,902,793,825,789,768,786,756,737
F,884,918,904,793,825,789,769,788,757,735
F,883,915,901,791,822,789,767,789,758,736
F,885,915,902,794,825,790,767,788,759,737
F,881,915,902,793,826,790,768,790,756,737
F,887,914,902,792,827,790,767,789,759,737
F,884,914,901,793,825,790,767,788,758,738
F,886,914,902,793,824,789,767,789,758,735
F,884,914,901,794,824,790,768,790,757,739
F,885,915,901,790,825,790,766,789,758,737
F,890,917,903,792,824,788,767,788,757,738
F,883,916,900,790,823,790,768,790,757,737
F,882,915,900,795,826,791,767,788,759,738
F,882,915,901,790,823,790,768,790,756,737
F,884,914,903,794,824,791,768,790,758,739
F,882,913,902,792,826,786,768,790,758,738
F,887,914,902,788,829,790,767,787,757,738
F,885,915,901,791,825,789,767,790,758,738
F,882,913,901,794,825,789,767,791,759,737
F,886,915,902,793,826,789,767,789,757,739
F,888,915,902,790,825,790,767,790,757,738
F,883,913,902,793,825,789,768,790,757,739
F,880,911,901,792,824,789,768,788,757,738
F,888,917,902,793,824,789,767,788,757,739
F,886,915,900,793,824,789,767,790,758,737
F,887,915,902,792,825,789,766,788,758,738
F,885,915,902,792,826,790,768,788,758,738
F,884,915,901,792,825,789,768,791,757,737
F,887,915,903,792,823,789,766,789,755,735
F,889,911,903,792,825,789,768,790,757,734
F,882,917,901,791,827,788,766,789,759,735
F,888,913,902,793,825,790,767,790,758,736
F,885,915,902,792,823,790,765,790,757,735
F,886,915,901,792,825,789,767,790,758,735
F,888,915,902,791,824,790,768,790,758,735
F,885,916,901,792,824,789,768,789,757,734
F,882,910,900,792,826,789,768,788,757,735
F,883,916,902,793,824,789,768,789,759,735
F,885,916,900,791,826,788,767,790,757,736
F,887,916,900,794,827,789,767,789,759,734
F,885,915,902,791,825,789,768,789,759,737
F,888,917,903,791,826,789,767,789,757,736
F,885,913,901,793,822,789,768,791,755,735
F,884,916,900,792,827,788,766,788,757,735
F,884,913,901,791,826,789,767,788,757,734
F,889,912,902,791,825,790,768,790,757,734
F,882,913,901,793,825,790,768,788,759,735
F,883,917,901,793,824,789,768,790,756,734
F,884,915,900,791,824,790,768,789,758,735
F,886,913,901,791,826,790,768,788,760,735
F,885,917,902,792,826,790,768,790,758,735
F,883,916,901,794,831,788,767,789,758,733
F,884,916,902,792,826,790,768,789,758,736
F,887,916,901,793,826,788,768,790,759,734
F,888,916,902,792,829,790,768,789,759,735
F,886,913,902,791,833,790,767,790,759,734
F,882,916,902,792,829,788,767,790,757,735
F,886,914,902,792,825,791,768,789,759,733
F,884,917,902,791,826,789,767,790,759,735
F,887,914,901,791,826,790,768,789,757,733
F,887,916,902,793,826,789,768,790,759,735
F,886,913,902,792,825,790,767,790,757,734
F,884,917,903,791,828,793,766,788,757,735
F,884,915,902,791,827,789,768,789,758,736
F,885,915,901,791,827,790,767,790,759,735
F,887,915,902,793,826,790,768,788,759,734
F,886,916,899,791,826,789,767,790,757,735
F,887,915,900,791,828,791,769,790,758,734
F,888,914,902,791,826,790,769,789,757,735
F,884,914,901,790,827,789,767,789,758,735
F,886,917,900,791,824,788,767,789,757,734
F,886,914,902,794,824,790,768,789,758,734
F,888,914,901,790,825,790,768,790,759,735
F,886,914,900,793,824,790,768,789,758,735
F,887,914,901,793,825,790,768,790,757,734
F,887,913,900,792,824,789,768,790,757,736
F,890,909,903,793,826,790,768,788,758,733
F,887,915,901,790,824,789,768,789,758,736
F,888,915,900,792,825,788,767,789,758,736
F,888,916,902,792,826,789,768,789,758,736
F,884,917,903,790,824,789,766,790,758,735
F,884,916,902,790,826,789,767,790,757,734
F,885,917,903,794,827,790,767,789,758,735
F,884,914,901,791,826,791,767,789,757,736
F,884,915,901,793,826,789,768,788,759,734
F,887,917,901,792,826,791,767,790,757,733
F,889,916,901,794,823,787,767,790,758,735
F,886,914,903,795,825,789,768,788,757,736
F,886,914,902,792,825,790,768,789,757,734
F,887,914,901,790,824,789,767,788,759,735
F,889,916,900,792,825,791,767,789,759,735
F,884,915,901,793,824,789,767,789,757,736
F,886,914,901,794,825,789,768,790,759,735
F,886,917,900,792,823,791,768,788,759,734
F,884,915,901,792,825,789,768,789,757,736
F,886,917,902,789,824,791,765,790,757,735
F,884,914,900,793,825,790,768,788,759,735
F,882,916,900,794,825,789,767,789,758,735
F,887,916,901,792,826,790,768,789,759,735
F,886,913,901,793,825,789,768,789,759,734
F,889,916,902,792,826,790,767,790,759,734
F,889,918,900,794,826,789,768,790,758,734
F,885,914,902,793,827,790,768,788,759,736
F,887,916,903,797,825,790,767,789,758,735
F,887,915,901,791,824,788,768,788,759,736
F,885,916,903,793,826,790,766,788,757,735
F,878,913,901,792,824,787,767,790,759,735
F,887,914,901,793,826,790,768,788,758,735
F,885,913,901,790,827,789,769,790,758,736
F,888,915,902,793,825,790,767,788,759,736
F,884,910,900,793,825,789,768,789,759,735
F,888,912,900,792,827,790,768,789,758,736
F,885,914,903,793,826,790,769,788,758,736
F,884,916,902,791,825,789,768,789,758,736
F,884,914,902,791,826,789,766,791,758,735
F,886,913,901,789,824,789,768,788,757,737
F,886,914,902,793,826,790,767,789,757,733
F,887,911,900,790,827,790,769,790,759,736
F,886,912,901,793,828,789,768,788,759,735
F,884,915,902,791,825,791,766,789,759,736
F,885,914,901,793,824,790,768,790,759,733
F,887,914,901,792,826,789,767,788,761,735
F,885,914,900,793,826,789,768,789,759,736
F,887,915,903,794,826,789,768,788,758,734
F,885,915,900,793,827,790,767,789,759,735
F,888,914,901,793,826,789,768,790,758,734
F,889,917,901,792,826,790,767,789,759,735
F,887,915,904,792,826,793,769,789,757,736
F,886,913,902,792,824,790,768,789,757,736
F,889,914,901,793,826,789,766,789,758,737
F,885,912,901,793,830,790,768,788,757,735
F,889,915,900,791,828,788,768,790,758,735
F,888,913,902,791,824,789,768,789,758,737
F,884,913,900,793,826,790,768,789,758,736
F,879,918,901,790,825,789,768,788,759,733
F,886,914,900,792,826,789,767,788,758,735
F,885,910,903,791,824,790,768,789,758,735
F,884,913,902,791,822,790,767,790,758,736
F,885,919,902,790,824,790,769,788,758,736
F,888,914,904,788,827,789,769,788,757,736
F,887,912,901,791,824,790,767,788,759,736
F,888,915,902,793,826,789,768,788,758,736
F,885,913,901,791,825,789,768,790,760,737
F,888,916,902,793,826,790,769,788,759,737
F,883,915,900,793,825,789,768,789,759,735
F,883,913,900,792,825,790,768,789,759,736
F,888,917,900,793,824,790,767,788,758,735
F,885,913,901,792,825,792,767,791,756,735
F,887,916,902,790,826,789,768,788,759,736
F,886,915,904,792,827,790,767,789,758,735
F,886,914,901,792,825,789,768,790,758,735
F,889,918,900,793,828,792,768,790,759,736
F,887,914,902,792,825,789,768,788,759,734
F,885,914,901,793,826,789,768,789,760,735
F,882,913,900,792,827,790,767,790,759,735
F,886,914,899,789,826,790,768,791,759,737
F,888,914,901,790,825,789,767,789,759,735
F,887,915,902,791,825,790,768,790,758,735
F,882,915,902,788,825,791,768,790,759,735
F,884,913,902,791,826,791,768,787,760,735
F,883,913,902,793,825,791,768,789,759,734
F,887,915,901,793,826,789,768,789,760,737
F,885,914,901,792,827,789,767,788,758,736
F,889,916,901,792,827,790,768,790,758,735
F,888,914,901,790,827,790,768,788,759,738
F,885,916,901,791,825,789,767,790,758,735
F,883,913,902,790,825,790,767,789,759,736
F,886,913,899,791,825,788,768,789,758,735
F,885,914,901,791,825,790,767,789,760,736
F,886,914,902,794,828,791,768,789,761,736
F,887,915,903,792,829,790,769,789,758,735
F,888,916,901,791,826,788,767,788,759,737
F,887,911,902,793,825,790,768,789,759,736
F,886,916,902,791,828,790,768,789,759,737
F,888,916,902,792,828,791,768,789,758,736
F,886,914,901,792,826,789,768,790,759,737
F,887,914,902,790,825,791,768,790,760,734
F,884,913,901,791,827,790,767,788,759,736
F,885,913,902,793,827,792,769,788,760,735
F,880,918,901,791,826,789,768,789,757,735
F,884,912,901,791,827,789,768,788,758,735
F,887,915,901,790,826,789,769,789,759,735
F,885,912,902,793,825,790,767,788,760,736
F,888,914,902,792,828,789,769,790,758,735
F,885,916,902,792,824,790,767,788,759,735
F,884,917,901,789,827,791,767,790,759,736
F,887,914,901,792,827,791,769,791,757,735
F,886,915,903,792,827,790,768,790,759,737
F,887,913,900,795,827,790,768,789,759,737
F,887,912,902,791,827,791,768,790,758,735
F,889,914,902,791,825,789,768,789,758,737
F,889,914,903,791,826,789,768,789,756,736
F,885,913,901,793,827,789,768,790,757,737
F,886,916,902,791,826,790,768,788,757,737
F,887,914,902,791,829,789,771,790,755,735
F,886,915,900,791,831,792,770,789,761,737
F,887,913,901,792,828,790,769,789,759,738
F,882,913,902,791,828,790,767,788,759,737
F,886,918,903,790,830,789,766,788,758,736
F,884,912,901,792,827,789,768,789,758,737
F,885,913,902,793,826,791,767,789,757,737
F,885,915,903,793,826,789,769,788,758,736
F,885,915,902,790,826,789,766,790,759,736
F,886,912,901,791,828,790,767,788,758,738
F,887,914,900,792,826,791,765,789,759,735
F,887,913,900,789,826,790,768,786,759,737
F,886,911,901,790,828,791,768,788,758,736
F,888,914,902,791,828,791,768,790,760,735
F,888,912,902,791,826,790,768,789,759,736
F,887,915,901,793,827,790,768,789,759,735
F,887,915,902,792,827,790,769,789,759,736
F,884,916,900,794,825,791,768,789,759,736
F,889,912,901,792,828,788,769,790,759,737
F,883,913,901,793,827,789,767,791,759,737
F,885,916,901,790,827,790,767,788,759,736
F,884,912,903,791,828,790,768,790,760,737
F,885,912,903,794,829,790,767,790,758,734
F,887,912,901,790,827,789,767,789,759,733
F,888,915,899,791,828,790,767,789,758,736
F,885,913,901,792,826,791,769,790,758,734
F,888,914,901,794,832,789,768,789,760,737
F,886,915,902,791,827,790,769,789,760,736
F,884,913,901,791,826,790,767,789,760,735
F,887,915,903,790,826,789,767,789,757,738
F,888,916,902,793,829,789,767,787,760,737
F,886,916,901,794,828,790,767,789,760,735
F,886,915,900,792,826,790,767,789,759,735
F,885,913,902,790,826,789,769,790,758,736
F,886,915,902,791,827,790,768,789,758,736
F,885,913,902,792,829,788,767,790,759,735
F,883,915,901,792,829,789,769,788,760,735
F,884,912,902,792,827,790,768,789,759,736
F,887,914,902,791,826,790,768,789,759,737
F,887,910,901,794,826,790,767,788,759,737
F,887,916,901,792,829,790,768,789,759,736
F,886,910,900,794,823,789,769,790,759,735
F,887,913,901,790,826,788,767,789,759,736
F,884,915,902,791,828,790,767,790,759,736
F,883,915,901,792,829,790,768,788,757,736
F,885,915,901,793,828,789,768,787,758,737
F,887,911,901,792,827,791,768,789,757,737
F,886,915,902,792,829,791,767,788,760,736
F,888,916,902,794,827,789,768,789,757,734
F,888,920,903,787,832,789,769,789,759,736
F,889,915,902,790,827,788,768,789,759,736
F,884,914,900,791,830,790,769,790,760,736
F,883,917,900,791,827,790,768,789,760,736
F,887,915,902,791,826,791,768,790,760,734
F,884,913,901,790,826,789,768,789,759,736
F,886,913,901,791,827,790,768,790,758,735
F,886,912,901,790,828,790,770,790,760,735
F,886,914,903,790,827,790,768,789,757,736
F,888,911,902,793,828,790,768,788,758,736
F,886,916,901,792,828,790,767,791,757,735
F,884,915,902,791,828,791,768,788,760,737
F,887,915,900,793,827,790,768,790,758,734
F,886,917,900,792,826,791,769,789,759,736
F,886,913,901,796,830,791,768,789,758,736
F,888,913,903,791,826,788,769,789,759,736
F,887,918,899,793,827,790,769,789,759,736
F,889,914,901,790,826,789,769,791,762,735
F,888,917,901,792,830,790,769,788,758,737
F,887,914,901,791,826,790,771,790,759,734
F,886,914,902,791,829,788,768,790,760,736
F,886,912,901,791,829,790,768,790,761,735
F,889,913,902,790,829,790,769,788,760,735
F,888,917,902,792,830,791,769,788,761,735
F,889,911,900,793,828,789,769,789,760,734
F,889,914,900,791,828,790,769,789,761,737
F,885,915,900,793,825,787,769,789,759,736
F,879,921,902,791,830,789,769,789,759,736
F,889,914,903,792,827,790,769,787,759,735
F,888,914,902,791,829,790,769,789,758,735
F,888,912,902,789,826,790,768,788,759,737
F,887,915,902,793,829,790,769,788,758,736
F,886,913,902,790,829,789,769,789,760,735
F,888,912,903,793,828,789,769,789,761,736
F,888,914,902,791,828,789,770,791,759,735
F,883,914,901,793,829,790,767,788,759,736
