W,946,911,802,766,814,788,783,800,864,802
W,949,908,803,763,815,787,783,799,864,800
W,950,910,804,765,815,789,783,798,866,802
W,952,910,803,764,816,788,783,798,867,802
W,952,911,802,765,815,789,783,798,865,799
W,949,909,804,765,815,788,782,799,866,800
W,947,912,802,763,816,787,782,797,867,801
W,952,911,803,763,816,788,782,798,867,801
W,951,911,804,763,815,786,782,800,868,800
W,953,909,803,763,815,788,781,798,867,799
W,949,910,803,763,814,787,781,799,867,799
W,953,912,803,762,816,786,782,798,869,800
W,952,908,804,764,816,788,781,798,866,799
W,955,909,805,761,816,789,782,797,867,799
W,947,913,803,763,815,789,781,799,867,799
W,948,910,803,764,815,787,781,797,868,799
W,945,911,805,764,815,788,781,796,865,800
W,950,910,803,762,815,787,780,798,865,800
W,951,910,804,761,816,786,780,797,869,798
W,951,908,803,761,816,787,780,798,865,799
W,947,913,805,764,815,788,780,799,869,800
W,949,910,803,761,815,787,779,799,868,798
W,950,909,804,761,816,787,781,798,870,800
W,947,908,804,761,817,787,782,797,864,799
W,952,908,807,760,816,788,780,796,872,800
W,952,911,805,762,817,787,780,797,868,799
W,950,910,804,762,816,786,779,795,869,798
W,954,911,804,763,820,786,780,796,872,799
W,950,913,803,762,818,787,781,798,869,797
W,952,907,804,763,817,786,780,794,872,797
W,950,907,806,763,817,787,781,795,875,797
W,954,908,804,763,818,788,780,796,871,796
W,948,907,805,761,817,787,779,797,875,796
W,950,912,806,764,817,788,780,796,874,797
W,950,911,805,762,817,788,780,794,874,795
W,955,912,804,762,817,788,781,797,872,796
W,953,911,805,763,817,788,781,796,876,796
W,951,910,805,761,816,788,781,797,872,795
W,954,912,805,761,816,789,780,797,873,796
W,953,911,805,762,818,788,781,797,876,796
W,954,913,807,762,817,788,780,797,873,797
W,950,912,805,762,818,788,781,795,875,795
W,952,911,807,762,817,789,781,798,877,795
W,948,909,806,761,816,789,778,798,876,795
W,952,911,805,762,815,786,781,795,873,796
W,953,906,805,760,817,787,780,794,873,794
W,947,907,807,761,818,787,780,797,877,795
W,951,909,805,763,818,787,781,794,875,796
W,958,908,809,760,817,787,780,796,876,795
W,951,911,807,762,816,787,779,794,873,796
W,949,910,807,762,815,789,779,794,875,795
W,953,910,805,760,817,788,780,797,876,796
W,949,910,806,762,817,787,780,797,872,796
W,953,908,806,760,817,787,780,794,873,798
W,951,911,803,763,819,787,781,796,876,797
W,954,911,806,761,817,788,780,795,875,796
W,952,912,806,760,815,788,780,795,875,796
W,947,911,807,760,817,788,778,797,872,797
W,954,908,806,761,818,787,780,795,877,796
W,950,909,806,761,817,788,779,797,876,793
W,950,909,807,762,817,787,779,796,871,794
W,948,908,806,761,818,786,779,795,874,794
W,951,911,807,761,817,786,779,796,872,794
W,950,913,806,761,816,788,779,795,875,795
W,951,912,806,762,816,787,779,793,873,795
W,953,912,806,760,817,788,779,795,874,796
W,956,915,807,761,818,789,780,795,870,795
W,956,912,808,762,816,789,779,796,871,798
W,954,912,808,761,819,787,779,795,867,798
W,953,910,807,760,818,787,779,796,864,795
W,950,914,808,762,817,787,780,795,864,796
W,952,910,807,762,818,789,780,794,865,798
W,951,912,806,763,815,787,780,795,863,798
W,951,909,808,763,816,788,780,798,861,798
W,953,912,809,760,817,788,781,798,863,796
W,954,912,810,762,815,788,782,796,863,799
W,950,916,812,762,815,789,782,797,859,796
W,952,914,813,760,816,785,782,797,863,798
W,958,916,812,761,817,789,782,798,861,797
W,955,916,811,762,819,787,783,797,861,798
W,954,915,812,761,818,789,782,796,862,797
W,953,915,813,761,818,789,781,797,863,796
W,954,915,811,762,819,787,782,799,859,796
W,950,915,811,760,822,786,781,800,866,801
W,950,914,813,760,819,786,781,799,861,797
W,951,915,810,761,819,788,781,797,861,797
W,954,915,813,760,822,788,782,798,861,797
W,953,915,812,762,819,787,781,798,861,799
W,953,914,811,761,818,788,781,799,862,799
W,955,912,812,760,822,788,782,799,863,798
W,954,913,812,762,821,788,781,798,863,797
W,954,913,812,760,823,787,780,798,862,797
W,953,914,813,762,825,787,781,797,862,796
W,950,911,813,762,816,788,781,799,860,797
W,956,910,811,763,819,788,781,799,861,797
W,953,913,812,763,818,787,781,799,860,797
W,953,912,813,761,817,787,782,799,857,797
W,951,912,812,760,818,789,781,798,863,795
W,956,912,812,761,817,787,779,796,860,797
W,952,913,811,761,818,788,780,797,862,798
W,955,914,813,763,817,788,781,796,862,797
W,950,914,811,760,819,788,780,798,863,796
W,949,913,812,760,818,788,780,798,864,795
W,954,907,812,759,817,789,781,798,862,795
W,949,913,812,760,816,790,781,798,862,797
W,952,912,812,760,817,788,778,798,871,795
W,955,913,811,760,819,788,780,798,863,797
W,951,912,813,761,818,789,781,798,860,795
W,953,911,812,765,816,785,779,795,868,796
W,950,912,812,759,817,788,778,797,861,798
W,951,909,811,760,818,788,780,798,862,796
W,953,913,812,761,818,789,781,798,863,796
W,957,909,810,762,820,786,779,797,863,796
W,954,910,812,759,818,787,781,798,866,797
W,954,912,811,759,816,789,781,796,861,796
W,950,912,812,761,818,786,780,798,864,795
W,950,910,811,760,818,786,780,797,864,797
W,951,912,811,762,818,787,779,799,862,796
W,959,919,813,760,819,786,779,797,865,794
W,950,911,812,760,818,788,779,799,866,796
W,953,911,814,761,818,789,781,797,867,794
W,952,910,812,760,818,789,780,797,863,795
W,949,913,813,760,820,787,780,798,866,796
W,950,910,811,761,819,788,780,797,866,797
W,960,912,811,762,819,789,780,797,865,797
W,953,911,812,761,820,787,779,798,864,797
W,948,908,813,761,818,788,780,797,862,796
W,952,914,812,761,817,787,779,798,863,796
W,956,910,813,761,818,788,779,797,864,796
W,950,912,812,760,819,788,778,797,866,797
W,950,913,811,762,820,787,779,797,863,796
W,956,912,813,762,820,788,779,798,863,796
W,953,909,812,761,820,788,778,797,863,797
W,955,912,811,761,818,787,778,798,866,796
W,951,910,813,761,827,787,779,799,867,797
W,952,911,812,762,825,788,779,797,867,794
W,950,910,814,762,824,788,780,796,867,795
W,951,910,813,759,825,787,779,797,867,796
W,954,911,813,762,822,788,778,798,864,796
W,954,911,813,761,823,787,778,798,865,796
W,955,907,814,758,824,787,779,797,866,797
W,951,909,811,763,822,787,778,796,863,797
W,953,911,813,762,822,790,777,797,861,798
W,951,911,813,760,824,786,778,798,862,796
W,950,907,813,760,822,787,780,797,865,797
W,952,910,812,760,824,789,781,797,868,799
W,956,908,814,760,822,787,779,796,863,796
W,952,911,813,761,824,787,779,798,863,797
W,953,911,812,761,822,790,778,796,863,797
W,951,908,812,762,823,788,779,796,863,797
W,954,911,813,762,822,787,780,799,864,796
W,955,911,812,761,823,788,778,798,864,797
W,955,913,814,760,820,787,778,797,863,797
W,950,911,813,761,823,788,778,798,863,796
W,952,909,810,760,824,788,778,797,867,795
W,952,909,813,761,822,787,778,798,865,796
W,947,912,813,761,822,787,777,799,866,797
W,949,912,812,760,824,789,777,797,868,795
W,949,909,813,761,824,787,778,797,863,795
W,951,909,813,760,821,787,777,798,864,796
W,952,909,813,760,819,787,778,798,863,798
W,949,908,813,762,822,787,779,796,866,796
W,949,909,812,759,824,787,778,798,864,797
W,952,910,813,761,820,787,779,797,861,796
W,948,912,813,761,821,788,777,798,862,797
W,948,906,813,765,826,787,779,798,865,797
W,954,909,813,762,823,788,778,799,866,797
W,950,910,813,762,823,788,778,796,867,796
W,951,909,813,762,821,787,777,797,863,798
W,950,911,812,762,822,788,778,798,865,796
W,950,911,811,761,819,786,777,797,865,796
W,951,911,812,761,821,788,778,797,866,797
W,954,910,812,762,820,787,777,797,864,797
W,950,909,813,761,819,788,778,798,868,796
W,950,913,814,761,818,788,777,798,867,797
W,949,910,814,760,818,789,777,798,868,796
W,952,910,813,762,818,786,779,798,868,796
W,953,911,814,762,817,787,778,798,867,796
W,952,913,813,761,818,788,778,797,865,796
W,951,909,813,761,819,787,777,798,864,797
W,951,908,813,759,818,785,779,796,866,797
W,953,911,814,760,819,788,777,797,868,796
W,952,910,814,760,820,786,779,799,870,796
W,949,910,815,762,819,787,779,797,865,798
W,951,909,814,760,817,788,778,798,871,796
W,953,908,813,760,821,787,778,799,868,796
W,953,910,813,761,818,787,778,801,871,797
W,950,907,814,760,819,790,778,799,865,791
W,953,910,813,762,820,788,778,798,867,798
W,952,911,814,762,818,787,777,796,867,795
W,952,908,813,761,818,787,778,798,868,797
W,948,910,814,761,820,787,779,797,864,797
W,949,911,814,762,819,787,778,798,867,797
W,952,910,812,761,821,787,778,798,868,796
W,952,909,813,762,820,789,777,796,866,797
W,950,910,812,760,819,788,778,798,867,796
W,953,908,813,762,820,786,777,797,867,796
W,951,909,813,761,820,788,778,797,866,796
W,949,910,813,760,820,788,779,799,867,796
W,951,910,815,763,821,787,778,798,869,797
W,956,904,815,762,820,787,779,796,864,799
W,949,909,814,762,818,788,777,798,866,798
W,948,909,814,759,819,788,779,799,866,798
W,950,909,814,763,818,787,777,796,876,797
W,947,907,815,762,818,786,778,798,867,798
W,951,908,812,761,820,787,778,797,866,797
W,948,910,814,761,819,787,777,799,869,797
W,952,909,814,761,820,788,779,799,867,797
W,949,911,813,762,818,789,777,798,871,797
W,954,910,814,761,820,788,778,796,869,797
W,954,909,813,762,820,788,778,797,870,797
W,952,909,815,762,821,788,777,798,866,798
W,953,907,814,763,820,788,778,797,867,797
W,952,911,815,762,821,789,778,797,866,797
W,951,908,815,762,821,789,778,798,869,800
W,951,909,813,762,820,789,777,797,868,797
W,946,911,814,761,820,788,777,799,865,798
W,952,910,813,759,821,790,776,798,866,797
W,947,912,814,763,823,788,778,797,869,797
W,951,911,814,762,821,787,777,797,867,798
W,947,911,811,763,821,787,777,797,865,799
W,951,908,815,765,821,788,780,795,869,798
W,952,911,812,760,821,788,777,799,870,796
W,952,910,814,762,822,786,779,797,871,797
W,949,907,814,760,820,788,777,798,866,797
W,952,912,813,762,823,788,777,799,866,798
W,948,909,813,763,820,787,776,798,868,797
W,954,908,813,762,822,787,777,798,869,798
W,952,909,814,760,822,787,777,797,865,799
W,951,910,814,761,824,788,777,798,866,797
W,949,908,814,761,821,788,776,798,865,797
W,946,911,814,762,821,787,777,798,868,798
W,951,910,813,761,820,785,777,798,865,798
W,949,911,812,764,821,788,778,797,869,795
W,949,910,812,762,820,787,777,795,866,801
W,955,909,814,761,819,788,777,798,867,797
W,953,909,815,761,820,788,776,798,868,798
W,951,910,815,762,823,788,778,798,869,799
W,944,913,816,766,825,788,778,797,868,798
W,949,908,813,760,820,786,778,798,870,798
W,948,909,815,760,818,788,774,797,867,797
W,948,910,815,760,819,788,778,797,865,796
W,953,911,815,763,817,788,778,799,865,798
W,948,908,815,762,819,787,777,797,869,798
W,950,910,814,763,818,788,776,798,871,798
W,950,908,814,761,820,788,777,797,865,796
W,951,910,814,762,819,787,778,796,870,797
W,951,909,816,763,817,787,777,799,867,798
W,950,910,814,760,819,789,777,798,868,796
W,953,907,813,761,818,787,778,797,866,797
W,951,906,813,760,819,787,779,797,867,797
W,946,909,812,760,818,787,777,798,867,798
W,948,910,814,759,817,787,777,798,868,798
W,945,907,813,760,820,789,778,799,867,798
W,953,908,814,762,819,787,777,798,869,798
W,952,908,814,762,819,787,778,797,868,796
W,951,908,814,762,819,786,778,797,867,797
W,949,910,815,762,818,786,777,797,869,798
W,951,908,814,760,817,787,778,798,868,799
W,951,910,815,761,819,787,777,798,869,796
W,949,911,817,760,818,788,778,799,863,798
W,949,910,815,761,818,787,777,798,867,797
W,949,910,815,761,818,786,778,797,864,796
W,945,910,814,761,818,787,778,798,865,798
W,953,907,814,762,819,786,778,797,868,798
W,953,911,814,761,819,788,779,798,868,800
W,951,907,814,762,818,787,777,798,869,797
W,949,910,814,762,817,787,778,797,865,797
W,950,908,815,763,819,787,779,798,868,797
W,952,909,814,762,816,787,778,796,868,798
W,952,909,814,761,818,786,779,799,865,800
W,953,907,814,762,817,788,778,798,864,798
W,953,907,814,761,819,788,778,797,864,797
W,947,907,815,762,818,787,778,797,866,798
W,953,907,814,760,819,785,778,797,869,797
W,950,908,815,761,817,788,777,798,864,798
W,949,911,813,761,817,787,777,798,867,797
W,949,912,814,760,819,788,778,798,867,799
W,947,909,814,758,818,786,778,797,867,797
W,953,910,814,760,818,787,777,799,867,798
W,951,910,816,760,814,788,777,796,868,796
W,951,907,814,761,818,785,777,797,865,797
W,954,909,815,760,818,787,778,798,866,797
W,952,906,815,761,819,788,777,798,868,797
W,946,910,816,764,819,788,778,797,865,798
W,949,909,814,762,817,788,777,797,867,797
W,951,910,814,761,817,787,777,796,866,797
W,946,907,814,761,817,787,778,797,867,797
W,949,912,813,759,816,784,777,796,866,798
W,948,910,813,761,816,787,778,797,866,798
W,947,910,815,761,817,789,779,799,873,798
W,946,908,812,762,817,787,778,797,866,797
W,949,910,814,759,818,787,777,796,864,796
W,952,908,813,759,817,786,778,797,865,796
W,952,908,814,761,818,786,778,798,871,796
W,949,907,815,761,816,786,777,798,867,798
W,950,908,813,761,817,788,778,797,868,797
W,949,906,815,760,817,786,777,798,871,799
W,948,909,811,760,816,787,777,797,865,797
W,947,908,814,761,818,785,778,797,866,794
W,948,906,814,761,818,787,777,796,865,796
W,951,908,814,764,817,785,779,798,868,797
W,948,906,814,760,819,787,779,795,866,796
W,949,910,813,760,818,785,776,795,863,797
W,951,907,812,763,818,789,778,796,869,795
W,951,910,814,762,818,787,776,796,866,797
W,948,910,814,761,820,787,777,796,865,795
W,947,909,815,760,815,786,777,796,865,798
W,947,907,812,760,817,786,777,797,867,796
W,953,909,813,762,817,787,779,797,865,797
W,945,907,813,761,816,787,777,797,867,798
W,950,910,813,761,819,785,777,798,865,797
W,953,908,813,760,817,787,778,796,864,797
W,950,908,814,761,817,786,777,797,867,796
W,947,909,813,761,818,787,777,797,864,798
W,949,907,814,759,818,788,779,797,868,797
W,950,908,814,759,817,788,777,795,868,794
W,952,909,814,761,818,787,778,795,865,798
W,948,908,813,763,816,786,778,796,872,793
W,950,909,813,762,819,786,779,797,872,799
W,950,909,814,762,817,787,777,795,868,799
W,949,912,814,760,818,787,778,796,869,797
W,951,907,813,762,817,787,778,797,870,799
W,950,912,812,760,820,788,776,797,869,798
W,950,911,813,760,819,787,777,796,869,796
W,951,907,814,762,816,787,777,797,867,796
W,950,910,813,762,817,787,778,797,871,797
W,948,909,813,760,819,785,779,795,868,796
W,948,910,814,761,819,786,778,795,869,796
W,951,910,814,760,819,787,777,796,869,797
W,955,908,813,761,819,786,777,796,869,797
W,950,908,814,761,817,786,778,796,867,798
W,949,910,813,762,817,786,778,796,870,795
W,941,908,813,760,817,786,777,797,868,796
W,949,908,813,760,818,786,777,795,867,798
W,951,908,814,761,817,787,778,796,867,798
W,952,907,814,761,818,787,778,800,865,795
W,949,909,813,762,817,787,777,796,867,798
W,949,908,814,759,816,787,778,796,868,797
W,946,908,812,762,818,787,778,797,866,798
W,951,908,814,761,817,784,779,796,868,798
W,948,908,814,761,819,788,779,798,869,796
W,949,910,814,762,818,786,777,796,870,799
W,951,908,813,762,817,788,779,796,868,798
W,951,909,814,759,817,787,779,796,870,798
W,953,910,813,760,818,786,779,797,870,796
W,952,908,813,762,816,786,777,798,864,799
W,953,909,814,761,816,787,778,795,869,798
W,949,909,813,760,819,787,778,797,870,797
W,948,908,814,762,818,786,778,796,871,797
W,943,908,813,762,818,786,778,795,866,798
W,950,908,812,760,819,785,777,797,866,797
W,949,907,814,760,818,787,778,797,870,798
W,948,911,813,759,819,785,777,799,869,797
W,950,911,812,761,817,786,778,795,867,796
W,949,910,813,760,819,786,778,797,868,797
W,951,909,814,762,817,787,778,797,867,798
W,948,907,813,759,817,788,778,796,865,796
W,952,908,814,762,817,787,778,795,870,797
W,949,907,814,761,818,786,778,796,869,798
W,951,911,814,762,817,787,777,797,867,797
W,953,907,814,759,817,787,776,798,866,798
W,949,906,813,761,819,788,777,797,868,798
W,949,909,813,761,819,786,779,797,868,798
W,949,908,813,762,816,786,778,797,870,799
W,950,910,814,762,816,789,777,794,868,800
W,950,906,813,761,818,785,778,798,868,797
W,951,907,813,762,819,788,779,796,867,798
W,947,909,814,760,816,786,778,796,871,799
W,949,909,813,761,818,787,779,796,868,798
W,949,908,814,761,818,786,779,797,870,798
W,945,911,816,759,822,787,778,797,867,799
W,950,909,814,759,818,788,778,794,869,796
W,949,908,814,761,818,785,778,796,872,797
W,952,908,813,761,817,787,778,796,870,799
W,952,910,813,761,817,785,779,797,870,797
W,948,907,815,761,819,787,779,797,865,798
W,951,909,813,761,818,785,780,796,871,799
W,950,907,814,761,818,787,778,797,870,797
W,948,906,815,761,819,786,779,798,868,796
W,950,909,814,761,817,786,778,796,869,796
W,952,907,813,761,818,785,779,798,867,797
W,948,910,813,760,817,785,778,796,869,799
W,950,907,813,760,819,786,779,796,869,797
W,946,909,814,760,817,786,779,797,868,798
W,952,909,814,761,817,786,779,797,870,799
W,946,906,814,760,819,786,778,797,873,798
W,949,909,814,762,817,787,777,798,873,798
W,949,908,813,761,819,786,779,795,870,798
W,948,907,813,761,819,787,777,795,872,798
W,949,905,817,758,819,786,777,797,868,799
W,949,910,813,761,820,787,778,798,872,796
W,952,909,814,762,823,785,779,797,869,799
W,950,910,815,761,819,786,779,797,871,798
W,950,908,814,761,822,787,779,795,868,796
W,949,909,814,762,821,787,778,797,868,798
W,946,900,813,760,825,783,781,798,870,797
W,952,910,814,760,819,787,778,797,868,796
W,949,910,815,760,820,787,778,796,871,799
W,952,908,813,763,823,786,778,799,869,798
W,948,906,813,762,822,786,779,797,867,797
W,951,907,814,761,822,789,778,799,870,795
W,948,910,813,761,822,787,779,796,868,797
W,948,909,815,760,822,785,779,797,867,799
W,949,907,814,760,822,787,778,797,869,798
W,951,908,815,762,820,786,777,797,870,798
W,951,907,814,761,820,787,779,797,868,797
W,948,908,813,761,821,787,778,797,867,798
W,953,909,815,758,822,787,778,796,867,799
W,948,908,815,761,821,787,778,797,868,798
W,951,907,815,761,820,787,778,796,868,797
W,949,910,815,762,821,788,778,796,869,799
W,950,910,814,761,821,786,780,797,868,798
W,953,908,816,760,821,787,778,797,869,797
W,946,908,814,762,819,786,781,794,865,801
W,948,908,814,761,820,787,779,798,868,798
W,947,908,813,762,821,785,778,796,868,797
W,943,905,813,760,820,786,779,797,867,798
W,946,908,813,762,822,786,778,796,869,798
W,954,907,814,762,819,788,780,797,869,797
W,951,910,813,762,820,786,780,798,871,798
W,949,907,814,760,818,787,779,797,869,798
W,949,907,814,760,819,785,779,797,871,799
W,952,909,814,760,820,787,779,796,869,799
W,951,909,813,759,818,786,778,795,871,798
W,950,908,814,762,821,786,779,797,869,797
W,949,907,813,762,819,787,778,797,871,797
W,949,907,812,762,818,785,779,797,870,798
W,949,909,814,760,819,786,780,796,868,797
W,951,907,815,762,818,786,779,799,878,802
W,948,906,815,761,821,787,778,799,870,799
W,949,909,812,762,820,787,779,797,867,800
W,951,912,812,761,818,785,779,797,871,798
W,951,908,813,761,821,786,779,796,871,798
W,947,908,814,762,820,786,779,797,867,797
W,952,908,814,761,821,787,779,797,868,797
W,948,908,815,760,820,787,779,797,870,799
W,950,913,812,761,819,785,779,796,871,798
W,948,907,814,761,820,786,779,798,872,798
W,951,908,814,761,820,784,779,797,877,799
W,951,911,815,760,819,787,779,798,875,799
W,948,910,814,762,819,785,779,798,881,794
W,953,911,813,761,820,787,779,796,875,798
W,952,908,814,762,817,785,778,795,877,796
W,949,908,814,763,820,787,778,797,875,798
W,951,906,813,761,818,786,778,797,879,798
W,953,915,814,763,818,785,778,797,879,798
W,950,908,813,761,819,787,780,797,880,798
W,951,906,810,762,821,786,777,797,877,798
W,950,911,814,763,819,786,779,797,879,799
W,949,908,812,762,819,786,779,795,882,798
W,949,908,814,761,818,785,779,798,879,800
W,947,907,813,761,819,785,779,797,878,799
W,948,909,813,760,820,785,778,796,876,799
W,948,909,814,764,818,785,779,796,878,799
W,949,908,814,762,818,785,777,795,882,798
W,956,906,816,761,819,786,779,797,881,799
W,950,908,813,760,818,786,780,796,881,798
W,947,907,813,762,819,786,779,796,885,799
W,947,906,812,762,820,787,780,796,884,800
W,948,907,813,760,820,786,779,796,884,800
W,952,904,813,762,819,786,779,795,886,800
W,950,905,813,762,818,786,779,798,888,799
W,952,909,814,761,818,786,780,796,889,797
W,951,910,813,762,818,786,778,798,889,802
W,948,909,814,762,819,786,779,796,885,798
W,951,907,813,761,819,786,779,796,885,797
W,948,908,813,761,817,785,778,797,889,799
W,952,907,814,762,818,786,779,797,885,798
W,949,908,813,763,819,785,777,799,891,795
W,951,907,814,762,818,786,780,796,887,795
W,949,907,812,763,817,785,777,797,884,797
W,955,905,814,761,819,786,779,796,882,799
W,949,907,814,761,818,786,778,796,883,798
W,949,906,813,760,819,787,779,796,886,799
W,947,909,814,761,820,785,780,795,884,797
W,951,907,814,762,820,785,780,795,883,798
W,946,909,815,762,819,787,778,795,884,798
W,950,907,814,760,819,785,778,795,887,797
W,950,907,813,761,819,785,780,795,886,798
W,947,907,814,762,820,787,780,795,881,799
W,954,907,813,762,818,786,780,796,884,798
W,951,909,813,761,818,787,779,796,884,797
W,953,907,816,762,820,785,779,796,882,796
W,950,907,814,760,819,786,779,795,883,799
W,950,910,815,761,819,786,780,797,881,799
W,951,907,814,763,819,787,779,796,884,797
W,951,908,813,761,819,785,781,795,885,798
W,947,908,812,760,818,787,780,795,886,797
W,948,908,813,763,819,786,778,795,885,799
W,947,905,813,761,820,787,782,796,886,798
W,950,907,814,763,825,787,778,795,884,798
W,948,906,813,761,823,787,779,796,892,795
W,948,905,812,764,823,787,779,796,884,797
W,950,910,814,760,824,788,780,795,887,798
W,946,905,813,764,824,786,778,795,881,798
W,950,904,813,763,822,786,779,798,886,796
W,951,910,813,764,825,787,777,795,883,797
W,949,907,814,761,820,785,778,798,887,797
W,951,908,812,763,823,785,780,795,881,797
W,947,910,812,762,821,785,780,796,882,797
W,946,908,812,764,822,788,779,795,887,797
W,951,907,812,763,820,787,778,797,885,796
W,951,908,813,762,823,786,780,797,884,797
W,949,907,813,763,822,787,779,795,882,796
W,949,906,813,764,821,787,779,797,885,797
W,953,907,811,763,822,785,779,796,884,798
W,948,907,813,763,822,786,778,797,886,796
W,950,905,812,763,821,786,778,796,877,799
W,948,908,812,763,823,785,780,796,885,797
W,951,908,813,763,823,787,775,795,882,799
W,948,909,813,762,823,787,778,796,884,799
W,949,908,813,764,824,787,780,797,882,798
W,949,906,813,762,825,786,780,798,885,797
W,953,905,813,764,823,785,780,796,884,797
W,948,908,811,764,822,786,779,796,883,798
W,948,906,814,762,820,785,779,796,888,797
W,950,906,812,764,820,785,780,796,881,797
W,949,907,812,762,824,785,779,798,887,797
W,950,909,814,763,823,785,780,796,887,798
W,952,908,813,766,822,786,780,796,881,797
W,949,910,812,762,822,785,779,796,886,798
W,947,907,811,765,820,785,779,795,882,797
W,949,906,812,762,823,785,780,797,883,797
W,948,908,813,764,823,786,780,795,887,797
W,950,909,813,763,824,786,778,796,887,799
W,952,908,812,763,821,786,780,796,883,797
W,949,910,813,762,823,786,779,797,884,797
W,945,909,812,764,824,787,779,797,885,797
W,948,906,812,762,825,786,780,796,886,796
W,951,910,814,763,823,785,779,796,879,798
W,947,908,813,763,821,786,779,797,882,798
W,950,907,813,763,820,786,780,798,882,796
W,949,907,812,763,822,785,779,796,885,798
W,951,905,812,764,822,786,780,796,884,796
W,940,906,813,764,825,785,780,797,881,797
W,950,909,813,764,821,786,779,796,882,797
W,948,907,813,763,822,785,780,795,883,798
W,947,908,813,762,823,786,779,798,881,797
W,938,914,813,764,822,786,779,796,880,796
W,946,908,813,762,821,786,780,797,882,798
W,951,906,813,763,822,785,779,795,880,795
W,947,909,814,764,822,785,779,796,883,798
W,952,906,812,762,820,785,779,798,882,797
W,946,909,812,763,818,785,779,795,881,797
W,951,907,813,763,818,785,779,796,884,794
W,951,908,812,764,818,785,780,798,884,797
W,950,907,813,764,819,787,779,796,879,798
W,948,909,812,765,821,787,780,798,885,797
W,949,907,813,764,817,785,779,796,881,795
W,948,906,813,763,817,786,779,796,882,795
W,951,907,812,763,817,787,780,795,879,795
W,951,906,812,762,816,786,779,795,882,795
W,952,905,813,761,817,786,778,796,883,798
W,952,906,812,764,815,787,779,796,884,796
W,948,909,814,762,816,786,779,796,881,796
W,949,907,813,763,818,786,779,797,883,796
W,948,909,813,764,818,783,780,796,879,797
W,945,908,812,761,817,787,778,797,879,796
W,948,909,813,763,818,785,780,798,880,796
W,947,909,812,763,816,785,780,796,879,796
W,950,908,814,765,820,784,780,798,879,798
W,947,906,812,762,817,785,779,796,879,796
W,950,909,812,764,819,783,780,797,880,798
W,946,906,812,763,818,786,779,797,882,793
W,948,904,812,764,816,786,780,796,880,797
W,949,906,812,763,817,786,780,795,881,796
W,946,910,814,763,816,785,779,796,880,798
W,950,907,812,764,822,787,779,796,879,798
W,948,908,813,763,822,786,779,798,877,798
W,952,906,812,764,820,785,779,797,881,796
W,946,906,812,759,820,784,780,796,880,798
W,952,909,812,763,828,786,780,797,881,797
W,947,908,813,763,824,786,777,793,878,795
W,951,903,809,765,823,785,780,794,877,798
W,949,909,812,763,823,784,779,796,883,797
W,951,906,812,765,823,787,779,797,880,795
W,948,906,812,763,826,786,780,799,882,796
W,949,908,814,762,825,785,778,796,880,797
W,950,906,812,764,825,786,779,797,881,796
W,952,908,812,763,825,785,779,798,881,796
W,948,908,813,764,826,785,779,798,880,796
W,947,909,813,765,824,786,779,798,882,797
W,952,906,811,765,827,784,779,798,882,795
W,950,907,813,764,827,785,779,796,883,799
W,948,907,812,763,827,784,779,797,880,797
W,946,906,812,765,826,786,780,797,877,796
W,949,907,813,764,826,783,782,793,879,797
W,948,907,813,763,824,783,779,797,877,796
W,946,904,812,764,823,786,779,799,881,796
W,951,908,812,764,824,786,780,798,882,797
W,947,910,810,761,822,785,780,797,879,798
W,948,907,812,763,823,786,779,799,879,797
W,948,906,813,764,824,785,779,795,877,795
W,950,905,813,764,826,786,778,799,878,796
W,951,909,810,762,823,784,780,796,878,796
W,947,906,812,764,824,785,779,796,878,797
W,949,908,812,764,825,789,778,799,881,798
W,947,906,811,763,824,785,779,797,877,797
W,950,907,812,762,824,786,779,798,879,797
W,946,905,812,763,823,785,779,797,880,797
W,949,907,812,763,826,785,779,797,876,796
W,950,908,812,764,824,785,779,799,878,797
W,949,907,813,765,825,786,779,798,879,796
W,951,907,812,763,823,786,779,797,878,795
W,952,900,812,768,823,786,777,796,879,796
W,947,906,812,763,824,785,779,798,878,796
W,949,909,813,762,825,784,779,799,876,796
W,942,906,812,763,822,785,780,797,879,796
W,945,906,812,765,823,785,779,798,876,795
W,950,906,811,763,824,785,779,799,877,796
W,948,907,813,764,825,785,778,796,876,798
W,953,905,812,763,823,783,779,799,878,797
W,945,909,813,763,820,786,780,797,877,795
W,946,910,812,763,818,783,779,797,877,797
W,946,905,813,763,819,785,780,796,878,797
W,950,905,813,763,819,785,779,800,874,798
W,950,907,813,764,819,785,780,798,878,798
W,945,906,814,763,814,784,779,798,874,796
W,951,906,814,762,818,784,779,798,879,797
W,948,907,812,764,819,786,779,797,877,796
W,954,908,810,765,819,785,780,799,873,796
W,949,907,812,763,819,785,779,798,878,794
W,949,908,813,763,818,784,779,798,875,797
W,946,908,812,763,818,786,778,797,878,797
W,948,906,813,762,818,786,780,795,879,796
W,947,908,813,762,820,785,779,797,879,796
W,949,909,813,764,817,785,780,799,876,796
W,949,907,812,764,816,784,779,797,874,797
W,949,907,813,763,819,785,781,796,878,796
W,949,909,814,762,819,785,780,798,878,794
W,953,905,811,761,818,784,780,797,877,797
W,945,908,813,764,817,786,778,798,874,794
W,945,905,813,764,817,784,779,797,874,796
W,949,907,813,763,818,785,779,798,878,797
W,948,907,814,762,814,783,779,797,876,798
W,949,904,813,763,819,785,779,798,874,796
W,948,906,811,764,817,785,779,797,875,795
W,950,905,813,764,818,786,779,797,881,798
W,946,908,813,761,819,784,779,795,876,795
W,950,906,813,763,818,783,779,797,877,795
W,947,908,812,762,818,785,778,798,874,797
W,947,908,813,762,819,783,779,796,875,797
W,945,907,814,764,816,785,780,796,876,794
W,949,906,813,764,819,784,779,796,878,796
W,951,908,812,761,819,784,778,797,876,795
W,946,908,812,764,818,785,779,797,876,797
W,949,907,813,763,816,786,780,795,874,795
W,953,912,811,765,818,786,779,797,875,797
W,947,907,814,763,818,785,780,796,875,797
W,952,908,813,764,819,784,779,798,873,798
W,946,908,812,764,820,783,779,798,875,797
W,952,909,811,764,822,785,779,799,877,795
W,948,906,812,764,822,785,780,798,873,796
W,945,908,813,763,819,784,780,798,876,795
W,951,904,812,763,820,786,780,798,875,795
W,947,904,814,765,819,785,783,799,876,796
W,952,905,813,763,820,786,779,796,875,795
W,948,908,811,763,822,782,779,799,876,796
W,947,905,813,762,819,784,779,798,875,795
W,946,908,812,763,817,785,780,798,875,796
W,949,908,813,763,819,783,780,797,875,796
W,947,904,813,764,819,785,780,796,876,797
W,946,904,812,763,818,786,779,796,874,796
W,947,905,814,763,818,784,780,798,877,797
W,949,908,813,762,820,785,779,797,873,797
W,947,900,813,762,818,785,779,798,872,798
W,951,906,812,764,818,786,780,797,876,796
W,950,907,812,762,818,785,779,799,876,796
W,951,908,813,762,820,785,780,797,875,798
W,948,906,812,763,818,785,779,797,877,796
W,950,907,813,763,819,784,779,798,873,795
W,951,906,813,761,817,784,779,796,876,799
W,948,907,813,763,819,785,779,796,874,798
W,948,908,813,763,817,784,778,797,872,798
W,945,908,812,764,819,785,780,798,875,799
W,948,908,813,762,821,785,779,795,878,798
W,949,904,812,763,817,785,778,798,876,797
W,944,907,812,763,818,785,780,794,877,799
W,947,907,812,762,819,786,780,799,873,795
W,951,904,811,763,819,784,779,797,874,798
W,946,906,811,762,819,783,778,797,872,797
W,948,904,810,767,813,786,780,796,872,796
W,951,905,812,763,819,786,778,799,876,796
W,947,908,812,761,820,784,779,794,869,797
W,949,908,812,761,819,784,780,797,873,797
W,940,901,813,762,818,784,779,795,876,798
W,951,906,813,763,818,784,780,798,873,795
W,950,906,812,764,820,784,780,796,871,798
W,949,906,812,763,816,784,780,799,873,796
W,952,904,813,764,819,785,780,798,871,796
W,949,906,811,765,814,785,779,795,875,796
W,952,909,813,762,819,784,780,798,873,796
W,950,905,811,764,817,782,779,796,870,796
W,953,905,813,763,816,785,780,799,874,799
W,947,907,813,763,819,786,781,797,873,799
W,943,906,813,764,816,785,779,799,872,798
W,948,906,814,766,816,784,779,799,872,796
W,951,905,812,762,818,785,780,797,869,796
W,944,905,812,761,817,785,780,796,870,797
W,945,906,813,763,818,785,780,799,873,798
W,946,907,812,764,816,784,778,796,875,799
W,949,909,814,762,817,785,778,798,874,796
W,941,909,811,766,817,785,780,797,872,798
W,949,905,813,764,816,786,780,796,872,796
W,947,904,813,762,816,785,779,798,870,798
W,946,906,812,762,816,784,780,797,873,796
W,949,906,813,764,819,784,779,800,877,799
W,947,908,811,761,817,785,780,796,872,798
W,950,905,813,761,818,786,780,797,872,798
W,950,907,813,761,818,786,780,796,873,798
W,947,906,812,763,817,786,779,800,871,797
W,947,907,812,761,818,785,780,798,870,795
W,947,904,813,764,818,784,778,797,874,796
W,948,907,812,763,818,784,779,799,874,797
W,946,907,812,762,816,785,780,798,873,797
W,948,907,813,761,818,784,780,795,870,799
W,943,909,812,763,816,783,779,797,869,797
W,947,906,812,763,819,786,780,798,873,802
W,952,908,811,764,817,785,780,797,870,798
W,946,908,813,759,820,785,779,797,870,797
W,945,907,813,762,817,785,781,799,871,797
W,948,907,812,760,816,785,779,793,874,798
W,946,909,814,763,816,784,779,798,872,798
W,943,906,811,763,817,785,779,796,869,799
W,950,908,814,762,818,785,779,796,871,797
W,946,908,813,762,816,784,779,797,869,798
W,946,906,812,761,818,784,780,798,870,797
W,946,907,813,761,817,784,780,797,873,798
W,949,907,812,763,817,784,780,799,869,797
W,949,906,812,762,819,784,779,800,871,796
W,946,907,812,763,817,784,780,796,871,794
W,949,906,812,762,818,784,780,798,867,793
W,950,906,813,762,817,783,780,799,870,796
W,949,908,812,763,821,787,778,797,868,796
W,949,908,813,762,819,782,780,796,869,796
W,948,907,814,767,818,787,780,798,869,798
W,949,908,813,763,817,785,779,797,870,797
W,951,905,814,762,818,784,780,796,873,797
W,945,905,811,764,819,784,780,797,872,796
W,950,906,812,763,818,785,780,797,871,797
W,948,907,813,761,817,784,780,798,869,796
W,951,905,812,764,817,785,780,798,871,797
W,946,906,814,761,818,785,779,799,874,797
W,946,905,813,762,817,785,780,798,868,797
W,945,907,812,762,816,783,780,797,871,796
W,950,906,812,764,818,785,779,797,871,797
W,949,906,813,764,818,785,780,796,870,796
W,944,907,813,763,816,785,781,796,867,798
W,950,904,812,763,817,784,779,796,870,795
W,945,904,813,763,817,784,780,799,873,799
W,946,909,812,762,817,783,778,801,874,797
W,947,906,814,763,817,785,780,798,873,797
W,951,908,815,764,816,784,780,796,870,796
W,947,906,813,763,818,784,779,796,870,796
W,946,905,814,761,820,786,780,796,873,797
W,949,907,814,762,817,784,779,798,869,796
W,947,907,812,762,818,785,780,799,873,797
W,946,906,813,762,817,785,779,798,873,798
W,947,908,812,761,820,786,780,797,868,794
W,948,905,814,763,819,785,780,798,872,796
W,952,909,812,763,819,785,779,797,870,798
W,946,907,813,762,821,786,780,798,871,795
W,949,904,813,763,821,785,779,798,875,798
W,951,907,813,763,819,784,779,798,869,798
W,941,911,813,764,819,783,781,797,872,797
W,949,906,813,764,820,785,780,798,872,794
W,948,905,812,761,820,785,780,796,871,796
W,949,906,812,763,819,785,780,797,872,797
W,950,907,814,762,818,786,778,798,869,796
W,947,908,813,763,818,785,781,795,874,797
W,947,909,814,762,817,785,780,797,869,797
W,946,905,813,760,819,785,779,797,871,796
W,949,907,813,762,817,785,779,797,870,796
W,950,907,811,762,817,784,779,797,870,797
W,945,907,814,761,819,786,781,798,867,798
W,944,906,814,763,817,784,780,797,870,798
W,945,906,813,764,820,783,780,796,869,794
W,949,907,812,761,818,785,780,797,873,799
W,947,906,813,762,818,785,779,797,873,794
W,949,908,813,762,819,784,780,798,872,796
W,947,907,813,761,819,785,779,794,869,796
W,949,908,813,762,817,784,779,792,867,797
W,947,908,814,764,819,785,779,798,870,798
W,948,905,814,762,817,785,780,799,871,796
W,946,906,814,762,817,785,781,796,875,797
W,940,910,812,763,817,784,781,798,872,796
W,946,907,813,761,818,786,780,799,874,797
W,947,905,812,763,817,786,780,797,869,796
W,950,906,813,764,814,784,780,798,870,797
W,946,904,812,763,818,783,780,798,873,798
W,944,907,812,761,817,784,780,797,870,797
W,948,908,812,761,819,784,780,797,871,795
W,943,908,812,762,818,785,779,797,869,796
W,946,907,812,763,819,785,780,796,870,795
W,950,905,813,763,817,781,778,797,870,796
W,946,906,812,762,817,785,779,796,869,796
W,946,907,812,765,818,786,779,796,869,795
W,946,904,813,761,818,785,781,794,876,800
W,943,907,814,762,820,783,781,796,870,797
W,949,907,813,762,817,785,779,798,872,797
W,944,906,814,763,819,787,780,796,873,795
W,946,906,813,762,816,785,779,795,874,795
W,953,906,813,764,818,785,780,798,872,797
W,947,907,814,762,818,784,780,798,871,796
W,944,905,810,762,819,784,780,797,874,797
W,953,907,813,762,817,784,780,796,869,797
W,951,906,813,761,818,785,779,799,870,795
W,950,904,813,764,819,783,779,798,870,798
W,950,906,812,763,819,784,779,796,868,796
W,944,908,813,761,818,786,779,799,870,796
W,948,904,815,765,822,787,779,796,869,798
W,945,906,813,762,817,784,780,798,870,795
W,950,908,812,763,818,786,779,796,875,800
W,949,906,813,761,818,785,780,798,877,795
W,948,905,813,763,818,784,780,797,871,796
W,946,905,812,763,818,784,780,798,872,797
W,943,902,812,763,817,783,781,796,874,797
W,943,906,814,763,818,783,780,797,868,795
W,947,908,813,763,819,784,781,796,873,795
W,946,904,813,762,818,784,780,798,870,795
W,945,907,812,762,818,785,781,798,869,795
W,948,904,816,765,818,782,780,797,872,796
W,947,907,812,761,817,784,780,797,871,797
W,948,908,813,762,819,785,781,797,873,797
W,946,907,813,762,818,784,781,797,870,797
W,945,908,813,763,818,785,779,796,870,798
W,944,905,813,763,819,785,779,796,870,796
W,947,906,813,763,817,785,779,798,872,795
W,946,906,812,764,817,783,781,798,872,796
W,949,907,814,762,819,785,781,798,873,795
W,949,906,811,760,819,784,782,798,870,796
W,949,904,812,762,818,785,780,799,872,796
W,948,906,813,763,819,785,779,796,869,796
W,946,907,814,762,817,784,780,795,873,795
W,943,905,814,761,817,784,780,798,871,797
W,943,908,812,763,818,786,779,795,870,796
W,946,904,812,763,819,785,780,797,870,797
W,945,909,812,763,818,785,780,797,874,795
W,947,906,812,761,819,785,780,799,867,797
W,945,906,811,765,821,785,781,797,869,797
W,950,906,814,762,819,785,780,797,868,797
W,950,909,814,761,817,785,779,797,875,795
W,948,906,811,762,817,785,780,798,872,796
W,948,905,812,763,820,785,781,795,871,795
W,946,906,812,762,817,784,780,796,868,795
W,948,907,813,762,817,787,782,798,872,794
W,948,906,813,762,817,785,779,798,871,795
W,943,907,814,763,819,784,780,798,873,796
W,943,906,813,763,818,784,781,798,869,796
W,946,908,813,761,818,785,780,798,868,797
W,949,908,813,762,818,785,781,799,868,795
W,943,911,811,761,819,784,779,798,872,796
W,946,909,812,762,817,785,780,795,873,797
W,946,906,813,763,818,783,780,798,875,799
W,944,907,813,761,820,785,781,796,871,797
W,947,906,813,763,818,786,779,799,873,794
W,950,910,813,763,816,785,780,797,871,796
W,945,907,812,763,819,785,781,794,872,795
W,945,906,813,764,821,784,780,797,870,795
W,951,908,812,763,819,785,780,798,872,795
W,950,909,813,761,818,785,779,800,870,796
W,947,906,813,761,818,784,779,796,871,795
W,950,908,813,762,819,786,781,797,869,795
W,947,905,813,763,820,786,780,798,872,797
W,949,905,812,759,822,785,782,797,872,797
W,946,905,811,762,821,786,781,798,867,795
W,946,906,812,763,819,785,781,796,870,797
W,949,908,811,761,819,785,780,798,871,799
W,947,907,812,762,821,783,780,796,867,795
W,948,908,812,762,822,785,781,796,863,795
W,948,908,812,763,820,785,781,798,871,797
W,947,907,812,762,821,783,780,796,872,797
W,948,906,814,763,819,784,781,798,871,796
W,951,907,813,761,820,785,779,799,870,793
W,952,907,813,762,820,783,780,796,869,795
W,947,904,813,762,822,784,780,796,870,795
W,946,911,812,763,819,785,781,797,871,797
W,948,906,814,763,820,784,781,798,870,795
W,950,905,812,761,817,786,778,797,868,796
W,950,908,812,762,823,787,782,802,876,797
W,949,907,813,763,822,785,780,794,872,795
W,946,908,812,762,822,783,780,796,872,796
W,951,909,812,763,820,783,780,797,869,795
W,947,906,812,761,819,784,780,796,871,795
W,947,907,812,763,822,784,781,798,866,797
W,947,906,812,764,818,786,781,794,871,794
W,945,908,813,761,820,783,780,798,868,796
W,949,906,813,760,819,786,780,797,868,797
W,948,909,811,761,817,786,782,796,870,796
W,950,909,814,763,817,784,780,797,871,796
W,951,908,813,762,820,783,781,798,869,796
W,946,905,813,761,821,785,780,796,872,794
W,948,908,813,762,818,785,781,798,867,798
W,947,906,813,762,819,784,781,799,868,795
W,946,906,811,763,820,784,780,798,866,796
W,948,908,811,761,820,784,780,795,870,794
W,948,908,812,762,820,784,781,796,871,797
W,949,905,812,763,820,786,782,798,872,798
W,950,906,813,761,820,785,780,797,870,794
W,951,905,812,763,820,786,781,799,867,798
W,942,904,810,760,826,785,780,796,867,793
W,948,905,812,762,820,785,781,797,868,796
W,949,907,812,762,820,784,781,796,867,797
W,946,909,813,762,818,786,778,798,872,795
W,946,907,813,761,819,785,781,799,867,796
W,949,906,813,761,820,784,780,796,871,797
W,949,906,811,763,820,784,780,796,869,797
W,948,905,814,762,819,785,780,798,869,798
W,950,906,813,762,818,784,781,798,870,796
W,948,908,813,762,819,784,781,798,870,795
W,950,906,813,763,818,785,781,796,867,796
W,952,904,812,763,817,785,780,797,871,796
W,949,906,812,763,820,786,782,796,869,796
W,946,909,814,764,819,785,780,797,871,797
W,947,907,813,762,821,785,781,797,869,796
W,950,906,814,763,820,785,780,798,872,796
W,948,904,813,763,822,785,780,799,871,794
W,948,906,813,762,819,784,780,795,871,798
W,945,903,814,763,820,785,781,797,868,796
W,946,904,812,762,818,784,781,797,870,794
W,944,906,813,763,820,785,781,799,868,797
W,940,911,810,761,818,787,780,798,867,797
W,947,909,812,760,820,786,780,797,870,797
W,943,905,812,763,822,784,780,796,870,796
W,944,906,813,763,821,785,780,798,872,795
W,949,907,814,761,822,787,782,802,870,797
W,948,907,813,762,820,785,780,798,867,797
W,948,906,814,762,819,785,779,799,872,797
W,947,907,813,763,820,785,780,797,869,798
W,947,905,814,761,820,786,780,796,869,795
W,950,906,813,763,820,785,780,797,866,795
W,951,910,812,762,822,785,781,796,870,795
W,945,907,814,762,823,785,781,798,869,797
W,946,906,813,763,825,787,781,799,863,797
W,946,907,813,762,822,786,780,799,867,797
W,945,905,813,760,823,785,780,796,871,795
W,949,907,812,762,822,784,780,797,869,796
W,948,907,813,762,823,785,780,797,869,797
W,948,908,812,762,823,783,781,799,869,797
W,943,907,813,761,822,782,781,798,868,796
W,949,908,812,762,823,784,781,799,870,796
W,950,907,812,762,823,786,782,796,870,796
W,949,907,813,762,823,784,781,799,870,795
W,949,906,813,762,824,784,781,798,868,795
W,945,907,813,762,824,785,780,796,868,794
W,946,905,812,762,824,786,780,795,874,796
W,948,908,812,763,825,785,781,798,868,795
W,942,908,812,763,825,784,781,797,868,797
W,944,904,813,761,824,785,780,798,867,796
W,950,907,812,761,825,782,781,797,869,795
W,949,906,812,762,823,785,781,798,868,797
W,943,908,813,762,824,785,781,796,870,798
W,948,906,813,759,826,787,782,800,875,796
W,949,907,813,762,823,784,780,796,871,795
W,950,906,812,762,823,785,780,799,869,797
W,945,904,813,761,823,784,781,796,865,796
W,946,904,814,763,822,785,780,799,868,797
W,949,906,813,762,822,784,781,796,864,797
W,946,909,813,761,822,786,779,798,869,795
W,946,907,812,761,823,785,780,798,866,795
W,950,910,812,762,827,786,781,796,868,798
W,945,905,812,763,825,786,781,797,867,795
W,945,908,813,761,822,785,780,799,868,796
W,947,906,814,762,822,784,780,798,866,796
W,949,905,812,761,822,785,781,799,867,796
W,948,907,812,762,821,784,779,797,869,796
W,948,906,813,763,819,784,780,796,868,796
W,949,908,813,762,819,785,780,798,868,797
W,948,907,812,761,820,784,781,799,866,797
W,950,905,812,761,819,785,780,797,866,797
W,946,906,813,763,823,786,781,797,869,795
W,949,907,813,762,825,785,781,795,864,798
W,953,907,812,761,823,786,780,797,864,797
W,946,907,811,761,822,786,781,798,865,796
W,944,907,813,763,822,786,780,797,866,797
W,945,907,812,761,821,786,780,798,865,798
W,946,906,813,763,819,786,780,798,863,797
W,947,906,812,763,821,785,780,795,867,796
W,947,906,811,762,822,784,781,798,865,797
W,946,905,813,763,820,784,781,796,864,798
W,950,906,812,764,821,784,780,799,868,797
W,948,906,811,763,822,784,782,796,869,800
W,949,906,813,763,821,785,780,797,866,796
W,949,906,813,761,823,784,781,796,865,798
W,946,909,812,762,821,785,780,797,867,798
W,946,903,814,765,821,785,780,797,866,796
W,949,907,811,763,823,784,779,798,865,798
W,946,899,813,764,821,787,780,799,862,796
W,946,907,814,762,822,786,782,798,867,796
W,945,906,813,761,823,786,781,797,867,797
W,950,906,813,763,820,786,779,798,868,797
W,946,908,813,762,822,784,780,800,866,797
W,945,906,813,761,821,786,780,799,863,796
W,947,907,814,763,822,784,780,796,864,797
W,945,903,814,763,821,783,780,797,865,796
W,946,908,813,762,821,785,779,799,869,798
W,944,907,813,763,820,785,781,796,867,797
W,948,906,813,762,821,785,781,798,862,796
W,944,908,814,763,821,785,781,796,865,797
