T,942,893,887,827,913,827,792,866,890,828
T,934,891,895,823,909,826,794,864,890,827
T,936,885,898,825,911,827,797,866,892,829
T,959,887,899,824,909,828,799,866,891,828
T,958,886,899,823,913,826,800,865,894,826
T,936,883,900,822,914,827,800,865,893,828
T,943,886,900,822,915,827,802,865,893,826
T,934,886,899,821,914,827,805,865,896,829
T,927,896,897,823,905,827,802,864,893,828
T,933,895,895,822,901,826,804,866,894,829
T,934,896,895,821,901,829,806,866,895,828
T,933,894,894,822,901,829,808,866,894,829
T,930,880,889,821,906,830,808,865,894,830
T,930,887,891,821,901,828,808,864,897,830
T,932,882,892,821,899,829,809,864,895,829
T,926,888,891,824,903,831,810,865,893,829
T,935,890,890,822,901,830,808,864,896,830
T,934,888,889,822,899,829,809,862,891,829
T,933,889,890,821,901,829,809,863,896,829
T,929,886,888,823,901,829,807,864,895,827
T,933,886,889,821,900,829,808,863,894,830
T,932,883,888,822,899,830,806,863,894,829
T,935,883,889,824,898,829,806,863,893,827
T,938,884,889,823,900,829,807,865,896,829
T,933,882,888,822,899,829,805,864,891,828
T,939,885,889,821,898,829,806,863,892,829
T,946,885,889,821,899,829,805,863,891,830
T,942,880,886,822,894,828,806,864,895,828
T,948,882,888,822,896,828,805,863,892,830
T,945,881,886,822,897,827,805,863,893,829
T,953,884,888,823,895,829,803,862,890,829
T,945,880,888,821,894,826,803,863,893,829
T,946,882,888,820,895,827,802,864,892,827
T,951,878,887,824,892,827,802,862,889,830
T,951,882,886,821,895,827,803,863,891,828
T,948,881,888,821,896,826,803,861,891,830
T,953,880,886,821,895,828,802,863,888,829
T,951,885,885,821,897,825,802,863,891,825
T,948,875,886,821,898,826,801,863,890,830
T,953,880,887,822,896,826,799,862,890,828
T,956,881,885,821,895,827,800,863,889,827
T,952,875,886,822,896,827,801,863,888,828
T,947,883,886,821,899,828,800,862,890,830
T,956,878,883,822,895,826,799,861,890,828
T,953,883,886,822,895,829,800,861,891,826
T,954,880,883,820,893,827,802,862,886,829
T,951,884,885,820,892,825,801,863,887,827
T,954,878,884,822,894,826,800,862,889,828
T,958,879,885,823,892,827,800,861,891,828
T,956,884,884,822,896,825,799,862,889,826
T,959,885,883,822,892,825,799,862,890,826
T,958,881,882,820,893,826,799,862,888,829
T,957,879,882,821,894,826,799,862,887,827
T,957,879,884,822,895,827,797,861,886,829
T,959,881,883,820,893,825,797,860,888,827
T,960,881,884,820,895,826,799,861,886,828
T,952,882,881,820,896,825,800,860,887,830
T,956,878,883,822,894,825,800,862,889,828
T,962,883,882,821,897,824,801,859,890,830
T,964,879,884,823,897,826,798,861,890,829
T,968,885,882,820,895,826,800,863,889,827
T,958,881,883,820,896,825,800,861,887,828
T,945,884,881,822,896,826,799,861,890,828
T,942,884,883,820,897,825,797,860,889,827
T,943,879,884,821,897,825,800,862,890,829
T,949,887,883,822,897,826,797,859,887,827
T,944,882,882,822,898,825,798,860,889,828
T,950,883,882,822,897,824,799,862,887,827
T,949,883,881,821,900,824,800,861,884,828
T,951,879,883,820,902,824,800,860,886,830
T,947,882,883,821,904,825,799,859,885,831
T,946,880,883,820,903,824,800,858,887,828
T,926,879,882,820,899,826,799,860,887,829
T,932,884,881,821,898,824,799,860,888,827
T,937,877,883,819,897,824,799,862,887,829
T,927,882,883,821,898,826,798,858,888,827
T,936,880,882,822,899,824,797,861,883,826
T,932,881,882,820,896,826,798,862,889,829
T,925,877,882,823,898,824,798,859,887,828
T,930,876,881,820,899,825,797,861,888,828
T,931,882,882,822,898,826,799,860,887,828
T,932,878,883,820,895,824,799,861,887,829
T,929,879,882,821,898,824,797,860,886,826
T,931,879,884,819,895,824,799,860,887,829
T,934,878,882,821,895,826,796,861,889,827
T,938,877,882,820,898,826,798,861,886,827
T,938,882,881,821,897,827,799,862,888,827
T,935,882,881,821,895,826,799,861,888,828
T,928,879,882,821,895,826,797,860,886,829
T,931,883,884,819,898,825,800,860,889,829
T,929,880,883,820,898,825,797,860,885,826
T,927,880,883,821,900,825,797,862,887,829
T,930,881,882,820,900,825,801,858,893,829
T,928,878,881,820,898,825,799,859,886,827
T,929,880,881,820,898,825,799,861,885,829
T,934,881,882,820,899,824,799,860,888,830
T,930,881,882,821,898,825,796,862,887,826
T,924,881,883,821,897,824,799,860,888,826
T,927,881,881,821,898,826,800,862,886,828
T,929,882,883,821,898,825,797,861,887,828
T,928,879,882,820,900,825,799,861,888,828
T,927,880,881,821,899,824,800,861,886,829
T,931,877,881,819,901,826,798,860,885,828
T,927,880,881,821,900,825,799,860,885,826
T,929,881,882,821,900,825,797,859,884,828
T,927,885,881,821,898,825,799,860,889,828
T,929,883,883,821,899,825,797,860,886,828
T,931,885,882,820,900,824,800,861,885,827
T,926,876,883,819,901,826,800,859,886,827
T,931,881,881,820,896,826,800,860,887,827
T,926,882,881,821,897,825,800,858,887,828
T,925,882,883,821,896,825,799,859,886,826
T,928,880,882,821,896,826,798,859,884,825
T,934,881,881,821,895,826,799,859,889,825
T,940,881,882,820,897,826,797,860,888,827
T,937,876,883,821,895,824,798,859,889,825
T,947,881,883,822,895,826,799,859,885,825
T,950,882,882,820,896,826,797,861,886,825
T,940,878,882,820,895,825,798,860,887,826
T,944,882,882,820,896,825,799,860,886,826
T,934,883,882,819,895,824,799,859,886,824
T,939,880,882,820,897,825,799,860,887,827
T,942,880,881,821,894,826,798,860,887,827
T,942,878,881,820,896,826,797,860,888,824
T,927,880,880,821,894,827,798,861,891,828
T,931,881,883,819,894,825,799,859,887,827
T,927,886,884,824,895,825,799,861,885,824
T,929,879,882,821,895,825,799,859,885,827
T,928,881,882,819,895,825,798,858,887,826
T,930,878,882,822,896,825,798,860,887,827
T,924,884,882,825,894,826,797,857,889,827
T,928,881,882,820,895,824,799,862,886,825
T,931,880,880,818,893,826,799,861,886,826
T,927,881,883,818,894,825,798,857,885,824
T,931,880,882,820,896,825,800,860,886,826
T,926,880,881,819,895,826,799,858,888,826
T,924,879,881,819,896,825,798,860,885,828
T,925,880,882,820,895,823,799,861,885,826
T,930,881,882,821,895,824,796,858,885,824
T,924,881,882,818,895,824,796,858,885,825
T,923,880,884,824,897,823,799,858,886,823
T,930,881,882,821,895,825,799,861,886,825
T,931,881,882,820,895,826,799,858,889,827
T,941,882,882,821,894,826,796,858,884,829
T,930,881,882,820,894,825,798,861,888,828
T,928,880,882,818,895,825,797,861,886,829
T,927,882,882,820,897,826,797,859,888,831
T,931,882,883,822,898,825,798,858,884,831
T,931,884,882,820,900,826,796,859,885,829
T,932,882,883,820,895,825,796,861,884,831
T,931,881,883,821,892,825,797,861,884,828
T,930,884,881,821,893,826,798,860,888,828
T,925,881,881,821,892,827,797,861,886,829
T,932,881,882,818,892,826,799,861,883,828
T,929,883,882,821,895,826,797,858,888,829
T,935,885,880,819,892,825,798,858,885,828
T,936,881,882,821,895,825,798,858,887,829
T,938,880,883,818,896,826,797,859,887,830
T,940,881,882,821,896,827,796,861,888,826
T,938,885,882,819,894,826,798,862,881,824
T,935,880,882,820,896,825,796,860,886,824
T,940,883,883,820,892,826,797,859,886,826
T,935,882,881,821,896,825,796,857,885,826
T,937,881,881,820,895,825,797,859,885,825
T,939,884,881,820,892,826,797,861,886,825
T,940,884,880,819,892,826,796,860,886,825
T,939,883,881,820,896,825,797,860,884,824
T,928,884,882,818,895,825,793,864,886,825
T,931,886,883,819,896,823,794,858,887,822
T,932,881,882,819,899,825,796,859,888,824
T,921,883,881,821,896,827,797,861,886,825
T,930,881,883,821,895,826,796,858,885,822
T,932,882,882,819,895,826,797,864,889,825
T,930,885,882,819,893,826,797,860,885,824
T,928,884,882,820,892,825,797,859,884,823
T,926,885,881,821,896,826,796,860,886,825
T,928,882,883,821,896,826,797,861,885,823
T,930,882,881,821,895,826,796,859,887,824
T,926,885,882,820,894,826,796,857,887,824
T,931,884,881,822,898,827,796,858,886,823
T,928,881,882,820,896,827,797,861,886,824
T,929,886,881,821,894,826,796,858,885,825
T,930,883,882,820,893,826,797,860,886,825
T,930,886,883,821,894,826,796,860,888,824
T,929,889,881,820,893,825,795,859,886,825
T,933,881,882,820,893,826,796,861,887,823
T,932,884,882,819,898,827,795,860,885,824
T,927,882,881,819,897,827,796,859,888,823
T,926,884,882,821,899,827,798,859,888,824
T,928,884,882,820,898,826,796,861,886,824
T,931,880,879,818,900,824,796,858,886,824
T,928,885,882,821,897,825,795,858,884,825
T,928,883,879,819,898,826,796,859,887,822
T,931,883,881,820,897,827,795,859,886,824
T,931,882,882,820,896,826,798,861,888,823
T,930,884,880,821,899,825,796,860,886,825
T,929,889,881,819,892,821,797,858,885,824
T,922,888,882,825,895,827,794,860,887,825
T,926,884,881,819,896,825,794,858,885,823
T,928,879,880,820,896,825,793,859,888,823
T,924,883,881,819,897,825,797,860,883,822
T,926,884,881,820,894,828,794,863,889,820
T,926,885,881,818,894,825,795,859,887,825
T,927,885,881,820,894,826,795,857,884,821
T,926,884,882,818,896,827,795,861,883,823
T,936,883,882,821,897,827,797,860,887,822
T,927,886,881,820,896,827,796,861,887,822
T,928,885,882,819,894,827,796,860,886,823
T,930,883,881,820,896,825,796,858,885,824
T,925,887,882,821,894,825,797,860,887,823
T,926,885,880,821,898,826,797,861,887,823
T,931,886,881,820,896,828,797,859,886,822
T,926,887,882,821,898,826,796,859,884,822
T,929,883,881,820,897,827,795,860,885,822
T,925,884,880,823,898,826,797,856,886,824
T,927,886,882,818,896,826,797,858,886,824
T,929,885,881,821,895,827,797,859,885,823
T,927,884,881,819,897,827,797,860,886,825
T,928,885,882,819,899,826,797,858,887,823
T,927,884,880,821,899,828,796,857,889,825
T,929,882,882,818,893,826,795,862,888,826
T,931,886,880,818,897,825,795,859,886,826
T,926,884,882,821,895,827,797,858,885,824
T,936,880,880,819,897,825,796,859,886,825
T,930,883,881,819,895,827,795,857,887,826
T,923,884,882,820,895,825,797,861,886,826
T,953,882,881,819,894,826,797,860,887,825
T,953,888,881,820,892,826,797,860,884,826
T,952,883,882,819,893,826,797,861,887,824
T,953,882,881,820,895,826,798,856,886,826
T,948,887,882,820,893,826,797,858,888,824
T,947,883,879,821,894,825,797,861,884,826
T,955,883,880,819,893,826,798,861,888,825
T,949,883,880,819,896,827,796,860,885,824
T,951,886,881,820,894,826,797,857,889,822
T,947,883,881,820,893,826,796,857,884,824
T,947,886,882,820,895,826,797,859,885,823
T,944,884,881,820,896,826,798,860,886,824
T,944,882,881,820,893,825,797,859,884,824
T,943,887,882,817,893,825,798,857,887,824
T,947,882,881,818,894,824,796,856,884,824
T,945,885,881,818,892,825,796,859,886,825
T,947,882,881,821,894,824,797,860,885,825
T,945,884,880,819,893,823,796,858,887,827
T,943,886,880,821,892,824,798,861,885,825
T,941,885,880,820,895,823,797,859,886,825
T,947,885,880,817,890,825,796,861,884,826
T,945,883,882,820,894,827,797,857,883,825
T,948,884,881,818,890,828,799,858,884,825
T,948,883,881,820,893,826,796,860,888,825
T,944,886,882,820,893,824,798,861,887,825
T,947,885,880,820,891,825,799,857,884,824
T,946,883,881,819,890,825,797,858,885,825
T,950,884,882,818,895,825,796,859,888,825
T,949,887,880,820,891,825,797,859,885,825
T,949,885,882,821,892,826,795,859,886,824
T,954,887,883,820,892,825,798,859,887,825
T,955,886,879,823,893,830,796,859,884,826
T,953,884,882,819,891,826,797,859,886,826
T,950,884,882,819,893,825,797,858,885,826
T,954,884,883,819,892,825,798,857,884,825
T,950,887,883,820,890,825,797,858,886,826
T,953,886,881,819,891,825,795,862,885,826
T,951,886,881,820,892,826,799,856,887,828
T,952,887,882,820,892,826,798,858,886,823
T,951,883,879,820,893,826,797,857,885,824
T,954,884,882,822,894,825,796,858,884,824
T,954,884,882,818,895,825,798,859,885,824
T,952,887,881,817,891,825,795,857,884,823
T,949,885,882,821,893,825,799,858,885,823
T,952,886,881,818,891,826,797,860,888,823
T,952,885,882,820,893,824,796,858,887,824
T,951,884,881,820,893,826,796,860,887,823
T,952,886,882,821,892,826,795,860,887,823
T,952,885,882,818,893,826,797,859,884,822
T,948,889,881,821,892,826,796,857,888,822
T,955,888,881,819,892,826,797,859,885,825
T,950,883,882,821,892,825,797,858,888,824
T,951,888,881,820,892,825,796,857,885,823
T,956,888,881,821,892,826,798,859,884,823
T,960,886,882,818,895,826,798,860,887,825
T,952,888,882,821,893,825,797,857,885,822
T,954,883,880,816,893,824,798,859,887,824
T,952,886,880,819,892,825,799,858,883,824
T,950,888,881,820,892,826,798,860,886,824
T,950,887,880,820,894,825,796,857,884,822
T,953,885,882,820,893,824,796,860,886,823
T,960,886,881,818,893,826,798,858,885,825
T,945,885,881,818,893,826,798,858,888,823
T,934,884,883,821,891,825,799,856,883,826
T,931,890,881,818,894,824,799,858,887,825
T,935,890,881,820,893,825,800,858,884,823
T,931,886,883,820,891,825,800,857,888,822
T,929,885,882,818,894,826,799,858,886,823
T,931,886,882,821,896,827,800,855,886,825
T,928,892,881,819,894,826,800,860,887,821
T,934,883,881,819,893,825,798,860,884,824
T,933,886,882,818,893,826,799,859,886,823
T,937,887,882,821,893,825,798,858,883,823
T,931,882,883,820,894,826,799,859,886,822
T,932,885,881,817,894,825,799,857,886,824
T,932,884,883,818,893,825,798,859,885,826
T,932,883,881,817,893,825,798,858,883,824
T,935,886,881,820,893,826,799,856,887,824
T,934,885,882,820,893,826,798,857,887,823
T,935,883,881,821,892,825,798,857,887,822
T,939,888,881,818,891,824,798,857,883,823
T,934,885,882,821,893,826,800,859,885,825
T,933,887,882,821,891,826,799,857,888,824
T,940,885,882,820,893,826,799,856,885,822
T,937,885,880,818,892,826,801,857,887,826
T,939,884,883,819,892,823,800,859,885,824
T,938,888,880,819,894,825,800,858,887,823
T,935,885,883,819,894,825,799,860,886,826
T,935,883,881,818,893,827,799,858,885,821
T,939,881,882,818,895,825,800,857,885,823
T,936,886,883,821,893,824,799,859,885,824
T,937,886,881,819,893,825,800,857,886,825
T,937,883,880,819,893,824,800,859,884,825
T,937,887,882,821,892,826,799,857,887,822
T,939,889,882,821,893,827,799,860,885,823
T,938,883,881,819,893,825,800,857,885,824
T,933,884,881,818,890,827,798,857,888,821
T,935,885,883,818,893,825,800,857,886,823
T,937,883,881,819,894,826,801,859,887,824
T,939,884,883,819,893,827,800,859,887,824
T,938,887,881,820,895,825,799,860,885,822
T,943,887,881,817,895,825,801,860,887,825
T,941,886,883,818,892,826,800,857,885,825
T,943,887,882,819,894,825,804,857,885,823
T,940,888,883,819,892,825,802,859,885,823
T,944,885,881,820,894,826,803,859,886,823
T,938,888,883,819,894,826,802,858,890,823
T,941,885,882,818,892,827,804,857,892,824
T,939,885,881,821,893,827,801,857,890,824
T,938,886,881,817,897,825,802,861,889,825
T,944,888,881,818,893,825,803,857,888,823
T,940,885,881,820,895,826,803,861,885,821
T,942,885,882,820,892,825,801,859,886,824
T,941,887,882,819,893,825,803,858,886,821
T,938,884,882,819,893,824,802,858,887,825
T,939,887,881,820,894,824,801,857,885,826
T,937,887,882,819,892,824,804,861,888,825
T,938,884,882,820,892,826,802,857,884,825
T,935,879,881,820,893,825,803,858,888,825
T,937,887,881,819,894,826,803,857,888,823
T,936,887,881,820,893,824,803,856,885,823
T,938,886,882,819,894,825,802,859,887,823
T,936,886,881,818,891,824,801,858,884,825
T,940,887,882,820,894,825,803,858,887,823
T,938,884,882,820,891,826,803,857,886,823
T,939,886,881,819,894,826,803,855,889,823
T,941,886,881,819,894,826,803,858,887,825
T,938,887,881,820,893,825,802,861,886,826
T,940,884,882,819,893,825,803,855,886,822
T,945,884,881,818,892,826,800,858,886,823
T,939,884,882,817,894,826,802,860,889,825
T,938,885,882,820,893,826,800,853,889,824
T,934,887,881,819,892,826,802,858,888,823
T,939,884,883,819,892,825,801,858,887,824
T,943,890,882,820,893,825,801,858,886,822
T,936,885,882,820,891,825,803,859,887,823
T,936,887,882,819,893,825,801,858,886,823
T,939,886,880,819,892,826,801,858,889,822
T,941,888,881,817,894,825,805,862,888,824
T,939,886,881,819,892,824,802,859,885,824
T,943,887,882,818,893,826,803,860,887,823
T,941,885,882,819,894,826,802,859,885,823
T,939,884,882,819,894,825,802,858,887,824
T,942,886,881,819,894,826,802,859,888,823
T,936,888,882,819,895,826,802,858,885,824
T,937,884,882,818,891,826,799,858,887,825
T,939,888,881,818,891,825,803,856,887,821
T,942,884,882,820,894,825,800,858,885,824
T,934,886,882,819,893,822,802,855,885,824
T,939,887,882,819,894,826,800,856,888,823
T,937,883,881,820,893,825,801,856,886,823
T,940,889,882,820,893,828,803,859,887,823
T,940,886,881,819,892,825,802,859,888,825
T,943,887,882,819,893,823,802,857,885,824
T,945,881,882,819,892,826,801,857,883,823
T,940,884,883,819,893,825,803,858,887,824
T,938,886,881,821,893,825,801,858,886,825
T,940,885,881,820,895,825,801,857,885,827
T,935,885,882,817,899,824,801,856,885,826
T,941,886,882,817,898,824,801,859,887,825
T,938,885,881,818,896,825,802,857,887,824
T,936,884,882,818,895,823,802,855,888,826
T,940,887,882,819,891,825,801,859,885,825
T,940,884,882,819,895,825,800,858,884,825
T,937,883,883,819,894,826,799,857,889,826
T,939,885,881,819,894,825,802,857,886,825
T,940,887,881,819,893,825,801,858,887,824
T,935,888,881,818,895,826,801,858,887,824
T,939,885,883,819,894,824,801,859,886,824
T,942,882,881,819,892,825,802,858,887,824
T,937,886,880,819,892,826,801,859,885,823
T,939,883,883,819,895,825,801,858,885,823
T,936,885,882,820,893,825,802,855,884,822
T,942,885,882,819,894,825,802,856,886,822
T,940,885,881,818,891,824,802,857,888,822
T,936,883,882,819,895,825,804,861,885,821
T,938,886,882,820,892,824,803,859,885,823
T,936,885,881,820,893,826,802,858,888,820
T,935,884,881,817,891,824,802,859,887,821
T,940,883,881,818,892,825,801,858,884,821
T,935,886,882,819,894,823,802,859,887,823
T,941,888,883,821,892,825,802,855,885,823
T,938,884,882,820,893,824,802,855,888,821
T,939,887,880,819,890,825,802,858,885,822
T,939,887,882,819,892,825,803,857,887,822
T,935,887,882,817,892,825,802,858,888,821
T,941,882,882,820,890,826,803,856,885,821
T,941,885,881,820,891,824,803,859,886,819
T,931,887,880,819,892,825,803,856,887,820
T,932,889,883,817,888,826,803,858,886,822
T,934,884,882,820,892,826,802,856,887,821
T,928,889,883,821,893,825,802,857,885,821
T,936,885,882,821,896,825,803,858,886,822
T,934,886,883,818,897,824,801,856,888,821
T,938,885,881,819,898,825,805,857,887,822
T,936,886,881,821,898,826,806,862,883,822
T,932,887,881,818,897,826,803,859,886,821
T,935,889,881,816,898,825,803,857,890,823
T,938,889,882,818,897,824,805,857,889,822
T,934,888,882,819,898,825,804,860,886,821
T,936,879,884,816,897,825,804,856,885,822
T,930,884,882,818,897,825,803,857,887,821
T,935,885,881,820,899,824,803,857,887,821
T,938,887,882,819,896,826,804,856,883,820
T,936,887,882,820,898,825,804,860,884,821
T,937,889,881,820,898,826,803,859,886,821
T,932,888,882,820,896,823,803,857,886,818
T,934,883,883,818,895,825,803,859,888,820
T,936,888,881,819,897,825,803,858,887,819
T,934,885,882,819,895,823,804,858,887,818
T,930,886,881,817,897,825,803,858,888,821
T,931,886,883,818,897,823,805,858,886,822
T,933,887,882,818,895,825,803,859,887,821
T,933,885,882,818,894,825,805,858,884,822
T,933,888,882,819,896,825,805,858,885,824
T,935,888,881,817,898,825,806,859,886,821
T,935,886,881,819,898,826,803,854,887,819
T,931,886,881,819,898,825,808,862,890,822
T,929,883,881,820,899,826,805,859,886,821
T,939,886,881,819,897,825,804,856,886,822
T,937,887,882,822,900,825,804,855,887,819
T,936,885,881,819,898,824,802,858,884,819
T,938,890,882,819,898,824,803,857,886,821
T,933,886,883,821,896,824,804,859,889,822
T,936,888,881,818,894,825,804,857,887,819
T,932,884,880,819,895,825,804,857,887,819
T,932,888,881,821,896,826,804,860,885,817
T,933,886,882,818,895,825,801,856,887,820
T,937,884,881,817,895,823,804,857,885,821
T,930,889,882,821,895,825,805,855,887,822
T,930,883,884,819,895,824,802,859,886,819
T,932,886,882,820,895,825,804,856,885,822
T,936,891,881,820,894,825,803,859,886,820
T,933,885,882,819,893,825,803,857,887,820
T,935,888,882,819,895,825,805,856,882,819
T,937,886,882,819,891,824,800,857,886,820
T,934,883,882,819,892,824,803,856,885,820
T,936,884,881,818,893,824,801,858,886,819
T,933,880,882,818,895,825,802,859,884,818
T,936,888,882,820,895,823,801,860,885,819
T,932,885,882,819,895,826,803,860,887,820
T,933,883,881,816,890,823,806,862,883,821
T,933,884,881,819,894,824,803,856,886,818
T,936,886,882,819,894,825,801,860,885,819
T,934,884,882,820,891,825,803,859,887,820
T,934,887,881,820,894,824,804,855,886,820
T,935,887,881,818,892,825,804,856,885,820
T,934,886,882,818,892,823,803,858,886,820
T,939,886,882,819,892,826,806,855,887,822
T,933,886,882,818,892,824,805,861,889,821
T,935,885,881,817,891,826,805,857,887,821
T,933,887,882,819,893,825,804,860,888,820
T,931,888,881,818,894,825,804,855,886,820
T,931,886,882,818,896,826,805,856,887,818
T,934,886,883,817,893,824,801,856,886,821
T,931,887,882,820,896,824,804,856,887,819
T,927,888,883,818,895,825,804,858,889,820
T,933,887,882,820,896,825,803,858,887,820
T,932,888,880,818,891,825,805,854,886,819
T,933,886,882,819,895,824,804,855,887,821
T,935,886,881,818,895,826,801,860,883,821
T,932,885,881,819,892,827,803,860,888,820
T,938,887,882,816,894,826,805,857,888,821
T,932,886,882,821,893,826,804,855,885,820
T,924,888,882,818,894,825,803,857,886,819
T,925,888,882,818,891,824,803,855,886,818
T,925,886,881,818,891,825,805,857,886,821
T,927,885,882,818,892,822,803,859,884,820
T,930,887,883,823,891,826,802,857,887,820
T,927,887,881,820,894,825,804,855,885,820
T,928,884,881,820,895,824,803,857,885,819
T,932,886,880,818,896,827,804,856,887,821
T,928,889,881,818,897,823,804,860,888,818
T,928,889,882,820,892,825,804,859,887,821
T,926,885,882,818,891,825,804,857,886,819
T,931,888,882,820,889,824,801,858,887,819
T,929,884,880,819,890,825,801,859,886,820
T,928,886,881,819,892,824,802,856,885,820
T,924,890,881,819,891,826,802,859,887,819
T,925,890,883,821,889,823,804,857,884,819
T,930,888,883,819,890,826,802,855,886,819
T,928,886,882,820,892,826,803,855,886,819
T,926,884,882,821,892,824,802,856,887,820
T,932,888,882,819,892,824,804,857,889,823
T,928,886,881,819,893,825,801,857,887,818
T,924,886,882,820,890,826,803,858,886,821
T,928,888,881,818,893,822,803,860,885,821
T,930,884,882,818,892,825,804,854,887,821
T,932,884,881,818,891,824,802,857,886,820
T,929,886,882,819,892,824,804,856,885,820
T,929,885,882,817,894,825,803,857,886,821
T,930,886,880,817,890,825,803,859,886,819
T,930,888,881,818,889,825,804,857,886,818
T,928,887,882,819,888,824,803,858,887,820
T,930,888,882,818,891,824,804,855,887,819
T,929,887,881,817,892,823,804,854,891,819
T,929,887,881,819,894,824,804,857,889,818
T,927,887,882,820,888,825,803,855,889,819
T,925,887,881,818,891,823,803,858,886,819
T,929,885,881,818,890,824,803,858,886,821
T,930,889,882,819,889,823,804,856,887,819
T,930,885,881,820,891,823,806,855,888,820
T,930,888,881,818,889,824,803,857,889,821
T,926,887,882,816,888,824,805,854,889,818
T,932,889,882,818,888,823,803,855,885,819
T,928,888,882,819,890,826,804,854,886,818
T,931,885,882,819,889,825,804,858,888,819
T,930,886,882,819,887,825,806,855,885,819
T,927,889,883,819,888,825,804,859,887,818
T,927,885,880,818,890,824,806,858,887,821
T,928,887,880,820,887,824,804,857,889,819
T,930,887,881,817,889,824,803,857,888,818
T,929,887,882,818,891,823,805,858,890,819
T,931,886,880,819,889,823,805,856,886,819
T,932,886,880,817,891,825,805,857,886,818
T,936,887,882,817,886,824,807,859,889,820
T,930,887,882,818,891,823,806,858,889,819
T,921,886,881,818,891,824,805,856,886,820
T,926,887,881,820,890,823,805,858,888,819
T,930,887,882,818,889,825,804,857,888,820
T,928,885,882,818,888,823,805,857,886,818
T,929,888,881,818,888,824,803,859,888,818
T,926,888,883,820,892,823,804,858,885,821
T,925,883,882,813,893,824,804,857,888,817
T,927,887,880,820,887,824,805,858,887,817
T,929,886,883,820,888,824,805,857,893,819
T,926,885,882,819,889,824,805,858,889,820
T,929,885,881,819,890,825,804,856,890,819
T,929,888,880,819,891,824,805,857,886,819
T,927,889,882,818,892,824,804,855,884,818
T,925,885,882,817,890,824,805,858,887,820
T,927,888,883,819,891,824,804,854,887,821
T,927,890,881,819,889,824,806,855,889,818
T,927,889,882,818,891,824,806,857,889,819
T,933,890,882,818,889,824,803,858,888,818
T,932,889,881,820,891,822,803,859,886,821
T,926,885,881,820,892,825,804,857,885,820
T,929,887,883,820,890,825,804,857,887,819
T,931,887,882,818,888,823,803,857,887,819
T,929,889,882,818,890,824,806,858,889,819
T,931,887,881,817,890,823,804,857,886,819
T,933,888,882,817,890,824,804,858,886,820
T,933,887,882,818,893,824,805,856,887,820
T,938,889,881,818,890,823,804,859,883,820
T,935,888,882,818,890,823,805,859,886,818
T,934,886,882,817,889,824,805,856,884,820
T,936,889,881,818,890,823,805,858,885,819
T,938,885,881,818,890,824,804,855,885,819
T,937,888,883,817,891,825,804,856,890,819
T,934,888,882,817,889,822,806,857,888,819
T,937,890,882,819,887,825,805,858,890,818
T,939,886,882,819,888,822,806,855,885,821
T,937,885,882,818,890,823,806,857,886,818
T,943,889,883,818,891,825,804,858,887,819
T,936,883,881,819,889,824,805,858,886,818
T,939,886,881,818,889,825,806,858,888,820
T,932,888,881,818,891,823,805,857,888,819
T,937,887,882,820,890,823,805,856,885,818
T,935,887,881,820,891,824,806,858,885,820
T,935,890,882,817,890,823,806,855,889,820
T,936,888,881,818,891,823,805,857,887,818
T,937,884,881,820,892,824,806,858,888,821
T,942,887,882,816,890,822,807,856,888,817
T,940,886,881,819,889,823,805,858,886,819
T,940,888,881,818,892,825,806,856,887,818
T,932,886,881,818,889,825,805,855,885,819
T,934,889,881,817,892,825,805,855,887,817
T,938,888,881,820,890,824,805,859,887,821
T,938,887,883,819,892,823,806,858,889,818
T,937,888,882,817,892,825,804,857,886,818
T,935,883,880,818,890,824,804,858,887,818
T,938,885,881,819,888,822,804,856,887,819
T,935,885,882,819,890,824,806,856,885,820
T,935,890,881,818,889,824,804,856,884,820
T,934,888,882,819,889,825,805,858,887,820
T,936,887,881,818,893,825,806,857,886,819
T,941,890,882,818,890,824,806,859,886,819
T,940,886,882,817,891,825,804,858,887,818
T,943,888,880,817,889,823,805,857,888,820
T,942,888,882,820,887,824,805,852,891,819
T,939,883,880,818,888,823,805,857,888,817
T,937,886,881,819,890,825,806,855,886,823
T,938,886,882,816,892,824,806,854,885,818
T,945,886,882,818,891,826,806,854,886,816
T,949,888,882,819,889,825,804,856,887,820
T,943,889,882,818,890,825,806,859,885,820
T,939,886,881,817,890,827,803,855,885,819
T,938,887,880,817,890,825,805,855,888,819
T,937,891,882,820,891,824,805,858,888,819
T,937,887,882,818,889,824,805,857,887,818
T,938,886,882,818,891,825,805,857,892,818
T,939,887,880,819,891,825,804,856,888,819
T,943,886,880,819,892,823,805,856,888,820
T,939,887,881,819,890,825,807,856,881,815
T,943,890,881,820,890,823,804,857,886,819
T,944,886,881,818,890,824,805,857,887,818
T,942,890,881,817,891,824,804,858,886,820
T,947,885,883,818,891,824,806,856,885,818
T,943,886,883,818,891,825,805,855,885,819
T,942,888,881,819,886,821,806,856,885,820
T,946,888,882,818,891,825,805,858,888,819
T,948,888,881,819,892,826,804,857,884,819
T,931,887,882,818,890,825,804,858,887,817
T,930,888,880,817,889,822,805,854,886,818
T,928,886,880,818,890,824,804,858,891,819
T,928,889,881,819,891,826,804,857,888,820
T,931,887,881,818,891,823,806,856,887,819
T,932,888,882,819,891,823,804,856,886,818
T,935,886,883,819,889,825,806,858,888,820
T,931,887,882,818,891,823,806,856,888,820
T,931,888,881,818,891,822,806,854,888,818
T,933,886,879,819,891,823,805,858,886,820
T,926,889,880,815,889,826,805,851,885,820
T,929,887,881,819,891,824,805,856,886,819
T,934,886,883,819,890,823,807,854,889,820
T,933,889,881,818,891,825,805,859,888,820
T,934,890,879,818,890,824,807,857,886,818
T,927,886,881,818,891,824,806,857,887,820
T,927,890,882,818,890,825,805,854,884,818
T,932,886,882,819,890,825,805,852,881,822
T,935,882,881,817,891,825,807,855,888,818
T,936,890,882,819,893,824,805,857,889,819
T,932,888,882,816,889,823,805,855,885,819
T,932,888,884,820,891,825,806,854,887,819
T,938,888,882,817,891,824,805,856,886,819
T,932,887,882,818,891,824,805,856,885,819
T,930,885,882,817,891,826,806,855,885,820
T,935,888,883,819,888,824,806,857,887,817
T,936,887,881,817,891,824,806,855,890,818
T,932,891,882,818,889,825,807,856,886,818
T,932,890,880,819,890,822,807,856,887,817
T,936,887,881,818,891,823,806,856,887,819
T,941,886,883,819,894,824,805,856,888,818
T,930,886,882,819,891,824,806,857,889,818
T,936,888,881,817,890,823,806,857,889,819
T,936,888,882,817,889,822,805,857,884,819
T,930,889,881,817,891,824,805,858,889,818
T,935,889,882,819,892,825,804,859,885,819
T,935,887,881,818,890,823,804,855,886,819
T,936,886,881,816,890,824,804,858,888,820
T,932,886,883,818,887,826,804,857,886,818
T,933,886,882,818,890,824,804,856,885,817
T,937,889,880,816,891,824,803,858,885,818
T,935,888,881,819,890,824,805,858,887,818
T,932,889,882,817,891,824,805,859,887,819
T,930,890,881,819,892,823,806,858,886,820
T,937,886,880,817,892,826,806,855,886,819
T,931,885,881,818,890,824,805,854,887,819
T,934,889,881,819,889,824,805,855,886,819
T,932,888,881,818,889,825,804,858,889,817
T,930,888,879,816,887,824,805,855,886,818
T,938,886,879,819,889,825,804,856,887,819
T,941,893,882,819,888,824,805,856,885,818
T,934,884,881,819,889,823,805,855,883,816
T,930,887,883,816,889,823,805,857,888,819
T,931,886,881,817,890,824,804,856,886,819
T,934,892,880,818,889,825,804,859,887,818
T,934,889,882,816,889,825,806,857,888,818
T,936,885,882,820,891,823,804,856,884,819
T,932,889,881,819,890,824,804,854,887,818
T,928,887,882,818,889,823,806,858,888,819
T,930,888,882,819,891,824,804,854,889,819
T,930,889,881,818,889,824,804,855,886,820
T,931,888,882,819,889,823,803,855,886,818
T,936,885,882,818,887,823,805,857,887,817
T,936,893,880,819,888,825,804,858,888,818
T,934,888,882,818,891,823,805,858,885,818
T,931,889,882,819,890,823,804,855,887,818
T,933,887,881,817,889,825,802,856,884,817
T,929,887,882,820,888,823,805,854,885,817
T,926,890,882,819,886,823,803,859,890,818
T,933,890,880,818,888,823,804,857,885,817
T,924,888,882,818,888,823,805,858,886,818
T,929,886,882,818,888,824,805,859,891,817
T,927,888,881,818,889,824,804,855,885,820
T,926,889,880,819,889,822,805,859,886,817
T,922,886,882,817,888,822,806,855,887,818
T,926,889,884,816,886,822,804,856,885,818
T,928,888,881,817,890,822,804,856,885,820
T,926,888,881,818,891,823,805,856,885,818
T,930,886,881,818,889,824,803,858,887,817
T,924,889,881,820,891,823,803,858,886,818
T,926,888,882,818,889,823,804,856,886,818
T,927,887,880,819,889,823,805,856,884,817
T,922,889,881,818,887,822,804,855,885,817
T,927,885,882,819,890,822,803,855,888,818
T,927,891,881,815,888,824,804,856,887,819
T,929,889,882,818,887,824,806,856,887,819
T,927,887,882,818,888,823,806,853,890,820
T,924,888,881,818,889,824,805,854,888,818
T,932,893,884,818,887,824,805,857,884,818
T,922,888,880,817,888,823,806,857,888,819
T,935,884,882,820,890,823,806,854,888,818
T,928,885,883,817,889,824,805,855,886,819
T,927,886,881,818,888,823,806,855,888,816
T,928,887,882,818,888,823,806,855,888,816
T,924,889,882,818,887,822,806,858,886,818
T,926,890,881,819,890,822,803,855,885,817
T,926,888,881,818,888,823,805,858,885,818
T,927,886,881,818,889,823,804,857,886,819
T,927,886,882,818,889,822,803,856,889,819
T,922,890,880,817,888,822,804,856,883,817
T,928,887,879,818,890,822,805,855,886,818
T,925,887,882,816,889,823,804,856,887,818
T,925,889,881,817,887,822,806,857,885,818
T,926,890,882,818,890,822,806,854,885,820
T,920,892,882,815,888,824,805,858,888,820
T,927,889,880,819,889,822,805,857,888,819
T,925,891,882,818,887,822,804,855,883,817
T,926,888,882,818,887,824,804,854,890,818
T,922,890,881,818,887,824,806,855,887,818
T,922,885,880,819,887,822,806,856,890,819
T,929,890,880,819,887,823,805,858,887,820
T,927,889,882,819,889,822,805,856,889,819
T,922,889,881,815,889,823,805,856,886,818
T,925,887,883,817,889,824,805,856,885,820
T,923,890,880,819,889,822,804,856,888,819
T,933,890,879,816,891,825,805,855,884,817
T,931,890,881,817,888,824,805,858,888,818
T,929,889,882,820,889,823,804,855,885,820
T,926,889,882,817,888,823,805,855,888,817
T,929,887,881,820,889,821,806,856,888,817
T,926,890,882,819,888,824,805,855,884,821
T,929,888,880,816,887,823,806,857,887,819
T,930,889,882,818,889,824,805,856,887,818
T,928,890,881,818,890,823,806,857,889,820
T,932,884,881,818,889,823,805,853,887,819
T,925,889,881,817,889,824,805,859,887,819
T,928,891,882,816,889,823,806,857,888,817
T,929,890,881,818,891,824,806,856,885,821
T,928,889,882,819,890,822,805,857,887,818
T,925,890,880,817,889,824,804,856,887,820
T,930,889,882,817,888,823,803,854,890,820
T,931,889,881,817,889,823,805,856,886,817
T,930,889,881,817,887,822,805,856,887,818
T,932,884,880,818,889,823,806,853,885,817
T,924,890,882,818,888,822,806,856,887,819
T,927,891,882,817,887,823,804,858,885,819
T,928,890,879,817,886,822,806,856,888,817
T,926,888,882,818,890,821,804,850,884,820
T,928,888,880,817,887,823,806,855,885,819
T,927,889,882,819,888,823,805,859,884,821
T,925,886,881,818,887,822,806,857,884,818
T,929,889,881,818,887,824,806,858,885,818
T,927,887,881,818,889,823,805,857,887,818
T,927,890,883,817,888,823,806,856,887,820
T,925,886,883,817,888,824,805,855,885,818
T,927,886,881,817,890,823,804,857,886,819
T,933,884,883,816,888,823,805,854,886,820
T,928,888,882,812,889,821,803,860,887,817
T,927,889,883,819,887,821,807,854,888,819
T,924,885,881,819,888,822,805,855,889,819
T,924,888,882,817,889,822,806,854,885,818
T,929,890,882,817,890,822,806,858,887,817
T,927,889,882,818,889,824,804,855,886,818
T,926,882,882,817,888,823,806,854,885,818
T,929,890,881,819,890,824,805,856,886,818
T,921,892,882,816,891,824,803,855,885,818
T,931,887,883,817,885,822,805,856,887,819
T,928,888,882,816,890,823,806,855,885,818
T,926,887,881,817,889,823,803,855,886,819
T,926,891,881,819,887,824,804,856,889,820
T,929,887,882,818,888,823,805,858,889,819
T,928,888,883,818,889,822,802,855,890,816
T,930,888,881,818,890,822,805,856,887,818
T,931,886,881,818,890,823,804,858,886,817
T,924,888,880,820,888,821,806,856,888,816
T,924,887,881,818,889,823,805,854,886,818
T,925,890,881,818,888,822,805,854,887,818
T,925,885,881,818,890,823,804,856,887,818
T,924,885,882,819,891,823,806,855,886,819
T,929,888,882,817,889,822,805,856,886,818
T,927,887,882,816,888,822,804,855,886,816
T,929,888,881,818,890,822,806,859,888,819
T,928,887,881,818,889,821,803,855,888,820
T,928,886,881,818,888,822,807,854,889,819
T,927,886,882,817,890,822,805,857,885,818
T,925,887,882,818,890,824,805,852,887,820
T,929,887,881,817,888,824,804,855,887,819
T,925,886,881,817,888,823,805,854,887,817
T,925,887,880,817,888,823,804,857,886,817
T,927,886,879,818,888,822,806,855,889,820
T,928,888,882,818,890,823,806,857,885,818
T,922,888,881,815,889,822,804,855,886,819
T,929,889,879,816,887,822,806,857,885,820
T,934,890,881,819,890,822,806,856,886,819
T,930,886,881,818,889,823,804,855,888,818
T,928,890,879,820,890,823,805,858,886,819
T,926,885,879,819,890,822,805,855,887,818
T,928,888,881,818,890,823,806,854,884,820
T,921,885,881,818,888,822,804,857,888,820
T,930,887,883,816,890,821,806,853,887,818
T,924,885,880,819,890,824,805,857,887,819
T,927,887,881,817,889,823,805,856,888,819
T,931,887,881,816,889,821,804,853,889,817
T,925,890,882,818,889,822,804,857,886,818
T,924,889,881,816,887,824,807,858,885,818
T,927,887,881,816,888,823,804,855,885,817
T,928,888,881,818,889,823,806,857,886,819
T,924,888,883,817,890,823,806,856,886,819
T,925,889,881,818,890,822,806,858,888,817
T,931,885,882,819,888,822,806,855,888,818
T,931,886,880,817,889,823,803,855,887,818
T,928,888,882,820,891,822,805,856,888,819
T,924,890,881,818,890,822,806,857,889,818
T,930,887,881,819,890,824,807,857,885,819
T,928,886,881,818,888,821,807,852,884,816
T,922,882,881,817,889,822,806,856,885,819
T,929,886,881,818,887,823,804,857,886,818
T,927,887,881,815,889,823,806,857,885,817
T,923,884,879,817,890,824,805,857,888,818
T,924,885,880,815,889,823,806,855,887,818
T,924,889,882,818,890,823,806,854,887,818
T,928,889,881,818,890,822,806,856,890,819
T,925,890,882,815,888,823,805,857,887,819
T,930,887,881,816,889,823,804,854,887,818
T,929,881,883,818,886,826,802,856,888,819
T,927,889,880,819,890,823,805,856,886,817
T,929,890,881,817,891,822,807,858,885,820
T,924,889,881,816,888,823,804,856,889,818
T,928,888,882,817,889,824,806,856,888,817
T,927,885,881,817,891,824,805,853,888,817
T,928,888,882,817,889,823,806,854,884,818
T,927,890,881,818,890,821,808,854,885,818
T,926,889,882,818,890,824,805,856,888,819
T,930,885,883,817,888,822,804,854,885,819
T,929,887,882,819,890,822,805,857,886,819
T,929,888,880,816,888,824,805,857,888,819
T,926,889,881,819,890,822,805,856,889,819
T,928,884,881,818,890,824,805,854,889,817
T,924,888,882,818,887,823,805,855,888,818
T,924,888,882,818,891,822,805,854,889,818
T,928,890,882,817,888,820,805,857,886,819
T,927,887,882,817,890,821,804,856,888,817
T,927,886,882,819,891,821,804,856,885,819
T,924,889,880,816,889,823,806,856,887,819
T,928,889,879,817,890,824,806,857,889,818
T,924,886,881,817,889,822,806,858,885,817
T,922,888,883,816,890,822,805,855,885,817
T,928,888,881,818,889,823,806,855,887,818
T,930,891,882,817,890,822,805,854,884,819
T,929,886,881,818,891,824,805,857,887,819
T,928,887,881,818,889,822,805,857,886,819
T,924,889,882,818,891,823,807,854,887,819
T,930,885,881,816,889,822,806,858,890,820
T,930,887,882,818,889,822,806,857,886,818
T,925,888,880,817,888,821,807,856,884,819
T,924,890,882,815,889,820,803,856,884,819
T,929,887,881,816,888,822,806,857,885,820
T,928,887,882,816,891,822,805,857,885,819
T,928,892,880,818,889,820,806,854,888,817
T,925,887,881,818,889,822,806,856,887,819
T,927,887,881,815,889,822,805,855,886,818
T,928,888,882,816,891,823,807,855,888,818
T,929,889,881,816,891,822,806,855,887,819
T,929,886,881,818,891,822,806,855,885,819
T,928,888,881,818,890,824,804,855,884,818
T,929,890,882,818,893,822,807,855,886,819
T,926,889,880,819,890,823,806,855,887,817
T,924,889,881,817,889,823,806,858,887,819
T,925,891,879,817,889,822,805,856,888,819
T,931,887,881,819,890,825,804,857,889,819
T,929,886,881,816,892,822,806,857,885,819
T,927,890,881,818,893,822,805,854,881,819
T,927,887,882,820,893,822,804,858,888,819
T,927,890,882,816,893,824,807,857,887,819
T,930,889,881,816,892,822,805,859,886,818
T,929,887,881,816,891,821,808,857,886,818
T,925,887,880,818,892,823,806,856,887,820
T,928,886,882,816,895,822,804,856,888,818
T,924,888,881,818,892,822,805,854,890,819
T,931,889,880,816,892,822,806,855,887,815
T,929,888,881,818,893,822,807,856,883,815
T,922,887,880,815,892,823,806,858,887,818
T,929,890,881,818,892,822,805,858,886,818
T,929,888,881,816,893,821,807,856,889,820
T,955,887,880,816,892,822,806,854,887,817
T,955,886,882,816,892,822,805,855,890,816
T,958,886,882,816,892,822,805,857,885,819
T,962,884,881,818,890,821,805,857,890,817
T,963,888,881,816,895,823,808,858,892,819
T,959,887,881,818,891,822,806,854,889,818
T,967,888,881,818,890,822,806,857,887,818
T,953,888,881,817,890,822,807,855,885,819
T,945,888,880,819,890,823,806,857,886,819
T,950,886,882,816,889,823,807,855,887,818
T,949,887,881,818,889,823,807,853,886,818
T,948,887,881,819,892,822,807,855,887,820
T,947,887,882,819,891,822,808,857,885,820
T,949,889,881,818,891,823,806,856,887,819
T,945,887,880,816,892,822,807,857,886,820
T,947,890,881,818,887,823,806,855,889,814
T,949,889,882,817,890,822,806,854,889,818
T,948,890,880,816,889,824,807,853,889,819
T,946,887,882,817,891,823,806,853,888,819
T,946,885,880,817,890,823,807,856,886,816
T,951,889,881,816,889,821,806,855,886,819
T,949,885,882,817,888,824,805,856,887,818
T,950,886,880,819,891,822,806,856,890,817
T,949,887,880,817,892,821,808,854,885,818
T,948,888,881,817,890,822,806,856,887,817
T,950,887,880,816,889,822,805,854,888,818
T,951,887,882,817,889,820,808,856,887,818
T,950,886,883,817,888,822,807,854,886,817
T,951,887,882,819,889,821,806,854,888,817
T,947,886,882,818,888,823,806,855,887,819
T,948,886,882,817,889,822,807,855,887,818
T,951,890,882,817,888,823,807,854,885,819
T,955,884,881,816,889,822,807,853,888,818
T,954,885,881,816,890,822,806,857,889,818
T,952,887,882,816,890,823,809,854,885,818
T,954,887,881,817,889,821,805,857,887,818
T,952,888,881,819,890,823,805,854,886,818
T,954,887,882,813,889,821,806,856,886,818
T,950,888,880,816,887,823,804,854,887,817
T,954,886,881,816,888,821,807,856,888,819
T,955,886,882,819,887,823,807,857,889,817
T,951,890,881,815,891,824,807,857,889,818
T,955,890,881,816,888,822,807,855,887,818
T,953,887,881,817,888,822,803,858,887,817
T,958,888,881,818,890,821,805,857,886,819
T,956,882,882,817,888,822,807,858,888,817
T,960,888,882,816,889,822,807,856,886,817
T,957,888,882,816,889,822,806,854,890,818
T,960,887,882,818,891,822,806,857,889,819
T,961,889,880,818,890,823,806,856,889,819
T,961,887,880,818,888,823,806,856,885,819
T,961,886,880,818,890,820,806,854,885,817
T,962,888,881,817,888,823,808,856,887,819
T,962,885,883,816,887,823,806,856,887,818
T,965,886,881,820,889,822,806,855,888,818
T,960,889,882,817,888,822,807,855,888,818
T,963,888,882,819,886,822,807,855,889,818
T,935,889,882,818,889,822,806,855,889,818
T,934,889,882,817,889,822,805,857,888,818
T,936,888,881,818,889,822,808,860,891,815
T,932,890,882,818,888,823,805,855,886,819
T,935,888,881,818,890,823,809,857,888,819
T,933,887,881,817,887,821,807,853,886,818
T,938,885,881,818,887,824,804,858,886,817
T,933,889,881,817,888,823,807,854,887,817
T,937,886,882,817,888,821,807,856,886,818
T,933,888,881,818,890,822,806,857,887,819
T,940,888,880,819,889,822,805,856,887,817
T,937,888,881,818,887,822,806,857,885,819
T,934,888,880,819,889,822,807,855,887,818
T,939,887,881,817,889,823,804,853,886,817
T,933,890,882,818,889,823,806,857,889,817
T,933,888,881,817,889,823,808,854,886,817
T,933,888,881,816,890,822,804,856,886,818
T,935,887,881,818,887,823,804,855,887,818
T,935,886,882,816,891,823,805,860,890,815
T,924,889,881,818,889,823,807,855,888,819
T,927,889,880,816,889,823,805,855,887,820
T,926,889,881,816,889,822,806,855,886,819
T,930,886,880,817,890,822,804,856,886,817
T,927,886,881,819,893,822,807,855,886,819
T,929,887,882,818,888,822,807,857,888,819
T,926,889,881,818,888,822,806,853,885,819
T,924,889,882,817,890,823,806,854,886,819
T,927,886,882,817,890,821,804,854,885,817
T,927,889,882,815,889,823,807,857,887,819
T,928,889,882,817,887,820,806,856,890,820
T,925,887,881,818,890,822,807,857,889,819
T,926,889,882,817,889,820,805,854,887,817
T,926,888,882,816,890,822,805,856,887,818
T,929,890,880,817,890,823,805,854,888,815
T,931,888,882,819,888,823,804,855,888,819
T,925,890,882,817,889,822,807,856,888,818
T,925,886,881,815,889,822,806,856,885,817
T,928,887,881,817,887,821,807,854,888,818
T,925,889,881,817,889,821,807,858,889,817
T,925,888,881,817,889,821,809,854,887,818
T,923,888,881,815,890,822,807,858,887,817
