V,934,906,794,768,830,792,862,826,875,807
V,937,905,795,767,834,792,861,825,875,806
V,937,903,796,768,838,794,861,825,875,807
V,935,907,796,769,837,792,863,827,874,808
V,939,904,794,768,837,792,862,825,876,806
V,936,905,794,767,839,792,864,824,874,809
V,939,906,794,769,839,794,861,825,877,808
V,937,906,796,769,841,793,862,827,875,806
V,934,906,795,767,839,791,862,825,878,807
V,936,907,796,770,841,792,863,825,876,807
V,937,903,797,770,841,791,860,822,879,804
V,934,905,795,769,839,793,862,827,879,805
V,933,905,796,769,832,793,861,829,876,808
V,938,906,795,768,839,793,862,828,874,807
V,935,909,796,767,831,793,862,825,873,808
V,937,906,797,769,844,792,861,827,878,808
V,934,908,796,771,840,794,861,828,872,807
V,936,904,795,770,841,794,862,827,875,807
V,936,903,795,769,831,793,863,825,878,808
V,936,905,795,770,831,793,862,827,874,806
V,934,906,797,771,831,792,863,827,874,805
V,935,905,797,768,831,793,863,828,875,806
V,934,905,797,770,831,794,863,829,875,808
V,938,905,797,770,829,792,862,828,876,807
V,936,905,797,769,829,791,863,825,874,807
V,934,906,796,768,826,793,863,827,875,808
V,932,904,797,769,828,793,863,825,877,809
V,936,901,798,770,826,794,862,827,876,808
V,934,905,797,769,829,792,860,830,872,808
V,935,905,796,768,831,793,861,829,877,808
V,937,905,797,770,829,794,860,826,876,808
V,935,903,797,770,828,792,861,829,875,808
V,934,906,796,770,833,792,862,829,876,809
V,934,904,796,770,833,793,860,830,879,807
V,936,907,795,771,834,792,862,828,878,807
V,938,909,797,770,832,793,861,830,877,808
V,937,904,797,769,827,792,862,829,877,808
V,938,902,798,769,826,793,862,827,875,806
V,933,904,795,769,824,791,861,829,875,808
V,936,903,798,769,830,794,860,828,876,808
V,935,907,796,769,827,792,860,828,876,807
V,936,908,797,768,827,792,862,830,877,806
V,933,907,796,767,833,793,862,828,874,808
V,932,905,798,770,830,792,863,830,877,806
V,937,908,796,767,829,793,862,828,878,807
V,936,904,797,768,831,793,864,827,878,807
V,936,904,797,769,830,794,863,830,875,808
V,940,907,797,767,833,792,864,828,877,808
V,938,907,797,768,834,793,863,830,876,808
V,937,906,797,770,842,792,863,829,878,806
V,938,905,796,769,830,790,862,831,877,809
V,937,903,798,768,831,792,863,831,876,807
V,932,903,799,770,837,791,861,831,875,808
V,938,905,796,766,835,790,863,828,867,808
V,935,906,797,770,834,793,862,828,874,808
V,939,905,798,768,832,793,864,828,874,806
V,935,907,797,768,828,792,864,830,876,808
V,936,906,797,770,832,793,862,829,875,808
V,935,907,797,768,835,792,863,828,878,808
V,936,905,798,768,839,792,864,831,876,809
V,938,906,798,770,839,792,863,831,878,806
V,937,909,797,767,841,793,862,827,873,809
V,936,906,799,768,841,792,863,828,878,809
V,938,908,798,769,836,793,862,829,874,807
V,936,904,796,768,835,792,862,826,875,809
V,936,907,798,770,839,793,863,832,875,812
V,938,905,798,769,835,793,862,828,875,807
V,935,908,798,768,837,792,865,831,877,810
V,933,908,799,768,833,793,862,828,875,808
V,936,909,798,769,832,791,864,829,876,808
V,937,906,798,768,833,792,863,828,876,806
V,939,906,798,770,833,793,864,829,877,807
V,939,909,798,770,833,792,863,828,875,811
V,933,908,799,768,835,792,864,829,878,807
V,935,908,798,769,831,793,861,827,877,808
V,939,906,798,771,829,791,863,830,877,807
V,939,902,798,769,830,793,864,827,876,808
V,935,907,799,769,828,791,864,826,877,807
V,935,906,798,768,826,794,861,825,877,807
V,937,904,798,767,825,792,863,824,869,807
V,933,906,799,769,825,793,862,827,874,806
V,934,904,798,767,825,793,865,828,877,808
V,936,904,799,768,827,792,862,826,878,809
V,934,904,799,769,825,790,862,827,877,806
V,936,909,797,768,825,790,861,826,876,807
V,936,906,800,770,824,792,862,827,875,809
V,935,907,798,769,824,793,864,828,875,806
V,937,902,800,767,827,793,862,827,875,809
V,939,904,799,769,827,792,862,827,874,809
V,936,907,799,768,824,791,864,826,876,809
V,937,905,799,769,826,792,863,828,876,809
V,937,906,799,768,827,791,863,826,874,808
V,938,903,799,769,825,791,863,828,874,807
V,939,903,799,770,826,791,863,827,878,810
V,937,902,799,769,826,793,863,827,871,810
V,938,905,799,768,826,791,861,828,876,807
V,933,910,799,768,826,792,862,826,874,808
V,938,907,798,767,827,790,861,829,873,808
V,926,907,801,771,829,792,860,828,873,808
V,933,903,798,770,827,791,862,826,876,808
V,935,908,799,769,826,791,859,824,876,807
V,934,907,800,766,825,792,861,826,876,806
V,936,905,799,768,826,792,862,825,876,807
V,936,907,799,769,825,792,861,827,874,807
V,937,904,800,768,827,791,861,827,876,808
V,935,905,799,768,827,791,861,825,876,808
V,937,904,800,768,826,792,862,824,875,809
V,939,903,799,768,826,792,861,825,876,808
V,934,903,800,769,827,791,862,826,876,806
V,937,903,799,768,827,793,861,826,876,807
V,934,904,799,768,828,793,861,823,874,807
V,936,902,801,767,826,792,859,824,875,806
V,935,905,800,767,827,791,861,825,876,806
V,935,905,800,767,827,791,862,824,875,806
V,934,904,799,767,828,791,862,824,872,807
V,937,903,800,767,829,792,862,824,877,806
V,935,902,799,766,830,791,863,823,873,807
V,934,905,800,768,827,791,862,824,877,805
V,934,905,799,769,828,792,860,823,877,807
V,937,905,801,766,826,791,862,822,875,806
V,933,903,800,768,828,793,862,820,874,805
V,931,903,801,769,828,791,863,822,873,807
V,933,904,800,769,828,791,863,825,877,805
V,934,903,801,767,828,792,862,825,874,808
V,933,904,801,767,826,791,862,824,875,806
V,933,903,801,767,827,791,861,825,874,805
V,934,905,800,767,827,790,862,822,876,806
V,937,905,801,768,828,792,862,824,874,806
V,938,903,799,768,827,791,862,824,876,804
V,936,901,800,768,828,792,862,824,875,807
V,934,904,801,769,828,792,862,824,877,806
V,937,904,800,766,827,790,862,823,875,806
V,934,904,800,767,825,790,862,821,875,805
V,934,904,800,768,827,790,860,819,875,806
V,937,903,801,768,829,791,862,822,872,807
V,936,904,800,768,828,791,862,825,877,806
V,937,904,801,767,830,792,863,816,875,803
V,935,903,801,769,826,791,861,820,876,805
V,930,904,802,767,828,792,862,824,876,805
V,932,906,799,768,827,792,861,823,874,807
V,928,907,799,768,825,792,862,821,873,805
V,934,903,801,767,827,792,861,823,875,806
V,937,904,801,768,826,793,863,822,873,806
V,934,903,800,767,825,791,862,824,877,807
V,935,907,801,765,824,790,862,823,875,805
V,936,902,801,767,826,791,863,821,873,805
V,932,904,801,767,825,792,864,819,875,805
V,935,905,800,768,824,790,863,821,875,806
V,938,904,801,766,826,792,863,825,878,806
V,933,907,800,767,824,791,863,822,876,806
V,932,905,801,767,825,791,862,823,874,806
V,937,906,802,767,825,791,862,824,873,808
V,934,905,800,767,823,791,861,822,875,806
V,934,904,801,768,824,791,863,818,872,804
V,934,905,801,769,825,792,863,823,873,805
V,938,907,802,767,826,790,862,823,878,804
V,936,902,801,769,824,791,863,821,877,806
V,934,903,802,770,823,791,863,819,874,805
V,936,905,801,768,825,791,862,820,873,806
V,934,904,801,767,823,791,862,823,875,804
V,928,904,802,768,822,791,862,823,875,805
V,933,905,801,768,823,790,863,820,877,804
V,929,905,803,767,823,790,862,821,876,805
V,933,906,802,766,825,790,862,824,875,804
V,938,906,801,767,824,791,862,820,875,806
V,933,906,802,768,824,791,863,821,873,806
V,938,908,802,769,822,790,863,820,874,806
V,936,908,802,768,824,789,863,824,874,806
V,934,909,801,766,823,792,863,816,875,806
V,936,904,801,767,824,792,863,823,874,805
V,933,904,802,767,823,789,862,825,872,805
V,933,905,801,766,824,791,862,822,875,806
V,935,904,802,768,824,790,862,822,874,806
V,931,904,802,767,824,790,864,818,875,806
V,936,906,801,768,825,792,863,823,876,803
V,933,905,802,766,825,790,862,821,873,804
V,937,904,801,768,827,791,863,823,873,807
V,934,902,802,767,827,790,862,823,876,805
V,938,902,802,766,827,790,863,823,875,804
V,937,905,803,768,825,791,864,820,874,805
V,938,905,804,769,825,789,864,822,877,806
V,937,903,804,766,827,791,864,821,874,806
V,934,906,803,767,825,791,862,821,878,807
V,936,904,803,767,827,790,864,821,874,804
V,934,906,802,768,827,790,863,819,871,805
V,933,905,803,767,830,791,864,822,875,806
V,942,910,805,770,833,789,863,821,877,805
V,933,905,803,767,828,792,863,820,877,807
V,939,902,802,767,827,790,866,822,875,806
V,937,903,803,767,827,791,863,825,874,805
V,937,905,802,769,825,792,865,822,876,805
V,935,907,802,768,826,790,864,821,876,804
V,934,906,804,767,826,790,865,821,873,806
V,933,906,800,767,827,789,866,820,876,806
V,935,907,803,767,826,791,866,821,873,805
V,933,908,804,767,823,791,863,821,880,804
V,935,910,804,766,827,791,865,822,874,804
V,935,907,802,767,826,791,865,822,875,807
V,941,909,804,767,827,792,864,821,877,806
V,933,907,802,765,826,791,865,822,874,806
V,934,905,802,767,827,790,865,820,874,805
V,935,906,804,768,826,791,866,822,877,804
V,932,908,803,766,827,792,866,819,876,804
V,936,905,804,768,828,791,865,823,875,806
V,936,908,803,767,827,792,864,821,875,804
V,935,905,804,766,829,792,865,823,877,804
V,936,907,802,766,825,790,864,821,873,805
V,934,906,802,767,825,791,864,818,876,803
V,937,906,803,768,824,791,866,820,875,805
V,933,906,802,766,825,791,864,821,875,806
V,933,907,803,767,826,791,865,820,876,805
V,935,905,803,767,824,790,864,823,874,806
V,935,906,802,766,825,789,863,822,875,802
V,934,905,803,765,829,789,865,823,877,806
V,936,903,803,765,825,790,863,822,876,804
V,935,908,803,768,827,790,863,823,874,806
V,933,905,802,766,827,791,863,822,875,805
V,933,907,802,768,825,789,862,821,878,808
V,934,907,803,765,826,791,863,820,874,805
V,935,906,803,766,827,790,863,822,875,804
V,931,907,803,767,826,791,865,820,875,804
V,930,901,802,767,824,789,865,819,876,804
V,937,905,804,767,825,789,863,824,876,804
V,935,906,802,768,825,790,864,824,877,805
V,936,906,803,766,826,789,865,820,873,807
V,936,905,803,768,827,791,864,823,875,805
V,930,905,804,768,826,791,865,822,877,804
V,937,907,803,765,830,790,863,823,874,806
V,939,908,803,769,827,790,864,824,873,807
V,937,904,804,769,826,790,865,821,877,804
V,941,906,805,769,824,792,864,823,876,805
V,934,903,802,769,826,790,863,823,877,804
V,934,903,804,767,825,791,865,822,874,804
V,934,905,803,768,826,790,863,821,876,806
V,937,903,804,767,824,791,863,822,875,805
V,936,903,805,766,826,791,864,820,875,807
V,936,906,805,767,825,791,865,820,877,806
V,932,907,803,766,826,792,864,823,877,805
V,938,906,804,768,828,792,864,823,874,805
V,932,907,805,767,825,789,864,822,876,806
V,934,907,803,767,824,791,861,822,877,803
V,933,905,803,767,826,790,863,822,876,805
V,934,904,805,766,825,790,862,821,872,807
V,937,905,803,768,823,791,864,821,876,805
V,935,908,803,769,826,789,863,824,875,804
V,937,906,804,767,828,790,862,822,873,805
V,934,904,805,768,826,790,863,825,873,805
V,933,902,804,767,825,792,862,823,875,804
V,937,905,806,769,826,791,863,823,874,804
V,932,904,804,768,825,789,863,820,875,807
V,933,906,804,768,822,791,864,823,875,805
V,941,902,805,766,823,790,864,820,875,804
V,936,905,805,767,824,790,863,819,874,803
V,934,904,804,768,825,790,863,821,874,804
V,933,904,804,767,826,791,864,821,874,805
V,939,908,803,768,827,790,863,821,874,806
V,936,904,804,767,826,791,864,822,873,805
V,933,905,804,768,823,792,864,822,874,805
V,936,906,805,766,824,790,864,820,876,804
V,932,904,804,765,826,792,864,821,876,806
V,934,905,804,767,823,791,865,823,876,805
V,938,904,806,767,825,791,864,820,874,805
V,938,902,806,767,824,791,861,819,875,804
V,932,904,804,766,825,792,864,822,873,805
V,937,904,806,767,826,790,865,820,876,803
V,935,904,805,766,824,791,863,822,876,806
V,937,905,804,768,826,789,864,823,875,804
V,936,904,804,767,825,791,864,821,877,806
V,934,903,805,768,823,790,864,820,876,804
V,936,906,804,768,828,790,863,822,875,804
V,937,902,805,766,828,790,865,822,877,803
V,933,905,804,767,827,791,862,821,878,804
V,933,906,803,766,826,791,864,822,874,805
V,937,903,804,769,824,790,863,822,874,805
V,936,905,803,767,824,790,864,821,876,806
V,936,904,805,767,826,790,864,823,873,806
V,935,901,806,763,828,789,865,822,875,805
V,937,904,806,765,825,791,863,819,876,804
V,936,904,804,768,823,789,863,822,876,806
V,935,906,803,767,825,791,863,822,874,806
V,934,906,803,767,824,790,862,824,873,804
V,937,904,804,767,825,791,863,821,878,807
V,930,906,804,767,825,791,863,823,875,803
V,934,904,804,768,825,791,864,820,877,806
V,937,903,803,768,825,789,864,821,877,804
V,933,906,805,766,824,791,862,821,876,804
V,934,902,804,769,824,788,863,819,875,804
V,930,904,805,767,825,790,863,821,875,805
V,934,907,804,768,823,789,863,820,875,804
V,936,906,804,767,822,791,864,820,874,804
V,931,905,803,766,823,789,864,819,876,806
V,932,907,805,768,822,789,862,821,875,805
V,936,903,805,768,824,790,864,820,877,807
V,936,905,805,767,825,789,863,822,875,804
V,935,903,804,767,823,789,862,819,876,806
V,936,905,806,768,824,791,864,821,875,806
V,935,906,806,767,821,791,863,820,875,805
V,936,905,805,768,825,790,862,818,875,804
V,937,903,806,768,822,789,863,823,874,804
V,934,901,805,765,822,791,863,822,874,806
V,936,906,806,767,823,790,863,822,876,805
V,936,904,805,766,822,790,863,820,874,803
V,933,904,806,767,822,790,863,823,874,804
V,934,905,805,766,824,790,863,824,875,804
V,930,904,805,767,823,791,863,820,875,805
V,933,904,807,767,824,791,862,822,876,806
V,933,906,805,766,822,791,862,823,874,806
V,934,904,806,766,821,790,864,822,873,805
V,936,904,806,768,822,789,862,821,876,805
V,934,902,807,767,819,789,860,825,874,805
V,935,905,805,768,823,792,862,821,870,802
V,934,904,805,767,823,791,862,823,877,803
V,932,906,807,767,823,791,861,822,875,805
V,936,906,804,768,821,790,864,823,873,804
V,939,906,807,768,823,789,863,821,875,804
V,935,903,805,766,823,789,863,822,877,806
V,932,902,805,767,824,790,862,821,874,805
V,936,905,806,766,823,790,863,822,876,805
V,937,904,806,767,823,790,864,824,876,804
V,933,903,805,769,824,790,863,823,874,805
V,931,904,807,767,822,791,863,819,876,805
V,932,903,805,767,821,791,862,822,874,805
V,936,904,806,767,823,790,862,819,874,804
V,934,905,806,766,822,789,865,823,876,805
V,933,904,806,767,824,791,864,823,875,806
V,935,905,805,768,824,791,862,823,875,805
V,932,903,806,765,824,791,864,822,875,806
V,936,905,805,766,822,790,863,820,874,805
V,936,906,806,767,824,789,863,823,876,805
V,934,904,805,770,824,788,863,819,874,803
V,934,903,804,766,823,790,861,822,875,804
V,934,904,806,766,824,789,864,820,873,805
V,935,905,806,767,824,790,862,822,876,806
V,935,903,806,767,822,791,863,820,877,804
V,938,902,804,768,823,790,862,822,875,804
V,931,906,805,767,822,789,863,822,875,804
V,935,903,805,768,820,791,862,819,874,806
V,925,910,805,765,822,789,863,822,876,804
V,932,903,806,768,820,790,862,820,874,804
V,936,907,807,769,822,791,863,820,875,805
V,932,903,806,768,823,790,863,819,875,804
V,931,905,806,766,823,790,862,824,872,804
V,931,905,804,766,822,791,862,821,874,805
V,935,904,805,767,823,791,863,821,875,804
V,935,906,805,768,822,790,865,824,873,803
V,933,904,807,768,822,790,862,820,872,806
V,937,905,804,767,822,790,863,820,874,801
V,932,906,805,768,825,791,864,826,878,807
V,933,905,805,767,826,791,864,822,875,805
V,934,903,806,766,825,790,865,821,876,805
V,932,905,803,766,828,790,868,821,879,805
V,934,904,805,768,829,790,868,823,877,805
V,935,905,806,766,826,791,869,821,882,805
V,936,905,806,767,829,791,870,823,880,806
V,935,904,804,766,834,791,872,824,882,805
V,936,907,806,765,827,790,873,826,880,806
V,933,904,805,767,824,789,872,824,884,806
V,937,905,805,766,825,790,874,823,883,805
V,936,904,806,766,826,791,874,822,881,805
V,936,906,806,768,826,791,872,822,881,807
V,936,907,805,768,824,790,873,823,882,805
V,935,906,805,768,827,790,873,825,883,806
V,933,906,806,766,826,791,875,825,880,806
V,936,906,805,765,826,789,873,824,880,807
V,937,906,805,768,828,789,872,825,882,807
V,932,907,805,767,825,790,873,821,882,805
V,932,908,805,766,825,791,872,825,881,805
V,934,906,805,767,825,790,874,824,880,806
V,934,908,805,766,823,791,875,819,884,806
V,938,906,804,767,824,791,874,825,880,807
V,934,907,805,766,822,790,875,821,880,805
V,933,906,804,766,823,790,874,825,882,803
V,936,906,804,766,823,789,875,822,881,807
V,936,903,807,768,824,792,875,820,880,804
V,936,907,804,768,824,788,874,824,880,805
V,933,907,804,765,824,790,874,823,880,805
V,938,908,807,766,826,790,873,824,882,805
V,934,909,805,767,824,791,872,823,879,807
V,933,907,804,767,825,791,873,821,879,806
V,936,909,805,768,823,789,874,823,879,806
V,932,908,804,767,827,792,873,822,882,806
V,932,907,806,766,825,790,874,824,883,804
V,936,906,805,767,825,790,875,823,883,804
V,938,910,805,766,823,789,875,821,880,804
V,934,909,807,765,824,789,874,822,880,805
V,936,907,806,766,825,791,874,823,882,804
V,932,905,805,765,826,789,876,823,886,804
V,933,906,804,766,823,790,874,819,878,804
V,933,908,805,767,823,791,873,820,881,806
V,937,908,805,766,823,792,872,818,881,807
V,933,905,805,766,825,791,874,821,881,804
V,936,906,805,767,826,790,875,820,882,807
V,933,904,806,766,829,790,874,821,881,805
V,936,906,806,765,828,790,874,824,881,805
V,936,908,804,768,832,790,873,821,878,806
V,933,907,805,766,827,790,873,819,882,804
V,933,908,805,768,824,791,873,820,879,805
V,935,907,805,767,824,790,871,820,880,802
V,936,909,806,765,826,789,873,824,882,804
V,937,904,806,767,824,790,873,824,883,804
V,937,906,805,766,826,790,873,824,881,804
V,935,905,805,765,826,790,877,821,880,805
V,932,905,804,767,825,791,872,821,880,805
V,935,906,805,768,823,789,874,825,882,807
V,932,904,803,768,823,789,872,823,880,805
V,930,903,805,766,825,791,873,821,878,805
V,934,904,804,768,826,789,874,819,882,804
V,932,904,806,767,826,790,873,823,882,803
V,931,905,806,767,826,790,872,821,880,802
V,931,905,806,764,825,789,872,821,880,805
V,930,905,807,766,825,790,874,820,879,805
V,933,905,805,767,824,790,872,821,879,805
V,932,904,805,766,824,789,871,824,878,805
V,933,905,807,767,825,791,872,820,879,804
V,934,906,805,766,825,789,871,823,881,806
V,934,907,806,765,825,789,872,819,879,805
V,931,905,806,767,824,790,872,820,881,805
V,935,905,805,767,825,790,872,820,881,806
V,935,906,806,766,824,791,871,821,880,804
V,932,904,805,766,825,789,870,822,879,805
V,937,903,805,767,823,791,871,819,880,806
V,932,905,806,767,823,790,871,821,879,804
V,933,904,806,767,825,789,870,819,880,806
V,936,905,807,766,825,789,871,820,879,805
V,932,904,806,767,824,791,872,822,880,804
V,933,906,805,768,826,791,872,822,879,806
V,935,904,806,766,825,790,871,821,880,804
V,931,906,805,766,824,790,870,821,878,804
V,937,907,807,766,824,791,872,820,879,804
V,935,903,807,769,822,788,871,820,879,805
V,930,906,806,767,824,792,870,819,878,806
V,934,905,807,767,826,790,871,820,878,805
V,933,903,805,765,823,791,872,821,880,804
V,937,907,805,766,826,788,872,819,881,806
V,934,905,805,767,825,790,870,821,880,804
V,935,904,806,765,826,791,870,818,880,805
V,937,905,804,766,825,790,870,822,878,809
V,929,907,805,768,824,791,872,819,877,806
V,934,904,805,765,823,791,870,819,879,806
V,933,904,805,766,826,791,871,821,879,805
V,935,905,805,765,825,791,871,820,880,805
V,936,906,805,765,825,789,872,819,877,803
V,936,905,806,767,825,790,869,819,876,804
V,936,906,806,765,824,789,873,820,873,803
V,933,903,807,766,823,790,870,819,878,805
V,935,903,805,765,823,789,870,820,882,806
V,931,906,808,767,825,788,873,818,878,803
V,936,905,806,766,824,790,871,820,880,804
V,935,906,805,766,826,790,870,820,879,803
V,936,906,806,766,825,789,869,821,880,804
V,932,903,806,767,825,790,868,820,880,804
V,937,907,806,767,824,790,869,820,881,804
V,935,904,806,767,825,789,871,817,877,804
V,935,902,806,766,823,791,872,819,880,807
V,935,904,805,767,826,790,872,819,878,805
V,937,905,807,767,825,791,870,821,879,804
V,934,904,805,767,826,790,870,818,876,803
V,929,906,806,766,825,790,872,819,877,804
V,935,905,806,767,827,789,870,817,879,803
V,936,905,806,767,827,789,871,820,881,804
V,932,908,807,765,825,789,872,821,877,805
V,932,905,804,768,824,788,871,823,878,805
V,934,903,806,768,824,791,870,822,879,805
V,935,906,805,766,827,791,870,818,878,802
V,935,906,806,767,827,789,871,819,877,805
V,936,904,807,766,824,789,871,818,879,807
V,932,902,805,765,824,789,871,819,877,804
V,933,905,805,766,826,790,870,820,876,804
V,936,905,805,765,823,792,871,818,878,804
V,933,905,806,766,824,789,870,822,880,803
V,932,905,806,765,825,791,872,822,878,805
V,935,906,807,766,825,790,871,820,877,804
V,934,906,805,766,824,789,871,821,879,804
V,932,906,805,765,825,791,871,821,879,804
V,932,903,805,764,823,788,871,822,880,803
V,933,904,805,765,826,789,870,822,880,805
V,935,905,806,767,824,791,871,822,878,805
V,934,905,806,766,825,790,871,818,877,804
V,937,901,806,767,824,790,870,821,877,805
V,935,903,807,767,826,790,870,821,878,805
V,936,903,807,768,824,790,870,820,879,803
V,932,904,804,768,825,790,870,820,878,805
V,936,902,807,768,825,791,870,822,878,803
V,933,906,805,767,823,788,869,823,882,803
V,932,902,806,766,825,790,870,820,877,805
V,933,903,807,767,825,790,870,820,879,808
V,935,905,807,764,826,788,870,821,879,804
V,934,906,806,766,823,791,869,819,880,803
V,936,905,806,767,823,790,870,822,877,805
V,937,907,806,766,825,792,870,819,878,803
V,932,906,806,767,825,791,870,820,878,804
V,937,906,807,767,823,790,870,819,875,803
V,929,900,806,767,824,789,868,822,878,803
V,930,904,806,766,823,791,869,820,877,804
V,937,904,807,766,824,789,869,818,876,803
V,935,906,806,766,826,790,871,819,879,803
V,940,905,806,769,824,790,871,822,880,803
V,932,903,807,766,825,791,870,818,877,804
V,935,904,806,766,827,789,872,819,876,803
V,935,903,806,766,825,790,871,819,878,803
V,931,904,806,767,825,791,869,820,878,805
V,934,906,806,765,822,790,870,821,878,804
V,931,905,806,766,825,790,869,822,879,805
V,935,903,806,768,824,790,871,820,879,804
V,933,906,807,767,826,788,871,821,879,803
V,932,904,807,767,825,789,871,819,879,803
V,935,904,805,765,825,791,870,820,879,805
V,928,899,805,767,825,790,870,821,879,804
V,935,905,807,768,824,791,870,820,879,803
V,935,906,807,765,823,789,870,818,877,805
V,931,907,807,763,825,790,870,820,879,805
V,932,906,806,767,825,790,869,822,878,805
V,935,905,806,766,823,791,869,819,877,805
V,935,905,807,767,822,791,870,819,878,803
V,936,904,807,766,825,789,870,817,876,804
V,934,904,805,766,822,790,869,820,877,806
V,935,904,808,766,822,789,870,819,880,805
V,935,904,807,768,824,790,871,820,877,805
V,935,902,806,767,824,789,869,822,878,804
V,934,905,806,768,825,790,868,820,879,805
V,936,907,807,767,825,789,871,822,880,804
V,932,906,807,770,826,789,869,819,875,805
V,935,905,807,766,824,790,869,820,877,804
V,934,905,808,766,824,791,869,822,878,803
V,937,903,807,768,822,791,869,820,879,805
V,935,905,807,767,825,791,870,819,878,803
V,933,905,807,766,826,792,870,822,880,803
V,936,906,807,768,825,790,870,820,878,806
V,936,905,807,766,825,789,870,817,879,807
V,936,906,806,766,823,790,869,820,877,805
V,934,904,808,765,822,789,870,818,877,803
V,934,902,808,767,824,791,870,819,877,804
V,935,903,807,766,824,790,867,821,878,804
V,931,902,807,767,822,790,869,821,874,805
V,932,905,806,767,825,789,871,822,876,804
V,932,902,807,768,825,789,871,818,879,804
V,928,904,806,767,823,791,870,820,878,804
V,932,905,806,767,824,790,869,821,876,805
V,937,901,808,768,825,790,869,820,878,805
V,933,903,808,766,825,790,871,821,877,806
V,936,906,808,766,826,789,870,821,878,804
V,934,906,809,767,825,790,868,819,880,806
V,934,906,809,767,823,789,868,821,875,803
V,936,905,807,766,825,791,869,822,877,804
V,933,903,806,767,825,789,870,818,879,803
V,935,906,808,767,825,790,870,821,878,802
V,934,904,806,768,822,791,869,819,879,806
V,936,904,808,767,823,789,870,819,878,804
V,936,905,809,765,823,790,871,820,880,804
V,937,904,808,767,824,790,869,818,878,805
V,933,902,809,766,823,790,870,818,878,805
V,934,904,808,765,824,789,869,821,877,803
V,931,904,809,767,823,789,868,819,876,805
V,936,909,807,768,821,788,872,816,878,804
V,934,906,809,767,824,788,869,818,876,805
V,936,905,809,767,824,789,870,821,875,806
V,930,904,808,765,824,789,869,819,876,805
V,936,903,808,767,826,789,869,821,877,804
V,932,901,810,766,824,789,868,820,875,805
V,933,906,809,767,825,789,868,822,876,803
V,933,904,808,767,823,790,869,821,876,803
V,932,904,808,767,826,790,869,819,875,804
V,938,904,809,767,825,790,869,820,877,803
V,934,905,809,767,824,790,868,821,878,805
V,935,905,808,768,824,789,869,821,876,805
V,936,906,808,767,824,788,870,820,874,805
V,930,904,807,767,825,789,869,821,877,803
V,932,903,809,764,822,789,870,819,875,804
V,929,906,808,766,825,790,867,819,877,805
V,934,904,808,766,822,790,870,819,875,804
V,935,905,808,767,823,789,868,818,879,806
V,930,905,808,766,823,790,868,818,874,803
V,932,906,809,764,824,789,868,818,878,805
V,933,906,807,767,825,790,868,821,875,805
V,932,904,809,766,823,788,868,820,875,806
V,935,903,808,767,824,790,870,821,875,805
V,934,905,808,767,823,788,870,819,875,805
V,933,905,809,767,824,790,869,818,878,800
V,933,905,808,768,824,791,869,819,877,804
V,934,903,807,765,823,789,870,819,877,805
V,937,904,807,769,824,791,870,819,876,805
V,936,902,809,768,825,789,870,820,874,805
V,932,903,809,766,825,790,868,819,877,803
V,933,905,807,767,824,790,868,820,879,805
V,933,905,809,767,824,789,869,818,874,803
V,932,903,809,768,823,789,869,819,874,804
V,933,903,808,766,825,791,870,821,876,800
V,935,905,808,767,824,790,868,819,877,804
V,931,906,809,765,825,789,867,820,878,805
V,934,905,808,766,824,790,870,820,876,804
V,932,903,809,767,826,790,869,820,880,805
V,937,907,808,767,825,790,869,818,876,803
V,933,903,809,766,829,788,867,822,876,806
V,931,904,809,767,828,790,870,818,875,804
V,932,905,808,767,826,790,868,822,876,802
V,933,902,809,767,828,791,868,818,875,805
V,934,905,808,768,824,789,870,822,879,805
V,932,904,810,768,827,789,868,818,877,804
V,934,907,811,770,831,790,869,818,878,805
V,934,902,808,767,827,787,868,819,878,803
V,933,905,808,766,826,790,869,818,878,805
V,930,902,806,767,825,788,869,821,878,804
V,936,904,808,768,826,789,868,819,877,804
V,932,904,808,768,824,789,869,817,874,804
V,933,904,809,766,823,789,870,822,874,804
V,935,903,809,769,826,790,869,821,875,805
V,930,906,808,766,828,790,868,820,878,804
V,932,904,809,766,829,790,870,819,876,803
V,931,906,809,766,831,789,869,819,878,803
V,935,902,809,767,830,789,869,820,876,804
V,931,904,808,766,831,790,869,821,876,806
V,936,906,809,766,830,791,867,818,875,804
V,933,905,808,766,832,790,870,820,875,806
V,934,906,809,766,833,790,870,820,872,806
V,937,906,808,766,836,789,870,819,875,804
V,932,904,807,768,836,790,868,820,876,806
V,932,905,808,767,835,790,868,820,876,803
V,932,905,808,767,848,790,870,822,875,803
V,932,906,809,766,846,790,869,820,875,803
V,936,905,808,769,840,789,869,821,877,805
V,931,904,809,767,841,790,869,821,878,806
V,931,904,808,769,839,790,869,820,876,805
V,936,905,808,768,836,788,869,822,877,803
V,934,903,808,766,840,790,869,818,876,804
V,931,905,809,768,840,789,870,818,876,803
V,932,906,809,767,856,789,869,820,875,806
V,936,903,809,765,849,792,869,820,874,805
V,935,902,809,766,847,789,870,820,875,806
V,933,909,806,767,843,791,869,819,874,805
V,931,903,809,768,846,791,869,817,877,804
V,935,903,807,768,843,791,870,822,874,806
V,934,903,809,768,843,789,870,819,874,804
V,932,904,810,767,839,791,868,821,876,805
V,935,902,809,767,839,790,869,820,877,805
V,939,906,806,765,837,790,870,819,875,805
V,932,903,808,768,839,791,870,820,874,805
V,935,904,808,767,838,791,870,818,878,804
V,932,905,808,767,837,791,869,823,875,803
V,934,905,808,767,838,790,870,820,873,805
V,931,904,808,768,834,788,870,818,876,804
V,934,904,808,767,834,791,868,821,874,804
V,933,903,810,768,843,791,869,821,874,805
V,931,905,808,769,842,790,871,821,874,804
V,938,907,809,769,848,791,868,820,875,805
V,931,904,809,768,848,790,868,819,876,804
V,935,903,808,769,846,790,869,818,871,806
V,933,907,808,769,845,790,870,822,879,803
V,935,905,809,767,845,789,869,821,877,803
V,935,903,809,766,842,789,869,818,875,804
V,933,906,809,767,850,790,870,819,874,804
V,927,906,808,770,853,790,871,822,874,804
V,935,904,808,768,848,790,870,820,875,804
V,935,904,810,768,839,791,870,821,874,804
V,931,904,810,766,844,789,869,822,878,804
V,934,905,809,767,847,788,870,818,878,803
V,933,905,809,767,848,791,870,821,876,804
V,931,905,808,767,847,789,868,820,875,806
V,931,905,807,767,839,791,870,820,876,805
V,932,906,808,767,836,790,869,817,878,803
V,935,904,808,767,832,790,870,820,876,804
V,932,905,807,767,839,789,870,819,876,806
V,934,903,808,769,838,790,869,819,875,804
V,935,903,807,768,838,790,870,818,875,804
V,935,902,809,768,832,789,871,818,877,804
V,932,905,808,768,833,790,869,822,876,804
V,932,903,809,769,831,790,868,819,876,803
V,929,904,810,766,832,790,869,820,874,803
V,932,904,807,768,834,789,871,821,875,804
V,935,905,808,768,838,790,871,819,874,805
V,936,906,809,766,837,789,869,820,873,806
V,934,904,808,768,840,790,869,819,876,806
V,934,902,807,769,838,788,869,816,877,803
V,938,903,810,767,838,791,869,821,876,805
V,935,902,808,769,836,789,869,819,878,806
V,933,906,810,766,830,791,870,820,874,806
V,934,905,809,766,829,791,868,819,875,806
V,932,903,810,768,830,791,869,818,872,803
V,932,905,809,768,829,789,870,821,876,804
V,932,905,810,766,832,790,868,822,873,805
V,933,902,808,768,828,791,870,821,877,806
V,934,903,808,767,829,790,870,820,875,805
V,933,906,809,767,828,791,869,820,875,805
V,934,903,808,766,828,789,870,818,879,805
V,935,902,808,768,829,790,871,819,876,806
V,935,903,809,768,828,790,870,821,878,805
V,932,903,808,767,827,790,869,819,878,806
V,932,904,809,768,830,790,869,819,877,804
V,931,905,808,767,828,790,869,817,873,804
V,936,905,809,768,828,790,868,819,875,805
V,935,904,809,766,827,789,869,821,876,804
V,933,902,810,768,828,790,869,820,873,806
V,935,906,809,770,826,790,867,821,878,804
V,934,904,808,769,828,791,869,818,876,804
V,933,902,808,767,826,791,869,818,875,807
V,934,903,808,767,827,791,868,821,874,805
V,934,906,810,767,828,789,870,821,874,804
V,935,904,809,768,827,790,871,821,875,805
V,932,906,808,768,828,791,869,820,874,803
V,933,904,810,768,827,791,869,819,878,804
V,936,901,809,766,826,790,869,821,876,804
V,935,902,812,771,827,788,868,821,876,803
V,933,905,808,767,827,791,870,821,876,804
V,933,904,810,769,827,789,871,818,877,805
V,933,906,808,767,828,790,869,818,876,805
V,937,903,809,766,828,790,870,820,877,805
V,933,905,810,768,828,790,869,817,876,804
V,935,908,810,765,828,789,868,818,873,803
V,931,906,809,766,829,789,868,817,873,804
V,933,902,810,765,827,789,870,817,875,803
V,938,903,809,767,829,791,869,821,874,804
V,937,902,809,768,828,788,871,819,874,802
V,930,905,809,767,830,789,869,821,874,804
V,935,907,810,769,827,790,868,819,877,805
V,934,905,809,768,827,790,868,819,873,804
V,932,905,809,769,830,789,868,819,874,806
V,933,904,810,767,829,789,870,819,874,804
V,930,905,811,769,831,790,870,819,877,805
V,931,906,808,768,828,791,868,818,874,806
V,932,904,810,768,827,790,870,820,876,805
V,935,903,810,767,827,789,869,819,873,805
V,932,904,810,768,831,790,869,821,874,805
V,935,902,810,768,829,790,870,819,875,805
V,932,902,810,769,828,791,869,817,877,804
V,934,906,810,768,827,790,868,818,876,803
V,936,904,811,766,829,788,870,819,875,805
V,931,903,809,768,827,790,868,820,874,805
V,935,904,811,770,828,791,870,822,874,806
V,933,904,809,769,827,789,869,818,874,803
V,932,903,810,767,828,789,868,821,874,804
V,936,903,809,768,828,790,868,822,876,804
V,936,903,810,767,831,790,869,819,875,804
V,936,904,810,767,832,791,869,820,875,803
V,932,903,811,769,834,789,868,819,877,804
V,933,903,811,769,832,790,870,818,877,805
V,937,904,810,770,834,791,871,820,876,805
V,931,904,811,768,833,791,868,818,874,805
V,932,906,810,770,831,789,869,819,875,805
V,933,903,809,768,830,790,869,819,876,805
V,934,903,811,768,830,790,869,817,876,806
V,930,906,809,768,832,789,868,818,875,805
V,935,904,810,769,833,789,868,821,875,803
V,932,904,808,767,829,790,870,818,874,801
V,933,902,811,767,831,791,869,819,874,803
V,936,906,811,767,832,788,870,818,876,805
V,932,903,810,767,837,788,870,818,875,803
V,932,905,810,769,828,790,869,818,875,805
V,935,905,811,768,828,789,868,821,874,804
V,930,903,809,767,829,788,870,817,872,804
V,931,904,810,768,828,789,870,819,875,803
V,931,903,811,769,829,789,869,819,877,805
V,930,903,810,768,827,790,870,818,875,804
V,934,904,809,769,830,790,868,818,874,805
V,937,902,810,767,831,790,869,820,876,806
V,937,902,810,768,828,790,868,820,874,803
V,936,905,810,767,829,790,869,822,875,804
V,931,904,810,769,826,791,869,818,877,806
V,928,903,809,767,827,790,869,821,875,805
V,931,903,809,768,826,788,869,820,874,804
V,936,905,810,769,828,790,870,822,873,803
V,934,903,810,770,828,789,870,820,876,805
V,932,906,809,769,827,789,868,823,877,803
V,934,903,809,768,828,789,869,820,874,804
V,933,902,810,767,827,789,870,818,874,804
V,933,904,810,769,827,790,869,819,878,804
V,934,906,810,768,826,790,869,820,876,805
V,931,904,811,768,825,788,869,817,874,804
V,933,904,811,770,826,790,870,820,876,803
V,931,904,810,768,827,790,870,818,875,804
V,935,905,810,767,827,791,868,820,876,806
V,933,906,810,766,824,790,867,820,876,804
V,933,906,809,769,825,791,868,822,878,803
V,932,905,811,767,825,791,868,818,872,803
V,931,903,810,767,826,789,870,818,874,805
V,935,904,809,769,826,789,868,818,877,803
V,938,904,811,770,826,788,869,821,876,803
V,932,902,810,768,828,791,870,820,874,806
V,934,902,812,767,826,790,869,819,874,806
V,936,905,811,770,827,791,869,821,874,807
V,937,904,808,768,826,790,869,818,874,803
V,932,910,810,768,829,789,869,819,877,804
V,934,904,810,768,826,790,870,820,875,806
V,934,905,809,768,827,788,869,818,873,804
V,931,903,811,769,825,790,870,818,876,805
V,934,903,811,768,825,790,867,820,875,804
V,932,904,811,767,826,789,868,819,874,804
V,931,903,810,767,825,789,870,820,877,804
V,935,903,810,770,829,789,871,820,874,803
V,934,902,811,769,829,790,868,821,876,805
V,935,903,811,767,827,790,869,822,877,805
V,931,904,810,767,827,791,869,817,876,804
V,933,903,810,767,824,789,870,818,877,803
V,934,904,811,768,826,791,869,816,876,804
V,931,903,812,769,830,790,870,819,875,805
V,935,904,812,767,827,790,869,819,875,803
V,934,902,810,767,828,790,869,820,875,804
V,934,905,811,768,827,790,869,817,877,803
V,935,904,811,769,826,789,870,821,874,806
V,936,905,811,767,827,789,868,818,877,804
V,931,905,810,767,827,790,868,817,873,805
V,931,905,811,770,827,790,870,817,875,804
V,936,907,812,770,830,791,871,820,874,803
V,936,907,811,767,826,789,869,818,875,805
V,938,904,811,767,827,789,869,819,874,804
V,932,905,811,768,825,788,869,821,874,803
V,932,904,810,769,823,790,868,820,874,804
V,931,906,809,768,821,791,871,819,877,805
V,935,907,811,769,825,790,870,820,876,804
V,932,907,811,769,824,790,868,819,873,803
V,937,905,811,768,824,790,868,822,873,803
V,931,903,810,769,821,791,869,821,876,804
V,933,908,810,766,823,789,869,820,875,806
V,932,904,809,769,823,789,867,818,874,804
V,932,902,809,769,824,789,869,820,875,805
V,937,903,811,769,823,790,870,819,877,804
V,931,901,811,769,824,789,868,819,875,803
V,931,905,811,767,823,788,868,819,877,804
V,936,903,812,769,822,790,869,818,876,806
V,936,904,810,769,823,790,869,815,874,803
V,930,904,810,769,824,789,870,817,873,804
V,937,904,810,769,821,790,870,819,874,803
V,933,904,811,769,823,791,869,818,873,806
V,932,902,810,769,823,789,868,816,876,806
V,931,901,811,769,823,790,869,819,874,804
V,930,903,812,770,822,790,870,818,874,804
V,930,902,811,769,824,789,869,820,876,804
V,934,903,811,768,825,792,868,820,877,806
V,932,902,811,769,823,790,870,818,876,805
V,935,905,810,769,822,790,870,821,874,804
V,934,904,811,768,822,790,868,818,876,804
V,931,904,810,769,822,791,870,821,876,803
V,932,902,812,768,820,790,869,820,873,805
V,935,905,811,769,822,789,869,819,876,806
V,930,905,810,770,822,790,869,821,876,805
V,932,903,810,768,822,790,869,820,876,804
V,934,903,811,768,821,789,867,818,875,805
V,932,906,811,766,821,789,868,820,876,805
V,935,902,809,771,817,788,870,823,877,803
V,930,905,811,769,823,789,870,820,874,805
V,933,902,810,769,823,790,869,818,874,804
V,931,905,810,768,822,789,870,817,875,805
V,936,902,811,767,822,789,870,820,874,805
V,936,904,810,769,821,790,868,820,875,805
V,936,904,810,768,822,789,869,820,876,803
V,933,905,810,767,821,790,869,820,875,804
V,933,905,811,768,822,790,868,821,875,805
V,934,904,810,769,821,789,870,817,874,804
V,935,905,811,769,822,790,870,818,876,804
V,934,902,810,769,821,790,870,821,876,805
V,934,904,810,768,820,790,870,819,876,803
V,937,901,811,770,821,789,867,819,876,804
V,933,905,811,768,821,789,869,818,873,805
V,932,905,812,768,820,790,870,819,874,805
V,934,903,811,765,822,792,871,820,876,805
V,934,902,811,768,822,790,868,817,874,804
V,933,905,810,769,822,789,868,820,877,806
V,933,902,810,770,821,791,869,820,877,803
V,933,904,810,768,822,790,869,816,876,804
V,935,902,810,768,822,790,868,818,877,803
V,932,903,810,767,823,789,869,818,876,804
V,935,904,810,770,822,791,869,816,877,803
V,930,901,810,768,822,789,869,817,877,805
V,931,905,811,768,823,789,868,817,875,804
V,931,905,811,768,823,790,865,817,877,803
V,932,904,810,768,821,790,868,820,875,803
V,933,902,812,768,822,790,869,820,873,803
V,935,902,811,767,823,790,870,815,878,804
V,931,904,811,769,822,788,869,819,877,804
V,930,902,810,768,823,790,870,818,877,804
V,931,905,810,768,820,788,869,819,874,805
V,933,905,808,768,822,790,869,820,873,805
V,933,907,810,771,819,790,868,820,874,803
V,935,903,810,768,821,790,870,821,872,803
V,932,904,811,767,820,790,869,816,877,805
V,931,903,811,769,820,789,868,819,876,804
V,931,903,811,768,821,789,869,822,878,804
V,931,904,812,768,819,791,868,819,875,806
V,935,904,810,769,819,788,866,820,874,804
V,932,902,811,769,821,790,869,818,876,802
V,931,902,812,769,820,790,869,818,875,803
V,933,903,811,768,820,790,869,820,873,804
V,934,905,812,770,822,789,868,817,875,805
V,934,904,811,769,820,790,868,817,875,802
V,936,905,811,768,821,790,868,819,875,804
V,936,904,811,767,822,789,869,820,877,804
V,935,905,811,767,821,790,869,816,874,802
V,931,901,812,769,820,790,869,818,877,801
V,935,904,812,769,822,791,869,817,875,806
V,931,904,812,768,821,789,869,818,876,804
V,932,903,810,770,821,789,868,819,875,805
V,932,905,812,769,820,790,869,822,877,806
V,936,902,810,767,819,789,868,817,876,805
V,933,910,813,770,823,788,868,819,874,803
V,935,903,812,768,821,789,868,821,875,803
V,931,901,810,768,821,790,867,820,874,802
V,932,902,811,769,819,790,870,818,878,804
V,933,904,811,768,820,789,868,816,876,804
V,936,904,811,768,821,789,867,818,875,803
V,942,902,811,769,820,789,868,819,874,803
V,933,902,810,768,821,789,871,816,878,804
V,933,904,811,768,821,790,868,821,874,805
V,932,904,812,769,821,790,867,815,879,806
V,932,901,812,768,820,790,869,817,875,803
V,930,904,810,770,820,790,868,820,878,805
V,933,904,811,767,821,789,870,817,876,802
V,935,903,812,769,822,790,870,818,876,803
V,934,904,812,767,822,789,870,819,874,804
V,935,905,811,767,822,790,870,819,874,805
V,934,902,811,767,821,790,869,819,877,805
V,935,905,811,769,820,791,870,818,874,805
V,935,903,812,769,819,789,869,819,874,805
V,935,904,811,769,820,788,871,817,873,803
V,937,904,811,770,819,789,870,817,877,804
V,933,903,813,770,821,789,869,817,873,805
V,933,902,811,770,823,789,867,816,873,801
V,929,904,812,767,822,790,870,821,876,805
V,936,903,813,767,821,790,870,822,872,804
V,933,902,812,769,822,790,869,818,876,805
V,935,903,813,769,817,787,871,825,876,803
V,932,904,812,769,821,790,870,818,874,805
V,934,903,810,769,818,789,869,819,877,806
V,932,904,812,768,821,790,869,820,873,805
V,934,903,811,769,822,791,870,821,877,804
V,936,903,812,768,821,787,871,820,875,803
V,935,904,811,769,820,789,869,819,874,804
V,936,904,814,768,821,791,870,816,875,803
V,933,902,812,769,821,790,869,818,877,804
V,933,901,811,768,820,791,869,818,876,805
V,935,902,812,770,822,790,869,818,877,805
V,936,902,812,768,820,787,871,822,876,803
V,931,903,812,768,819,789,867,814,875,807
V,932,901,812,769,821,788,869,818,876,805
V,930,901,814,770,821,789,869,821,876,806
V,935,903,812,768,824,788,871,819,877,806
V,934,902,810,768,821,791,869,820,879,804
V,930,902,812,768,821,790,869,818,873,805
V,935,903,813,768,822,789,870,818,873,805
V,941,901,813,770,820,790,870,818,876,803
V,936,901,813,770,821,790,870,817,874,804
V,936,902,813,768,823,790,869,819,871,803
V,933,903,812,770,821,790,868,821,874,805
V,934,905,812,767,820,789,871,820,876,805
V,929,903,813,769,821,790,869,818,877,804
V,937,902,811,766,818,791,870,820,876,803
V,934,904,813,769,821,790,869,821,881,807
V,931,904,812,769,822,791,869,821,877,805
V,932,905,813,769,821,789,868,821,876,804
V,937,902,812,770,824,792,869,818,873,804
V,932,903,814,770,820,791,871,817,877,803
V,931,905,811,768,820,789,869,817,874,804
V,931,904,813,768,822,789,868,821,876,804
V,934,901,813,767,821,789,870,817,875,803
V,934,903,812,769,819,789,868,819,872,803
V,935,903,813,768,820,790,867,818,876,804
V,936,904,812,769,820,788,869,817,872,803
V,934,902,812,769,820,790,869,816,876,804
V,928,904,813,769,822,789,871,818,876,804
V,932,904,813,769,821,790,869,819,877,805
V,939,902,812,769,822,789,870,818,875,804
V,932,903,813,768,821,790,870,819,874,803
V,935,906,811,768,821,789,871,821,876,803
V,934,906,812,768,820,790,870,819,874,805
V,933,902,814,769,821,789,869,819,875,804
V,931,903,812,768,821,790,869,818,875,803
V,931,903,813,768,822,790,870,821,873,803
V,929,902,812,770,822,788,870,816,878,803
V,934,903,812,770,820,789,870,819,877,805
V,935,902,813,769,820,790,870,819,873,803
V,936,906,813,769,822,790,870,819,873,803
V,933,902,812,767,821,790,869,820,875,804
V,932,901,812,769,821,790,869,818,874,804
V,934,902,812,769,824,789,871,818,874,804
V,933,905,813,769,821,789,871,816,873,805
V,933,901,815,768,823,791,870,816,873,805
V,932,903,812,768,822,789,869,815,874,805
V,933,902,813,770,821,790,870,818,877,805
V,931,903,812,769,821,789,869,820,873,804
V,934,905,812,768,817,791,869,818,875,806
V,927,905,813,767,820,791,869,820,874,804
V,935,898,812,769,822,789,869,818,876,804
V,933,903,814,768,821,787,869,818,876,804
V,931,905,813,770,820,790,869,817,873,802
V,929,901,813,767,821,790,867,818,872,805
V,934,903,812,770,822,787,866,824,877,803
V,934,905,812,769,820,790,869,818,877,805
V,930,902,813,769,820,789,870,819,873,805
V,931,905,812,770,820,789,871,818,876,803
V,933,901,812,767,823,789,869,819,873,806
V,934,903,811,768,821,791,869,820,874,804
V,930,903,812,769,822,790,871,815,873,806
V,931,904,813,769,822,790,869,818,875,804
V,935,902,812,769,825,790,870,820,874,806
V,931,904,813,768,822,788,870,816,876,803
V,934,901,812,770,823,789,869,820,874,804
V,936,901,813,768,821,791,869,817,873,805
V,935,903,813,770,817,789,868,819,875,804
V,935,904,812,770,821,790,869,818,874,803
V,935,906,814,769,822,790,870,820,875,805
V,933,902,812,769,821,790,868,818,877,804
V,930,905,814,768,821,789,870,817,874,803
V,931,902,813,770,820,790,870,817,874,804
