A,940,882,936,840,915,837,881,870,883,820
A,940,883,936,839,916,836,882,868,883,822
A,935,885,935,841,915,837,883,870,885,822
A,935,884,936,838,916,838,881,872,888,822
A,943,880,935,840,916,836,882,871,884,821
A,940,884,935,840,913,837,882,869,883,822
A,939,883,937,840,913,835,882,869,883,820
A,939,883,936,840,915,837,881,870,886,820
A,940,882,936,839,914,836,881,869,883,820
A,933,880,935,839,913,837,882,871,884,821
A,937,884,937,840,915,835,881,871,884,820
A,941,883,935,841,914,837,882,868,884,823
A,934,882,937,840,913,837,881,869,884,821
A,934,883,934,839,914,833,880,871,884,820
A,940,884,936,839,914,836,880,870,882,820
A,940,884,936,837,914,837,879,868,882,822
A,939,880,935,838,916,836,880,870,886,819
A,938,884,937,839,914,836,880,868,886,820
A,939,881,935,837,915,836,878,868,884,821
A,934,881,937,839,912,836,881,868,886,820
A,937,883,935,837,915,836,881,868,884,821
A,941,881,934,838,914,835,880,870,885,820
A,934,885,938,839,913,837,880,870,886,821
A,935,881,933,837,911,836,880,868,885,822
A,938,884,937,837,916,838,881,869,885,820
A,937,885,936,836,913,836,880,869,884,820
A,941,880,934,836,915,835,881,866,885,820
A,940,881,935,839,914,835,879,869,884,821
A,938,882,934,837,916,836,879,865,881,819
A,938,882,935,838,915,834,880,869,884,820
A,936,880,935,838,914,835,879,867,883,820
A,940,884,934,837,912,835,879,868,883,818
A,934,885,936,838,913,835,879,868,885,820
A,939,883,936,837,912,836,879,870,884,818
A,940,882,934,837,915,834,880,869,881,819
A,939,882,935,838,910,835,880,869,881,819
A,939,883,934,838,914,836,880,866,881,819
A,936,879,936,838,912,834,878,870,885,821
A,935,883,934,836,914,833,879,870,884,821
A,940,881,935,839,915,833,880,869,885,821
A,939,882,936,837,914,836,881,870,882,819
A,937,881,935,837,913,834,879,866,883,819
A,939,883,936,837,912,836,880,866,886,820
A,937,885,935,837,913,836,879,868,884,818
A,933,884,933,838,914,836,880,865,885,819
A,939,883,935,837,913,834,878,869,885,819
A,936,882,933,836,915,833,880,866,881,819
A,933,880,935,835,913,836,878,868,880,821
A,937,882,934,837,914,835,880,865,883,818
A,939,883,935,836,913,834,877,869,882,818
A,935,882,936,836,915,834,878,867,883,819
A,935,882,936,836,915,835,878,865,882,821
A,934,879,933,837,915,835,878,869,884,821
A,938,882,935,837,911,836,879,869,884,822
A,935,884,933,838,913,833,880,867,883,819
A,935,883,934,835,910,834,880,869,882,820
A,938,882,934,840,911,837,880,868,881,820
A,934,881,935,838,912,835,880,866,882,819
A,937,880,934,836,915,835,878,866,883,820
A,934,881,934,836,913,835,879,867,883,820
A,939,885,937,837,912,834,880,867,884,820
A,940,881,934,837,914,836,879,868,881,820
A,933,882,935,836,912,836,880,866,882,820
A,936,880,934,834,913,836,879,868,883,820
A,942,880,934,837,912,834,880,869,885,820
A,934,882,934,836,914,835,879,867,884,819
A,935,883,934,835,911,832,877,866,885,819
A,935,882,936,838,910,833,879,868,881,819
A,938,882,934,836,912,834,879,867,883,818
A,936,881,934,837,913,834,877,865,884,815
A,939,881,934,836,913,835,880,868,882,820
A,935,881,934,836,914,835,879,867,883,819
A,929,883,935,836,913,836,879,866,883,819
A,938,881,934,837,914,835,876,866,881,819
A,938,881,934,837,913,833,878,864,881,821
A,938,881,935,835,911,833,879,867,884,821
A,934,883,934,836,912,834,879,866,883,823
A,938,881,933,838,912,836,880,863,883,821
A,934,880,934,837,914,835,878,864,882,820
A,934,883,935,836,910,836,880,864,884,819
A,937,884,934,836,913,835,878,867,883,821
A,934,880,934,836,912,834,878,868,887,822
A,936,881,934,835,912,833,878,864,883,819
A,936,882,935,837,914,835,878,866,880,821
A,943,879,934,836,913,833,879,866,881,819
A,936,884,934,836,911,835,879,867,883,822
A,935,880,935,838,912,836,878,868,882,823
A,942,880,932,836,913,836,878,865,885,821
A,938,884,935,834,914,836,877,865,880,822
A,938,880,932,835,911,834,878,866,882,821
A,938,883,935,837,913,835,876,865,882,819
A,940,880,933,835,912,835,880,867,882,820
A,941,883,934,837,913,834,877,868,880,822
A,937,885,935,837,911,834,878,865,880,823
A,939,880,932,837,911,833,879,866,884,820
A,938,883,933,835,910,835,878,865,880,823
A,934,881,935,837,911,833,878,867,884,820
A,941,882,933,837,911,833,877,865,882,820
A,936,882,933,837,912,833,878,866,884,820
A,933,884,934,837,912,833,878,867,883,821
A,940,881,933,835,912,836,878,867,883,818
A,940,882,932,836,914,833,877,869,876,819
A,938,883,933,837,911,835,876,865,881,820
A,934,882,933,834,912,833,876,864,880,821
A,936,880,932,836,912,833,877,866,879,820
A,937,880,933,835,911,833,877,865,883,822
A,936,883,934,836,912,835,877,865,879,818
A,937,882,934,836,914,833,877,865,881,819
A,933,882,934,835,911,835,877,866,881,820
A,934,882,933,837,911,835,879,865,881,819
A,936,883,934,835,913,835,878,867,884,820
A,939,881,932,836,912,835,878,866,881,819
A,932,881,934,836,914,835,879,865,883,819
A,936,880,934,838,913,833,877,865,882,820
A,935,884,934,836,911,834,876,867,883,821
A,934,883,933,835,913,833,876,866,880,820
A,938,881,933,836,910,834,879,863,877,818
A,935,882,934,837,911,835,878,866,880,818
A,936,882,931,834,914,833,877,867,882,822
A,939,882,934,835,913,834,878,866,882,821
A,938,884,932,835,914,834,874,865,882,818
A,935,881,933,835,911,834,878,862,883,819
A,942,881,933,836,911,832,876,867,882,820
A,932,882,932,837,911,835,877,865,881,821
A,936,884,932,838,912,834,877,867,884,819
A,939,881,932,837,910,833,878,867,883,820
A,940,881,933,836,911,834,877,865,885,818
A,939,883,932,837,914,833,878,864,884,820
A,937,881,931,835,913,833,876,866,880,820
A,939,880,933,836,909,835,876,864,879,820
A,937,881,934,835,911,834,876,867,879,820
A,935,883,934,836,913,834,876,865,881,820
A,938,880,933,836,910,833,877,866,880,818
A,936,883,933,837,912,833,877,864,882,820
A,935,882,932,837,911,835,875,866,882,821
A,934,880,933,835,909,832,878,867,879,820
A,934,884,932,833,913,834,878,865,881,817
A,940,882,934,836,912,832,876,865,879,818
A,933,880,934,833,912,833,877,864,878,823
A,936,883,931,836,912,834,877,864,882,821
A,936,884,934,836,912,832,874,864,880,820
A,937,881,934,836,911,832,875,866,881,821
A,938,883,932,835,912,834,878,866,884,818
A,937,883,931,835,912,835,877,866,881,817
A,934,884,932,835,912,835,877,864,882,821
A,930,885,933,833,914,834,876,866,882,818
A,938,883,933,834,913,833,877,864,880,819
A,938,883,933,833,909,834,876,865,881,818
A,934,881,934,836,912,834,875,865,880,818
A,933,883,932,834,912,835,877,864,883,818
A,940,884,934,835,911,834,878,864,883,817
A,935,884,932,837,913,833,877,866,884,821
A,934,882,932,835,910,833,877,864,882,820
A,939,882,930,833,912,833,876,863,882,819
A,935,882,932,835,912,834,875,864,882,819
A,937,881,932,837,910,833,877,862,881,821
A,933,883,933,835,912,834,876,864,882,818
A,937,884,934,837,913,835,878,867,881,820
A,934,880,931,836,908,834,876,862,882,819
A,937,882,934,836,908,835,876,864,876,820
A,934,880,931,837,912,833,875,863,880,819
A,935,883,933,834,911,833,876,864,880,822
A,940,882,935,836,911,833,877,865,878,819
A,934,881,933,834,910,833,877,863,880,817
A,935,880,930,836,913,832,876,866,883,816
A,935,883,931,835,913,834,877,864,880,816
A,938,880,933,833,911,834,877,865,882,820
A,938,883,931,835,911,834,876,865,880,820
A,937,881,932,834,911,833,876,865,883,820
A,937,880,931,837,913,832,876,865,881,817
A,936,882,931,833,911,834,876,862,881,816
A,937,884,932,835,910,833,877,864,882,818
A,933,881,933,834,913,834,876,865,879,820
A,938,883,933,833,910,832,876,864,880,817
A,934,883,932,834,911,834,875,866,879,818
A,933,880,931,833,912,834,877,863,879,818
A,936,882,933,836,912,834,876,865,879,817
A,933,885,931,834,915,834,876,865,882,818
A,937,881,933,832,912,833,875,863,879,820
A,933,881,931,835,910,835,875,867,880,818
A,935,882,931,833,913,832,874,865,880,817
A,937,882,933,835,911,832,875,866,877,819
A,937,883,934,835,911,832,876,863,879,819
A,934,882,933,835,910,834,876,863,881,816
A,933,882,932,835,912,833,877,865,883,819
A,939,882,932,833,913,833,876,865,880,819
A,934,882,932,833,912,834,875,865,880,819
A,937,884,932,834,910,833,877,862,881,820
A,936,882,932,834,912,834,876,863,879,816
A,938,880,932,834,911,833,875,865,880,818
A,933,882,932,835,911,833,875,865,878,819
A,937,884,931,836,913,833,875,864,879,817
A,939,882,930,836,911,833,876,864,879,817
A,940,882,932,834,911,833,875,863,878,819
A,938,882,932,833,910,833,876,865,881,819
A,939,882,933,835,911,832,876,863,882,816
A,941,881,932,834,911,833,876,864,880,818
A,934,885,932,834,911,836,874,863,880,817
A,933,883,933,836,913,834,875,865,881,817
A,935,883,933,833,913,833,876,864,883,820
A,939,880,933,834,912,832,875,865,882,818
A,936,882,932,835,912,833,876,865,880,818
A,939,882,932,835,911,832,876,865,878,818
A,935,884,933,836,913,832,875,865,881,818
A,936,883,931,834,912,831,875,862,879,817
A,940,881,932,833,912,832,876,863,877,819
A,934,884,933,831,911,832,876,865,878,819
A,937,882,933,833,909,832,876,864,879,817
A,939,882,931,835,916,834,874,864,882,818
A,935,882,932,833,912,833,876,862,880,816
A,935,882,932,835,910,831,876,864,881,816
A,933,882,931,834,911,834,875,864,879,819
A,934,881,931,834,909,833,877,865,878,819
A,939,883,932,834,911,832,874,862,882,819
A,937,884,931,835,910,832,875,862,878,815
A,938,883,931,833,910,833,875,865,882,819
A,934,881,931,836,911,833,875,863,882,818
A,938,883,932,832,912,831,875,864,879,816
A,934,881,932,834,912,831,875,864,880,816
A,935,883,933,835,911,833,877,864,880,818
A,936,880,934,831,911,833,873,863,881,817
A,931,883,933,834,910,833,875,864,878,818
A,941,883,930,833,911,831,876,864,880,817
A,935,883,933,835,911,833,875,862,877,817
A,938,884,932,835,910,832,876,862,881,815
A,937,882,932,833,909,832,875,864,882,818
A,936,884,931,833,910,833,874,864,882,817
A,935,881,933,834,910,833,874,864,880,818
A,936,880,933,834,908,834,874,863,878,815
A,940,880,933,834,912,833,876,862,880,818
A,935,883,932,833,908,832,876,864,877,814
A,937,883,932,834,910,833,874,864,879,816
A,931,885,933,832,909,833,874,861,880,817
A,934,883,932,834,912,832,875,863,880,818
A,936,883,931,833,910,832,875,864,880,818
A,942,882,932,832,911,834,876,862,877,816
A,934,881,932,832,912,832,874,864,881,815
A,934,885,935,836,910,832,874,863,878,817
A,933,882,933,834,909,832,874,865,879,815
A,939,881,934,834,911,833,876,862,882,819
A,937,884,932,833,911,834,875,864,877,816
A,937,881,933,835,909,833,876,862,880,819
A,952,881,932,835,910,832,875,862,881,818
A,958,882,931,833,912,832,875,862,879,817
A,970,880,935,832,910,832,875,863,880,815
A,959,883,932,833,911,831,874,863,878,818
A,940,883,933,831,910,832,874,865,876,815
A,944,883,931,835,908,834,876,864,878,817
A,942,883,934,835,912,834,875,863,881,816
A,943,883,934,834,908,831,876,861,881,815
A,941,882,934,834,911,832,873,863,877,818
A,937,882,932,833,911,831,874,863,876,817
A,944,884,932,833,911,834,875,861,881,814
A,942,885,934,833,910,833,874,863,877,815
A,941,885,934,835,910,832,874,863,878,817
A,942,884,933,833,909,833,874,864,880,818
A,941,884,933,835,912,832,874,863,876,818
A,944,882,931,831,909,835,875,864,881,817
A,943,883,933,835,910,830,872,860,876,817
A,947,884,932,834,912,832,874,865,876,816
A,944,884,932,833,908,832,874,861,880,818
A,943,883,932,833,912,833,874,863,880,816
A,941,886,932,834,909,831,874,861,877,816
A,945,885,932,833,910,831,876,861,880,815
A,945,885,931,833,909,833,875,860,878,816
A,941,884,935,834,910,831,873,862,879,814
A,945,886,932,832,910,833,874,862,877,816
A,945,883,933,834,910,833,875,864,879,816
A,948,881,934,834,912,833,874,861,877,816
A,942,884,932,833,911,830,873,863,880,816
A,941,885,931,832,908,831,875,861,880,817
A,945,885,933,835,911,833,876,861,881,815
A,944,884,933,832,913,831,874,865,877,817
A,944,884,933,834,910,832,873,863,881,818
A,944,883,933,834,912,833,874,863,879,817
A,945,886,933,835,909,832,873,860,880,817
A,943,884,934,834,908,831,875,862,880,817
A,947,885,934,835,910,832,875,862,880,815
A,946,884,932,832,912,833,874,864,879,816
A,946,886,934,833,910,831,875,861,880,818
A,940,883,931,833,911,833,874,862,878,816
A,940,880,934,831,913,833,875,864,879,818
A,944,884,932,834,910,832,872,863,880,815
A,945,886,931,832,909,833,873,861,879,816
A,941,884,932,834,910,832,875,862,877,818
A,942,882,931,833,910,830,875,864,877,817
A,949,883,932,831,912,832,874,864,879,816
A,946,880,933,834,912,833,874,863,879,815
A,946,882,933,834,912,832,874,861,879,817
A,941,882,933,832,910,832,873,862,880,816
A,948,883,933,833,910,830,875,862,879,816
A,944,880,933,833,910,832,874,862,881,814
A,947,879,934,835,911,832,873,863,878,816
A,941,881,932,834,909,832,874,864,875,816
A,945,881,932,835,907,833,875,862,880,816
A,943,881,933,834,910,832,874,862,879,814
A,942,881,932,834,908,833,873,863,879,815
A,945,881,933,834,910,833,874,863,879,815
A,940,884,933,832,911,831,875,864,881,815
A,946,881,932,834,912,833,876,864,879,817
A,944,882,932,833,910,830,872,864,877,815
A,942,880,932,834,912,833,874,863,880,816
A,945,881,932,833,910,831,874,863,878,817
A,948,881,930,834,909,832,873,860,877,817
A,947,882,931,831,911,832,874,863,879,815
A,940,881,932,834,909,832,874,861,876,816
A,942,881,932,832,911,831,874,860,878,815
A,944,881,932,832,911,832,873,862,875,817
A,941,879,933,832,911,832,873,861,877,818
A,942,883,933,834,911,833,874,863,882,815
A,942,884,933,831,911,833,875,862,880,816
A,943,881,933,831,910,831,873,861,877,816
A,946,881,932,833,908,830,874,862,878,816
A,945,883,934,834,909,833,873,864,881,816
A,946,884,932,834,910,831,875,860,881,815
A,946,880,933,832,911,833,874,865,879,816
A,941,881,932,833,909,831,871,862,877,815
A,940,881,931,832,911,832,874,862,880,816
A,945,879,934,833,907,834,874,861,878,820
A,946,879,934,833,909,831,874,861,880,817
A,943,882,933,831,909,831,874,864,881,816
A,944,879,932,831,911,832,874,862,878,817
A,946,881,934,831,909,833,873,864,878,815
A,944,883,934,833,908,832,874,864,877,818
A,940,881,933,831,909,831,874,860,879,815
A,944,882,933,833,909,831,872,862,876,818
A,944,881,931,833,909,832,874,862,877,819
A,944,881,932,835,912,833,874,862,879,818
A,942,883,931,833,908,832,874,862,877,816
A,946,884,932,835,907,832,873,863,881,816
A,945,884,933,833,909,833,874,862,878,816
A,943,880,933,832,909,833,874,861,877,813
A,941,881,931,832,910,832,874,861,879,815
A,940,885,932,831,909,833,875,863,878,816
A,942,880,932,833,910,831,875,861,880,816
A,943,882,933,835,909,833,873,861,878,814
A,940,883,931,832,910,832,874,861,877,817
A,943,880,934,831,910,832,874,862,878,815
A,941,881,932,833,911,832,873,864,879,815
A,941,884,930,832,909,831,875,862,875,815
A,938,883,933,833,910,832,872,861,880,814
A,945,881,933,833,910,833,871,863,879,816
A,945,881,932,832,910,832,873,862,880,817
A,945,880,931,833,910,832,873,861,879,815
A,943,881,933,834,908,833,874,861,876,817
A,947,881,931,833,911,831,873,860,879,816
A,937,886,932,832,909,830,874,861,878,815
A,941,882,931,831,910,830,873,861,878,816
A,947,879,932,833,908,833,872,863,876,815
A,942,883,932,832,910,833,873,863,879,815
A,942,884,932,834,910,832,873,861,877,816
A,940,880,932,834,909,834,874,863,877,816
A,939,880,930,833,907,833,873,862,879,815
A,946,882,931,833,910,831,873,863,877,814
A,943,882,932,831,906,832,874,862,880,817
A,941,881,932,831,910,832,873,863,878,814
A,946,879,933,831,911,831,873,860,875,816
A,940,883,931,834,910,831,873,862,876,816
A,945,881,933,833,907,833,873,860,877,814
A,945,880,931,832,908,831,874,861,876,814
A,941,882,932,833,908,833,873,860,877,812
A,946,881,930,832,912,833,872,862,878,815
A,944,882,930,833,913,833,875,864,875,817
A,939,882,932,831,911,832,874,860,879,816
A,946,880,931,831,911,831,873,861,879,815
A,942,880,931,833,910,832,875,862,876,818
A,940,880,932,831,911,832,874,860,876,815
A,947,880,933,832,910,833,875,860,876,811
A,938,885,934,830,910,833,874,861,875,814
A,944,881,932,832,907,832,874,861,876,816
A,941,878,931,831,907,830,873,861,880,812
A,945,882,931,833,909,831,874,860,880,814
A,937,884,931,833,908,831,874,863,878,814
A,941,883,932,832,909,831,874,861,877,815
A,946,882,933,833,910,831,873,860,876,813
A,945,881,932,833,908,830,873,860,876,814
A,940,882,931,832,909,833,873,863,878,813
A,944,881,932,833,910,831,874,860,877,816
A,946,884,932,832,911,832,874,861,878,816
A,945,882,931,833,910,831,874,860,876,814
A,940,882,933,832,909,832,874,862,878,815
A,943,884,932,834,909,831,874,861,876,816
A,941,883,931,832,911,833,873,862,878,813
A,945,883,931,832,908,833,871,862,879,814
A,940,883,932,831,909,831,872,863,876,816
A,943,884,932,831,908,831,874,863,882,812
A,942,882,932,834,909,831,873,862,877,816
A,942,883,932,832,910,832,873,860,875,815
A,943,879,932,832,911,833,872,862,880,815
A,946,883,931,830,910,831,873,861,878,814
A,941,880,931,832,907,832,873,860,879,815
A,943,883,931,833,910,833,873,862,879,816
A,944,880,932,833,910,833,874,862,878,812
A,940,882,932,830,906,831,873,862,879,815
A,947,881,931,830,909,831,871,862,875,814
A,945,883,932,833,910,830,874,861,880,814
A,943,881,932,831,909,832,873,861,878,812
A,942,882,930,834,912,832,873,862,880,813
A,945,880,931,831,909,832,872,862,877,816
A,946,881,931,834,911,831,872,863,876,814
A,947,883,931,833,909,831,874,861,877,814
A,939,880,931,832,908,832,871,862,877,813
A,941,882,930,833,909,833,872,862,879,814
A,943,883,930,831,910,832,875,860,881,814
A,942,883,931,831,908,831,872,862,877,816
A,945,880,932,831,908,832,873,861,876,811
A,945,885,932,832,909,832,872,862,879,816
A,947,881,932,830,908,832,874,862,878,815
A,945,882,930,833,909,830,873,863,880,815
A,945,881,932,831,909,832,872,861,877,816
A,940,881,933,833,910,832,874,861,878,814
A,940,882,931,832,911,833,874,863,877,814
A,943,882,930,832,908,831,874,860,874,813
A,941,884,932,831,910,830,872,862,876,814
A,944,882,930,832,911,831,873,860,880,813
A,940,880,930,833,908,831,874,860,876,814
A,944,882,931,831,907,831,873,861,876,813
A,949,881,932,832,908,831,872,861,880,813
A,943,880,931,833,909,831,874,860,876,814
A,944,882,932,830,907,832,872,861,879,815
A,942,880,932,831,908,831,874,862,877,814
A,940,885,934,835,911,831,872,860,875,814
A,940,883,931,831,910,832,873,863,879,813
A,947,881,932,832,907,832,874,859,875,813
A,945,883,930,830,909,832,871,857,880,815
A,949,883,933,832,910,830,872,863,877,815
A,945,880,929,831,906,831,874,860,878,814
A,940,880,932,832,909,832,873,862,876,813
A,943,882,931,831,909,833,873,862,876,813
A,947,882,931,832,909,831,872,861,878,814
A,942,883,930,831,910,831,874,860,877,814
A,948,882,933,833,908,831,872,862,876,814
A,947,884,929,832,910,832,874,861,878,814
A,944,882,931,833,907,831,873,860,877,814
A,950,881,930,833,908,831,874,863,877,812
A,951,881,932,832,908,832,874,862,879,815
A,957,883,930,833,908,831,872,861,877,813
A,948,886,928,832,908,831,872,861,876,814
A,955,882,932,832,909,832,872,861,876,813
A,949,880,930,831,909,832,874,862,878,814
A,952,883,930,832,909,832,873,861,874,815
A,950,881,930,831,908,832,872,861,877,813
A,949,882,932,831,909,832,872,861,879,815
A,948,880,930,831,908,833,872,861,877,813
A,949,881,931,832,908,832,872,860,876,815
A,951,883,932,831,908,832,869,859,877,813
A,948,883,930,831,908,832,873,862,877,815
A,955,881,930,832,909,831,873,859,877,814
A,953,881,930,831,910,830,872,861,879,814
A,954,884,933,832,909,831,870,861,878,813
A,952,883,931,832,909,831,873,860,875,813
A,955,881,932,830,908,831,872,861,876,816
A,948,880,933,832,910,831,872,862,877,813
A,950,883,932,833,912,829,872,860,876,812
A,956,883,930,831,907,831,873,860,879,813
A,954,882,932,830,908,830,872,860,878,813
A,950,881,932,831,909,831,873,861,877,814
A,950,880,932,831,909,831,874,861,879,814
A,954,883,932,830,910,830,872,860,876,813
A,950,882,928,833,908,830,872,859,878,811
A,952,882,930,832,909,832,873,861,877,814
A,947,883,929,833,911,829,874,862,877,813
A,949,880,931,830,909,831,873,862,877,814
A,943,880,932,835,910,830,872,859,878,814
A,948,884,930,833,910,831,873,860,876,814
A,954,882,930,833,908,833,870,863,879,814
A,953,881,932,833,906,831,874,862,879,813
A,949,882,931,831,906,831,872,862,878,815
A,950,881,931,832,907,832,871,860,877,814
A,950,883,932,831,908,831,873,862,874,814
A,956,881,932,832,909,834,873,862,876,812
A,954,884,932,833,909,831,873,861,876,812
A,951,881,931,831,908,830,873,862,877,814
A,957,881,930,832,910,831,871,860,876,815
A,953,883,931,830,909,832,874,859,875,814
A,950,881,929,829,909,829,872,862,879,815
A,954,881,932,832,907,832,873,862,877,811
A,956,882,934,831,908,830,874,861,881,813
A,958,881,929,832,908,832,872,861,875,813
A,950,884,930,831,907,831,872,861,878,815
A,958,880,929,833,907,831,873,860,879,813
A,952,883,930,829,911,831,871,861,875,812
A,957,879,933,832,908,831,874,858,875,813
A,953,882,931,832,908,831,872,859,878,813
A,955,881,932,830,908,831,873,859,879,812
A,950,884,930,833,909,831,873,859,878,814
A,952,880,931,832,909,832,872,861,879,812
A,949,881,930,834,909,832,873,858,880,812
A,952,882,930,830,908,831,871,862,876,812
A,951,883,931,830,908,832,874,861,879,814
A,952,881,930,832,907,831,871,860,877,815
A,950,883,932,830,909,832,871,861,878,811
A,956,883,930,832,909,832,873,860,880,815
A,956,882,931,831,911,830,872,860,876,812
A,956,880,930,831,910,831,873,863,879,813
A,952,882,931,832,907,831,872,861,876,812
A,957,883,932,830,907,832,872,860,876,815
A,953,881,930,833,910,831,871,861,879,810
A,951,883,932,830,909,831,872,860,878,813
A,953,885,933,829,909,830,873,858,879,813
A,954,881,929,833,910,830,873,861,877,812
A,958,883,930,831,907,831,871,859,875,814
A,957,884,930,832,908,831,872,858,876,813
A,953,880,932,832,909,830,873,860,875,814
A,952,882,931,830,907,830,872,860,874,811
A,951,885,929,833,912,830,873,859,879,812
A,958,883,931,831,910,832,872,859,879,813
A,957,881,931,830,910,832,873,861,878,814
A,953,883,931,833,908,830,872,860,874,813
A,952,884,932,830,910,829,873,859,874,812
A,953,883,931,831,910,832,872,860,873,814
A,957,883,932,833,909,831,872,860,875,812
A,951,882,930,832,908,830,873,859,878,813
A,958,880,932,830,908,831,871,863,876,814
A,955,882,932,833,907,831,872,861,876,813
A,956,882,931,832,907,831,871,860,880,813
A,955,883,933,832,910,833,871,859,878,811
A,952,881,932,831,908,831,872,859,874,814
A,956,879,928,830,911,831,871,857,878,813
A,958,883,932,832,910,832,872,861,877,813
A,955,884,929,832,909,832,870,861,875,813
A,958,882,930,830,910,831,872,858,876,814
A,950,883,932,833,907,830,872,861,878,812
A,951,884,933,830,909,832,873,860,877,812
A,958,883,930,829,910,831,871,861,875,814
A,949,882,930,831,909,831,870,860,877,812
A,949,883,932,832,907,832,873,859,874,812
A,955,881,930,831,910,831,873,862,874,812
A,952,880,929,831,906,831,873,859,879,814
A,957,884,931,832,909,830,871,861,878,814
A,952,881,931,833,907,831,871,860,875,811
A,954,881,930,830,910,831,871,861,879,813
A,955,883,929,831,909,830,872,860,875,812
A,958,884,930,832,909,830,873,861,878,810
A,955,885,933,832,908,832,871,861,876,813
A,963,881,929,830,909,831,870,861,877,813
A,961,884,932,832,907,830,871,862,875,814
A,959,882,929,831,908,830,871,860,878,812
A,960,884,932,830,908,832,873,860,879,812
A,950,882,932,833,907,832,871,860,876,813
A,950,884,932,830,909,830,872,861,876,814
A,955,881,930,832,907,829,873,861,875,813
A,956,882,931,831,908,831,872,859,876,814
A,955,881,931,832,910,830,871,859,873,811
A,954,884,929,833,907,830,872,860,880,814
A,951,882,929,830,907,831,871,862,878,813
A,955,882,932,831,907,830,871,861,879,814
A,961,884,930,830,908,831,873,861,875,813
A,964,882,931,832,909,832,872,859,875,814
A,963,881,929,833,910,830,875,858,876,813
A,959,883,931,830,908,831,871,860,876,812
A,961,884,932,831,908,831,872,859,878,811
A,964,881,929,831,910,830,869,858,873,815
A,961,882,930,833,909,830,872,860,876,814
A,958,884,930,829,908,830,872,859,876,815
A,958,884,929,832,908,828,870,863,875,814
A,955,881,929,832,907,831,872,860,874,811
A,958,882,930,831,909,831,872,861,876,814
A,954,883,931,832,907,830,872,859,877,811
A,960,883,931,831,908,832,872,862,873,813
A,959,882,931,831,909,831,873,859,876,813
A,953,884,930,831,906,831,872,859,876,813
A,959,883,930,831,907,831,872,860,879,812
A,954,882,931,831,906,831,871,860,877,812
A,957,883,930,831,907,832,872,859,875,812
A,958,883,930,832,909,830,871,859,878,814
A,958,881,930,832,907,830,871,861,877,814
A,958,880,931,832,909,830,872,861,875,811
A,959,883,931,831,909,832,872,859,876,814
A,951,881,930,833,908,831,872,859,876,813
A,957,884,930,829,909,831,871,859,875,813
A,954,884,930,830,909,830,871,860,877,812
A,957,881,931,831,909,830,872,861,877,814
A,952,881,933,831,907,829,873,861,877,813
A,954,882,931,831,908,831,871,859,876,810
A,957,881,931,831,907,831,872,861,876,812
A,956,882,932,832,907,830,871,859,876,813
A,962,884,930,831,906,830,871,859,877,812
A,963,883,931,833,907,830,872,859,874,814
A,959,882,929,828,907,830,871,859,875,812
A,959,882,930,831,907,830,872,857,875,816
A,948,881,930,832,909,831,872,859,874,812
A,948,887,932,829,907,831,872,861,878,813
A,953,884,930,828,908,830,872,858,878,811
A,954,881,930,831,908,831,872,858,876,813
A,945,880,928,830,909,832,872,860,879,812
A,951,883,930,831,908,831,871,859,877,812
A,948,883,931,830,907,830,873,858,866,814
A,953,880,932,832,907,830,870,858,879,813
A,952,883,931,831,905,831,870,860,875,812
A,945,882,931,830,909,832,871,860,877,813
A,942,882,930,831,907,831,872,861,877,815
A,940,884,932,831,907,831,872,858,875,812
A,943,882,931,831,908,831,869,858,875,812
A,941,882,930,830,907,832,873,862,874,812
A,940,882,931,831,907,830,872,861,877,812
A,938,884,930,830,908,829,871,860,876,813
A,945,882,930,831,908,831,870,861,874,814
A,946,882,931,829,910,831,870,857,875,812
A,945,883,930,829,909,830,872,859,876,813
A,946,881,929,830,908,832,872,860,877,811
A,952,881,929,831,907,831,870,859,877,813
A,951,883,930,831,908,832,871,858,874,815
A,950,881,930,830,908,831,870,860,877,812
A,953,882,929,831,908,831,872,858,876,812
A,950,881,930,831,905,833,871,859,879,812
A,953,881,931,830,909,829,873,860,879,812
A,947,884,932,832,906,830,871,862,874,813
A,953,883,930,831,908,830,871,859,878,813
A,949,884,930,831,908,830,871,859,876,812
A,953,882,931,832,910,833,869,858,876,813
A,951,882,929,829,906,829,873,859,874,811
A,955,881,929,830,906,830,871,857,878,814
A,951,881,931,831,907,831,873,859,876,813
A,955,882,932,831,906,831,872,859,875,815
A,959,881,929,832,907,831,871,859,876,812
A,957,883,930,830,906,832,872,861,874,812
A,959,881,931,830,908,831,872,859,876,811
A,962,884,929,829,906,830,870,858,875,813
A,954,880,930,829,911,830,871,862,876,812
A,957,883,929,831,908,831,872,860,877,812
A,956,883,931,831,908,831,871,861,876,813
A,957,883,930,831,906,832,872,858,876,814
A,959,884,929,831,906,830,871,858,878,811
A,960,880,932,831,906,831,871,857,878,812
A,955,882,930,831,906,830,872,859,874,813
A,955,883,931,827,907,831,869,859,874,815
A,959,883,931,831,908,830,873,860,877,813
A,963,881,932,831,906,831,872,859,876,812
A,960,880,930,829,910,829,871,858,875,812
A,962,883,930,831,907,830,871,859,877,814
A,963,883,931,830,910,831,871,861,875,811
A,968,884,930,832,907,831,870,858,875,814
A,934,883,930,832,907,830,871,858,874,812
A,931,883,929,832,906,830,873,861,877,813
A,930,881,931,830,909,831,872,858,879,814
A,932,883,931,830,908,832,873,859,878,813
A,928,882,931,829,906,830,872,859,877,811
A,933,882,931,831,907,829,873,857,879,814
A,927,885,930,829,910,830,870,858,876,812
A,929,886,934,831,907,829,873,860,876,811
A,928,882,931,829,907,831,870,859,875,813
A,932,883,930,832,908,832,872,858,878,812
A,929,884,930,829,906,829,871,861,876,813
A,929,883,932,831,906,829,870,857,874,813
A,929,879,930,830,910,831,873,858,878,813
A,933,884,930,831,908,832,873,858,874,814
A,933,881,931,830,908,831,872,858,876,812
A,933,881,932,830,906,830,872,859,876,811
A,937,883,930,830,909,830,871,861,876,812
A,932,882,930,828,911,828,871,861,874,813
A,931,882,932,830,908,830,870,861,876,812
A,934,882,931,830,906,830,871,860,878,810
A,937,881,930,831,907,831,871,859,875,811
A,931,883,931,830,905,829,872,857,875,812
A,930,883,930,833,908,830,871,861,876,814
A,936,881,930,832,907,831,870,859,876,811
A,929,881,931,832,905,830,871,860,875,809
A,931,881,931,829,906,831,870,859,876,811
A,929,881,930,832,906,830,869,861,877,811
A,930,881,931,829,907,831,870,859,877,811
A,932,883,931,832,906,829,872,859,874,813
A,933,882,931,832,909,830,871,860,875,811
A,930,882,930,832,908,831,872,860,877,813
A,929,883,929,832,910,830,873,858,878,813
A,928,881,931,831,908,832,870,859,878,812
A,935,884,929,831,907,831,871,858,872,810
A,932,882,930,832,909,831,871,859,876,811
A,931,881,928,830,907,831,870,858,875,810
A,934,884,932,828,906,831,871,856,873,811
A,928,884,931,831,907,831,869,859,875,812
A,929,883,932,828,909,830,870,859,875,810
A,930,884,931,830,905,831,869,858,875,810
A,933,882,929,831,908,830,870,859,877,811
A,931,881,930,831,907,831,870,857,880,814
A,931,884,929,830,906,831,871,859,874,812
A,935,882,932,831,905,828,870,859,876,812
A,927,880,931,830,908,830,870,858,874,813
A,932,883,930,831,906,830,871,857,878,812
A,932,884,929,833,910,831,872,859,874,812
A,933,881,929,829,907,829,871,860,876,813
A,935,883,928,832,905,829,871,860,874,813
A,933,881,930,831,907,831,870,858,877,813
A,930,884,928,832,908,828,871,860,879,811
A,931,883,929,830,908,830,872,861,877,809
A,930,881,929,831,907,831,871,858,873,812
A,931,881,932,827,907,831,871,860,876,811
A,934,882,931,829,907,830,872,859,875,813
A,936,882,929,833,907,831,870,862,872,810
A,934,882,930,830,908,830,871,861,875,811
A,933,881,931,829,908,828,870,861,876,813
A,930,883,929,829,907,830,872,859,871,814
A,936,883,930,830,908,829,871,859,877,811
A,929,884,931,829,907,830,872,860,879,811
A,926,881,930,829,908,830,872,860,873,810
A,934,881,929,832,906,829,871,858,876,812
A,931,881,930,832,906,830,870,860,874,812
A,928,882,931,829,908,829,872,860,874,811
A,933,883,930,832,906,829,870,861,875,810
A,934,883,931,830,905,831,871,857,873,810
A,932,881,928,831,906,831,870,860,874,810
A,931,883,930,830,909,831,872,860,875,814
A,928,881,930,831,906,830,871,858,874,811
A,929,883,931,830,908,829,872,858,878,810
A,933,884,931,830,907,830,872,858,876,812
A,933,883,931,832,908,830,870,859,875,812
A,932,883,929,830,905,831,870,858,875,814
A,928,881,932,831,909,830,870,860,876,813
A,930,883,930,830,908,831,869,859,876,811
A,926,885,930,828,906,831,870,858,873,811
A,929,883,929,830,907,829,871,858,878,812
A,934,882,930,832,907,830,872,859,874,810
A,928,880,930,830,906,832,871,858,879,809
A,929,882,929,831,908,832,870,857,878,811
A,932,884,931,829,906,830,872,862,876,812
A,936,882,929,830,908,829,871,858,878,811
A,933,882,930,829,908,829,871,861,876,811
A,927,882,930,830,907,830,871,860,875,812
A,930,881,930,831,905,828,872,860,874,813
A,932,883,930,830,906,829,871,860,876,814
A,928,884,930,830,906,831,869,860,874,811
A,933,883,930,831,908,831,870,856,876,811
A,933,881,931,832,906,831,871,857,872,812
A,926,882,929,830,907,830,870,859,876,813
A,929,881,930,830,908,830,872,856,874,812
A,931,882,931,830,907,829,871,859,876,811
A,927,881,929,830,907,830,872,860,878,809
A,930,883,931,831,905,829,871,860,874,811
A,933,881,930,829,906,829,872,863,876,813
A,928,883,929,832,906,829,871,859,877,812
A,931,881,931,832,907,828,870,860,875,812
A,935,882,930,828,905,829,870,859,876,812
A,931,882,931,830,908,828,870,859,875,811
A,929,884,929,832,906,830,871,857,878,809
A,934,883,928,828,907,830,868,857,872,811
A,934,882,929,831,908,829,870,860,872,812
A,929,882,928,832,907,830,870,859,876,810
A,935,882,929,829,907,829,871,859,874,810
A,929,881,932,827,909,831,869,859,879,813
A,930,883,931,831,907,829,871,857,874,813
A,937,882,930,832,906,830,872,859,876,812
A,932,883,931,830,906,831,869,857,875,811
A,929,882,932,829,909,829,870,860,874,810
A,932,882,929,829,908,830,871,858,876,813
A,930,879,930,831,910,830,872,858,877,812
A,928,883,931,832,908,831,871,859,876,812
A,932,884,930,831,906,831,872,857,872,810
A,930,880,929,828,908,830,871,859,874,812
A,930,883,929,828,905,830,870,859,875,810
A,930,882,930,832,906,829,870,861,873,811
A,935,884,930,829,908,830,870,857,876,812
A,930,881,929,833,909,830,871,860,874,813
A,931,883,929,829,905,828,871,859,877,812
A,935,884,928,832,905,830,870,859,874,810
A,933,882,931,831,906,830,871,857,874,812
A,925,883,930,829,909,831,872,860,875,812
A,930,881,930,830,906,829,872,857,873,810
A,934,883,930,831,905,828,871,856,876,810
A,935,880,931,830,908,829,871,858,878,810
A,929,880,930,832,906,830,870,858,878,812
A,932,884,929,830,906,828,871,857,875,810
A,933,881,929,832,908,829,871,857,876,812
A,932,881,929,833,908,830,871,858,874,810
A,932,884,930,829,906,830,871,857,872,812
A,934,884,929,830,907,830,870,859,877,813
A,933,882,930,829,904,830,870,858,877,811
A,930,881,930,828,908,830,871,859,877,812
A,930,881,930,830,905,830,872,859,876,809
A,933,880,929,831,907,831,869,859,877,811
A,933,884,930,831,909,830,869,857,874,808
A,932,880,931,830,909,831,871,859,876,809
A,935,883,929,829,908,830,869,859,872,810
A,933,884,931,829,908,829,871,859,876,812
A,931,881,928,831,907,829,871,856,874,813
A,932,882,929,830,908,831,870,857,872,810
A,937,882,930,829,908,830,870,860,873,810
A,933,881,929,829,906,831,870,858,875,813
A,930,881,931,832,907,830,870,856,876,812
A,935,882,929,831,905,830,871,856,874,812
A,930,883,932,831,909,829,870,858,877,811
A,932,882,928,829,907,830,871,859,875,810
A,929,883,929,832,905,830,872,861,882,814
A,932,880,929,831,906,830,871,860,874,811
A,928,881,929,831,906,831,870,856,873,810
A,930,881,927,831,906,830,870,856,873,811
A,934,883,931,829,907,831,870,858,876,810
A,934,883,930,830,907,830,870,859,873,813
A,926,883,931,831,905,831,870,858,874,811
A,934,883,931,831,905,830,872,859,875,809
A,936,879,929,829,905,831,871,859,878,810
A,931,882,928,830,906,830,869,859,875,810
A,934,882,930,831,904,833,870,860,873,812
A,933,883,929,828,904,832,870,858,874,809
A,930,882,930,831,907,830,869,861,873,809
A,934,883,929,829,908,830,870,856,873,812
A,928,883,929,831,906,829,871,858,876,810
A,929,881,928,831,908,829,870,859,875,812
A,927,882,930,828,905,830,871,858,874,811
A,933,885,930,831,905,829,871,858,875,811
A,932,884,929,830,908,829,871,858,875,812
A,932,884,929,832,906,830,869,857,874,808
A,929,883,930,830,907,829,871,856,875,811
A,931,882,929,830,906,829,869,855,876,810
A,927,884,930,832,908,829,870,859,876,812
A,935,881,931,831,907,827,869,855,878,813
A,935,883,931,831,907,830,872,860,874,809
A,928,884,929,831,905,831,870,857,877,810
A,932,883,931,831,908,829,872,861,879,810
A,929,883,929,831,907,829,869,857,877,812
A,931,882,928,830,905,829,870,858,876,811
A,934,883,931,828,908,830,870,859,874,811
A,932,882,929,831,905,830,869,856,876,810
A,933,883,929,829,908,831,872,858,878,810
A,935,882,929,830,907,829,870,857,876,810
A,930,883,929,832,908,829,870,857,877,809
A,933,879,930,829,907,829,870,858,877,811
A,927,881,930,830,906,830,871,858,875,809
A,933,880,930,828,905,831,869,859,875,812
A,931,880,930,829,907,830,870,859,877,811
A,930,884,929,830,907,830,869,857,876,810
A,934,882,931,827,908,829,869,860,876,810
A,932,881,931,831,907,828,870,859,874,811
A,933,882,930,829,906,830,869,858,878,809
A,933,882,928,831,904,830,870,859,875,810
A,931,881,931,830,909,830,869,859,877,810
A,932,882,930,829,904,828,871,858,876,813
A,934,883,930,829,904,829,870,858,876,811
A,929,883,930,831,905,829,869,855,872,811
A,930,884,931,830,908,830,869,860,878,811
A,930,883,929,830,908,829,870,856,878,810
A,927,883,929,831,907,829,871,859,872,811
A,931,881,932,832,908,829,869,859,874,810
A,934,881,932,832,907,829,869,857,874,810
A,932,882,930,830,905,831,868,860,874,810
A,930,882,928,829,908,829,869,859,875,812
A,928,883,930,829,906,830,870,856,877,809
A,933,880,930,830,906,830,872,857,875,811
A,933,883,929,831,908,830,869,858,876,811
A,934,884,930,830,906,830,870,858,874,810
A,933,883,930,830,907,829,869,857,877,812
A,934,884,927,831,906,830,869,856,877,810
A,929,882,931,832,907,831,869,859,876,812
A,927,882,930,830,905,829,869,857,875,810
A,928,881,928,830,905,829,871,857,875,812
A,931,884,929,830,906,830,869,856,876,812
A,934,883,930,830,904,831,869,855,878,812
A,929,882,930,830,906,830,871,858,873,811
A,932,880,929,827,906,828,872,856,874,810
A,931,882,927,828,908,829,869,858,874,812
A,934,883,928,830,906,828,871,860,876,809
A,932,882,929,829,908,831,868,856,879,810
A,930,881,930,829,904,830,869,860,875,811
A,931,883,932,830,905,829,870,858,874,810
A,934,881,930,830,908,829,870,858,875,811
A,930,880,930,830,906,829,870,859,874,811
A,935,881,932,831,906,830,870,859,875,812
A,928,882,931,831,907,831,869,856,877,809
A,930,883,931,830,905,830,871,859,874,810
A,934,882,928,830,906,830,871,856,875,811
A,930,879,931,829,908,830,871,857,875,810
A,934,883,930,829,907,829,870,855,877,810
A,931,880,929,830,907,829,870,858,877,811
A,932,883,928,831,905,831,869,857,876,811
A,934,880,930,829,905,829,869,858,874,811
A,928,883,926,831,907,830,871,858,874,812
A,935,882,931,829,907,831,869,855,874,811
A,930,884,931,829,907,829,871,857,877,809
A,933,881,932,830,905,829,870,856,874,811
A,933,880,931,829,906,829,870,856,874,811
A,933,882,928,829,906,830,869,858,876,811
A,932,881,931,831,907,830,870,859,877,812
A,927,882,929,831,905,830,870,858,878,810
A,931,882,928,829,907,830,869,859,872,809
A,926,882,930,828,907,830,870,859,875,809
A,934,880,931,830,908,830,869,856,874,809
A,928,883,930,828,907,831,868,856,877,810
A,934,882,929,828,906,831,869,857,874,811
A,937,882,928,831,907,829,869,857,875,809
A,926,880,927,829,904,830,868,858,873,811
A,932,880,929,829,906,829,870,857,873,809
A,936,881,928,832,906,829,870,858,875,809
A,930,880,930,827,909,827,869,861,877,807
A,932,883,929,831,907,829,871,857,874,811
A,933,883,930,828,908,831,870,860,873,812
A,933,882,928,830,906,831,869,857,878,809
A,928,881,932,830,905,828,870,859,876,812
A,926,881,932,829,906,829,871,857,873,808
A,930,883,930,828,906,830,869,859,877,811
A,934,879,929,827,907,830,870,857,877,809
A,930,882,930,831,904,830,868,859,876,812
A,932,883,930,830,908,829,870,856,877,811
A,935,881,928,830,907,831,869,857,874,809
A,935,884,929,827,905,829,869,859,876,810
A,933,882,930,830,905,828,870,858,875,809
A,935,881,931,831,904,831,869,857,874,810
A,933,881,929,830,907,831,869,859,873,808
A,932,882,931,828,907,830,871,859,876,812
A,934,881,929,830,907,829,869,857,875,809
A,938,879,929,832,904,830,870,858,874,811
A,930,882,929,831,909,831,868,858,875,809
A,931,883,928,828,905,829,869,857,875,809
A,931,883,930,830,907,829,868,857,874,811
A,931,882,929,828,905,829,869,856,877,809
A,932,883,930,828,906,832,869,858,874,809
A,935,880,930,828,906,831,870,859,873,810
A,931,880,929,829,904,830,871,857,875,810
A,930,883,928,830,906,829,869,857,876,810
A,930,883,930,831,907,829,870,856,874,810
A,931,881,929,831,906,829,871,860,873,809
A,927,881,928,830,907,830,870,858,876,813
A,936,883,931,830,907,828,870,859,877,809
A,930,879,928,829,909,828,871,855,876,808
A,934,884,928,829,907,830,868,858,876,810
A,930,884,929,829,905,830,869,856,877,812
A,930,882,929,829,905,829,869,859,876,808
A,933,881,930,830,906,831,870,857,874,810
A,934,881,928,829,906,829,869,857,877,810
A,933,880,930,830,904,829,870,860,877,808
A,936,879,928,828,905,828,870,858,873,809
A,929,880,928,829,906,828,869,857,873,809
A,929,881,928,827,906,828,868,856,875,808
A,931,881,929,829,906,830,870,857,877,811
A,931,880,929,833,908,828,871,859,875,807
A,931,879,929,831,907,830,869,857,876,809
A,928,883,929,828,905,829,870,857,873,810
A,934,883,931,829,904,830,870,856,872,809
A,932,884,928,828,904,830,868,856,874,809
A,935,886,929,829,905,830,870,857,877,809
A,932,883,929,831,908,828,869,854,873,808
A,933,881,928,830,907,830,869,858,873,810
A,933,880,930,828,908,831,869,858,877,808
A,930,879,931,829,907,830,869,857,876,811
A,930,883,929,830,905,830,870,858,875,809
A,932,885,929,828,909,832,869,857,873,811
A,930,883,929,828,904,831,870,855,873,809
A,928,882,929,830,907,829,870,857,874,810
A,928,882,927,829,905,831,871,859,876,810
A,928,883,929,831,906,830,870,858,877,812
A,933,883,928,830,905,831,869,859,874,812
A,935,882,930,830,906,830,868,860,874,810
A,930,880,929,831,907,829,871,858,876,810
A,930,882,928,830,906,830,868,855,874,810
A,937,881,930,827,907,828,870,858,873,810
A,928,881,929,829,905,830,868,858,875,812
A,932,880,930,830,909,830,870,859,872,810
A,935,881,930,829,907,830,868,859,876,811
A,928,881,930,831,906,831,871,856,875,808
A,934,883,930,829,905,830,867,859,877,808
A,930,881,929,829,906,830,870,856,876,808
A,932,882,928,832,903,830,869,856,872,812
A,932,881,930,829,906,828,871,857,876,810
A,934,884,930,831,906,829,870,857,875,811
A,935,881,926,830,906,830,869,858,876,810
A,929,879,927,829,905,829,870,857,877,811
A,933,882,930,829,905,829,869,856,876,809
A,933,882,927,829,904,830,868,858,875,812
A,933,881,928,830,906,830,870,858,874,812
A,928,882,931,829,908,831,870,857,873,811
A,932,881,928,830,905,829,868,859,876,809
A,930,883,928,829,907,828,868,859,878,808
A,931,882,929,828,905,828,868,858,873,809
A,931,882,929,828,905,831,871,857,878,810
A,930,881,929,829,904,829,869,856,877,811
A,929,880,929,830,905,830,870,858,877,809
A,933,882,927,828,905,830,870,858,876,811
A,935,881,929,830,907,830,870,856,876,810
A,937,882,928,829,906,830,870,856,874,811
A,934,882,929,829,907,829,868,857,876,809
A,932,883,929,828,904,828,868,857,872,810
A,930,881,928,831,907,829,870,858,876,810
A,932,882,930,831,906,828,869,858,873,810
A,933,883,928,830,907,828,869,856,874,811
A,933,882,928,829,906,830,868,856,873,810
A,931,880,929,828,906,829,869,858,874,808
A,926,882,928,828,907,830,870,858,872,812
A,939,880,927,829,905,828,870,858,873,811
A,933,881,927,829,907,830,869,857,874,811
A,931,883,926,829,905,830,870,857,872,809
A,929,881,929,830,907,829,868,858,875,809
A,927,882,928,829,908,829,868,856,873,810
A,935,883,928,832,907,829,869,856,876,810
A,932,881,927,828,905,830,868,857,876,809
A,934,881,932,832,907,825,872,858,877,811
A,929,883,929,827,905,831,868,858,877,811
A,929,883,928,829,903,829,869,859,873,812
A,928,883,929,828,904,829,871,859,876,810
A,932,880,930,830,905,829,869,857,874,809
A,932,884,927,828,905,829,870,858,877,811
A,932,881,928,830,905,828,869,858,875,810
A,932,881,930,830,908,828,870,857,876,808
A,930,884,929,829,904,830,870,858,874,811
A,925,879,931,830,905,827,870,858,876,810
A,933,882,930,829,906,828,868,859,872,809
A,935,881,928,830,905,830,869,859,875,810
A,933,880,930,829,906,830,870,858,874,809
A,933,881,930,830,907,830,869,857,877,809
A,934,882,928,829,908,829,870,857,871,809
A,928,880,930,828,906,829,869,857,874,810
A,928,881,928,828,907,828,869,857,875,810
A,936,881,930,830,905,830,868,859,874,811
