B,937,888,926,826,905,813,885,835,872,813
B,914,893,807,732,794,771,778,767,753,718
B,918,891,806,732,794,773,779,768,755,718
B,919,890,808,733,793,772,779,767,753,720
B,914,891,806,734,793,772,780,768,754,719
B,918,895,807,732,794,773,779,767,754,719
B,921,888,807,733,795,774,779,768,753,718
B,919,891,808,731,793,774,778,769,756,718
B,917,890,806,734,795,772,780,769,753,719
B,917,891,808,732,794,773,778,767,754,717
B,912,889,806,732,794,772,779,768,753,719
B,911,888,806,730,793,772,777,768,753,717
B,912,889,806,734,791,773,779,766,754,718
B,920,891,806,734,795,774,780,768,752,719
B,919,891,806,732,795,772,780,766,755,720
B,917,890,808,734,795,772,779,767,754,717
B,917,893,806,734,794,771,779,766,754,718
B,912,891,808,733,794,773,778,767,754,720
B,919,894,808,732,792,773,779,766,754,719
B,914,893,807,732,794,773,778,767,753,719
B,919,894,806,732,794,772,779,768,754,718
B,915,894,807,732,793,774,779,767,753,718
B,913,892,807,734,793,773,779,767,754,718
B,914,892,808,733,794,773,778,768,754,717
B,918,891,808,734,793,773,779,767,755,719
B,913,890,806,732,794,773,778,768,753,718
B,921,888,807,733,794,772,779,768,754,718
B,915,893,808,732,794,773,778,766,755,718
B,910,890,808,732,794,771,778,766,755,717
B,910,893,807,734,795,772,779,769,755,718
B,918,891,808,731,793,773,778,767,755,718
B,911,890,808,733,795,772,779,768,754,719
B,911,893,808,733,792,774,778,767,755,718
B,909,890,807,733,795,773,778,767,753,719
B,910,890,809,733,794,773,779,768,756,717
B,917,891,810,732,792,773,779,768,754,718
B,916,889,807,731,792,773,778,767,755,719
B,916,889,808,733,792,774,777,769,755,719
B,921,893,808,732,795,772,778,767,753,718
B,927,886,808,734,794,773,779,766,753,717
B,911,890,809,732,794,773,778,767,753,720
B,910,891,807,732,794,772,778,766,754,717
B,911,892,809,734,793,772,779,767,754,720
B,910,892,807,734,794,774,778,767,755,717
B,917,889,807,734,794,773,779,765,753,719
B,911,893,807,733,794,772,778,769,753,718
B,912,890,808,732,791,774,778,765,752,719
B,919,891,807,733,793,773,778,767,754,719
B,911,891,807,733,793,771,780,766,753,721
B,907,890,808,733,793,774,778,769,753,718
B,913,892,808,733,793,773,780,769,751,718
B,924,889,807,732,795,773,778,767,753,720
B,921,889,808,735,792,772,778,768,753,718
B,918,894,807,733,794,772,779,766,755,716
B,913,893,808,733,795,771,778,767,755,717
B,921,893,806,732,793,772,777,767,756,719
B,912,890,807,735,793,774,778,766,753,718
B,919,892,808,733,795,774,779,766,756,719
B,918,894,809,732,793,774,777,767,755,718
B,913,893,807,733,796,772,777,769,755,718
B,910,889,808,733,796,773,778,768,755,717
B,917,889,809,733,794,772,778,768,753,718
B,914,891,808,732,792,773,779,767,754,718
B,918,889,809,732,794,772,777,768,754,719
B,920,888,808,732,795,772,778,766,754,719
B,912,892,810,733,792,772,777,766,754,720
B,912,894,808,733,793,772,777,767,754,716
B,909,891,808,733,796,768,780,769,755,717
B,905,892,808,734,795,771,778,767,754,719
B,918,889,810,732,794,772,779,769,754,718
B,921,894,808,732,795,772,779,769,754,718
B,912,892,808,733,794,772,776,768,753,718
B,912,889,809,732,794,773,778,768,751,719
B,913,891,809,733,794,772,778,768,753,720
B,919,894,808,732,796,770,779,768,753,720
B,912,893,808,733,795,772,778,767,754,719
B,917,888,807,732,795,771,776,767,753,719
B,910,892,809,734,795,772,778,768,754,718
B,912,894,807,732,793,773,777,768,755,718
B,918,890,808,732,793,774,779,768,753,718
B,920,892,809,734,794,772,778,767,753,717
B,918,891,807,733,795,772,779,770,755,718
B,916,891,809,734,793,772,777,767,754,717
B,919,894,809,733,795,773,777,766,753,718
B,911,894,807,734,794,773,777,766,753,717
B,918,892,809,734,795,773,777,768,753,718
B,913,893,810,734,795,773,778,767,754,718
B,917,893,809,735,794,773,778,765,756,717
B,909,888,808,733,793,774,780,770,753,717
B,920,890,810,735,795,771,777,768,753,719
B,917,893,808,733,794,773,776,769,753,717
B,915,890,809,731,793,773,777,766,754,719
B,909,892,809,733,793,773,778,768,753,717
B,920,891,810,733,795,772,777,766,754,718
B,913,895,808,734,796,773,778,768,753,719
B,918,890,809,734,796,772,778,768,754,719
B,908,893,809,734,793,773,777,766,755,719
B,919,890,808,734,793,772,777,766,755,719
B,909,892,809,733,796,774,777,766,756,718
B,910,893,809,732,795,773,777,768,754,718
B,917,891,809,734,793,773,776,767,756,718
B,908,888,808,732,795,773,777,767,756,717
B,913,891,808,734,794,773,778,769,755,719
B,921,894,810,735,794,773,776,766,755,719
B,911,893,809,734,794,773,777,767,754,718
B,918,891,809,732,793,773,778,766,755,718
B,917,894,810,734,796,773,777,767,756,717
B,918,893,810,732,794,773,776,767,754,718
B,911,892,808,735,794,773,777,765,755,719
B,916,895,808,732,795,772,776,769,756,718
B,911,894,810,735,792,772,777,766,753,717
B,915,893,808,733,798,773,778,766,756,717
B,915,895,810,732,796,772,775,767,753,719
B,913,892,810,733,792,773,776,768,752,719
B,908,890,808,734,794,774,775,767,757,719
B,918,889,808,734,795,772,777,767,756,718
B,912,892,811,731,793,773,776,768,754,716
B,916,890,808,733,795,773,777,768,754,717
B,914,890,809,734,794,772,777,766,755,718
B,920,893,811,733,791,772,776,765,756,718
B,917,892,808,735,795,773,777,767,756,718
B,918,895,808,732,795,774,777,766,753,718
B,916,893,809,734,793,771,777,767,756,719
B,909,891,810,732,794,774,776,765,756,718
B,913,894,810,732,795,772,776,766,754,718
B,907,890,807,732,794,772,776,767,755,719
B,921,891,807,732,794,773,776,768,756,718
B,920,892,809,734,796,773,776,767,756,717
B,915,893,808,734,795,771,776,766,753,720
B,915,891,810,734,793,772,776,766,753,716
B,906,894,807,733,797,773,777,768,754,719
B,918,891,807,734,796,771,777,767,755,719
B,917,891,809,734,795,774,777,766,755,718
B,911,893,807,734,794,773,776,767,754,719
B,914,893,808,733,793,773,777,767,755,720
B,909,891,809,732,795,771,776,769,757,719
B,912,889,808,733,795,772,776,765,755,719
B,909,891,808,735,796,773,776,766,754,718
B,920,894,809,733,795,773,777,770,751,718
B,907,891,807,732,792,773,776,766,754,718
B,919,894,809,734,795,772,774,766,753,717
B,910,895,807,733,794,773,776,767,754,718
B,914,893,809,733,795,773,776,767,755,719
B,916,889,810,734,792,773,776,767,754,716
B,912,889,810,733,796,772,776,768,754,718
B,906,887,809,733,794,772,776,769,754,717
B,906,888,808,734,794,773,776,768,754,719
B,905,892,809,731,795,772,775,767,756,717
B,914,893,808,732,795,772,777,768,756,719
B,916,887,808,734,796,774,777,766,757,720
B,915,892,808,734,795,772,776,768,755,718
B,919,895,810,732,796,773,777,766,754,717
B,912,890,810,731,794,773,776,766,757,717
B,916,893,809,732,793,772,777,767,754,718
B,912,888,808,734,794,773,777,765,754,718
B,912,892,810,734,794,772,777,767,754,717
B,909,892,810,733,795,773,776,768,755,717
B,912,890,809,733,795,773,775,768,754,717
B,909,892,808,735,793,771,777,766,756,718
B,912,888,810,734,794,773,777,768,754,719
B,906,887,810,732,796,774,776,766,755,718
B,917,891,809,734,793,773,775,765,754,718
B,916,890,809,732,793,772,776,768,755,716
B,920,891,808,734,795,774,776,768,756,717
B,910,887,808,733,793,771,777,766,755,718
B,908,891,810,734,794,772,775,766,757,718
B,910,888,807,731,795,773,776,767,754,718
B,919,889,810,734,795,773,776,766,755,717
B,909,892,810,732,794,772,776,767,753,719
B,924,893,810,734,794,772,775,766,756,719
B,909,892,808,734,797,774,776,766,754,719
B,907,889,808,732,793,772,776,768,755,717
B,917,890,810,733,795,774,775,766,753,719
B,907,892,808,734,794,771,776,769,757,719
B,920,892,810,733,794,772,778,766,753,719
B,917,889,810,733,795,772,775,765,754,719
B,917,891,810,734,795,774,776,766,754,717
B,909,888,809,732,796,772,777,767,755,722
B,908,891,811,733,793,773,777,765,755,718
B,908,890,808,733,796,773,776,766,754,717
B,916,891,810,733,794,773,776,768,752,718
B,918,889,810,734,795,772,777,767,756,718
B,902,888,809,735,793,773,775,768,756,717
B,911,888,810,734,793,772,776,768,756,719
B,921,888,810,732,793,774,776,767,756,718
B,911,889,811,732,792,771,777,767,755,717
B,917,886,808,732,794,772,777,766,754,717
B,918,892,808,733,795,773,776,766,754,719
B,910,887,811,733,796,773,776,767,755,719
B,919,890,809,733,795,771,777,766,754,719
B,914,889,810,733,796,772,776,766,755,718
B,917,890,809,734,795,772,776,765,758,719
B,907,891,810,732,794,772,776,765,755,719
B,913,894,809,733,796,772,776,767,756,717
B,916,887,809,734,794,773,777,767,754,716
B,915,891,810,731,796,772,777,768,753,716
B,909,891,807,731,795,771,775,769,756,717
B,916,889,811,734,794,771,776,767,755,717
B,918,888,809,734,795,773,777,767,756,719
B,919,890,810,731,797,771,775,769,757,718
B,919,890,810,733,793,773,777,765,756,717
B,917,886,809,733,793,773,776,766,754,718
B,915,886,809,734,795,772,775,767,756,717
B,909,891,811,735,796,772,776,767,755,719
B,918,890,809,734,794,772,776,768,756,717
B,907,892,808,733,794,772,776,767,754,716
B,911,891,809,734,794,773,776,766,754,718
B,910,892,808,735,795,773,775,767,754,717
B,918,890,810,734,796,773,775,767,755,718
B,916,890,810,733,794,772,776,766,754,718
B,913,891,811,734,795,771,776,768,754,717
B,913,892,810,734,795,773,776,768,757,717
B,909,889,810,734,795,772,776,766,756,716
B,908,890,811,732,796,771,776,766,755,718
B,916,888,810,733,796,773,776,767,756,717
B,922,887,810,733,798,771,774,767,754,718
B,916,887,808,734,796,773,775,766,753,718
B,917,891,809,733,794,771,775,767,755,718
B,915,892,809,732,796,770,776,768,756,719
B,912,888,809,732,795,774,776,767,755,717
B,918,890,809,733,794,772,775,766,755,717
B,908,889,809,733,794,773,776,766,756,716
B,911,889,809,734,794,773,775,767,754,717
B,915,892,810,733,793,774,776,765,754,718
B,915,891,809,732,795,772,775,766,754,717
B,914,886,810,731,796,773,777,766,754,716
B,914,890,809,733,796,773,775,768,754,719
B,915,886,810,732,797,771,776,766,753,718
B,914,889,810,732,797,773,776,768,755,717
B,911,890,810,733,795,771,777,768,756,719
B,911,894,808,733,794,772,776,766,753,719
B,916,888,809,733,793,773,775,765,754,717
B,920,891,809,733,795,773,775,766,754,717
B,918,888,810,733,794,774,776,765,756,717
B,908,887,810,733,794,772,775,767,755,718
B,909,892,810,733,794,773,776,767,755,717
B,919,890,808,733,795,772,775,768,754,719
B,915,891,809,732,794,773,775,766,756,715
B,916,888,809,731,794,772,775,765,754,718
B,912,892,809,732,797,772,775,767,755,717
B,912,890,810,733,796,773,776,766,755,717
B,908,891,810,732,796,773,774,766,756,719
B,918,889,809,732,798,772,775,767,757,716
B,913,891,809,733,793,772,774,766,754,717
B,909,887,809,734,793,774,776,767,755,719
B,913,888,808,734,794,773,775,765,755,719
B,911,891,809,734,800,773,775,769,755,718
B,910,890,809,732,796,773,776,764,754,716
B,918,888,809,734,793,775,775,767,756,718
B,905,891,811,734,795,774,774,765,756,716
B,916,888,810,732,796,772,776,766,755,717
B,914,891,810,733,797,772,776,767,754,717
B,919,886,812,732,794,774,776,767,756,719
B,917,890,810,732,796,772,775,765,754,718
B,913,892,810,733,797,773,776,766,756,717
B,916,889,809,733,795,771,776,768,754,718
B,910,891,809,735,796,773,774,767,755,715
B,918,888,810,731,797,773,775,765,755,717
B,916,888,809,733,796,773,776,765,754,717
B,908,892,811,735,798,772,774,766,756,717
B,920,888,811,733,797,771,775,767,756,719
B,907,888,809,733,794,772,773,765,754,717
B,918,889,810,735,796,773,774,768,755,717
B,912,893,810,733,796,772,775,768,754,717
B,915,892,809,733,797,773,775,767,755,717
B,906,894,809,734,798,774,776,765,756,718
B,916,890,811,734,795,772,775,765,756,717
B,913,889,810,733,796,773,775,768,753,716
B,918,888,811,733,795,773,775,766,757,719
B,912,887,811,733,797,773,774,767,756,716
B,909,889,812,732,798,772,775,765,754,718
B,915,892,809,734,796,773,775,766,757,717
B,925,893,812,734,797,772,774,768,756,718
B,913,890,810,735,797,773,776,768,757,719
B,916,892,811,734,795,773,775,767,754,718
B,916,888,810,734,796,773,773,767,755,719
B,907,890,810,735,799,773,776,765,756,715
B,916,888,811,733,796,773,775,767,755,717
B,909,888,810,735,797,772,774,768,754,719
B,912,887,811,734,797,772,776,766,755,718
B,914,890,810,736,796,773,775,768,756,718
B,916,890,812,734,798,772,774,766,756,718
B,917,892,811,736,798,772,774,765,755,718
B,914,889,812,736,799,772,774,765,756,718
B,913,886,811,735,798,772,774,768,754,718
B,919,888,812,732,797,774,775,767,754,718
B,908,892,811,735,795,771,774,765,754,719
B,918,891,812,734,799,772,775,767,755,718
B,916,889,811,734,797,773,773,766,754,717
B,914,888,812,734,796,773,775,765,754,718
B,914,892,812,734,798,771,773,766,756,718
B,923,893,810,733,798,773,774,766,755,717
B,903,887,812,736,798,773,774,766,755,718
B,908,888,810,733,799,774,772,767,756,716
B,918,887,810,734,795,773,773,766,755,718
B,911,891,812,734,796,772,774,767,758,716
B,911,890,811,734,795,773,774,767,755,717
B,905,889,809,735,796,773,773,766,757,718
B,910,890,812,735,795,772,773,766,756,719
B,916,892,811,735,796,772,774,767,754,718
B,916,892,812,734,795,771,774,766,757,717
B,911,891,810,734,795,774,771,767,756,717
B,919,891,811,733,795,772,772,767,755,717
B,922,887,810,735,797,771,773,767,755,717
B,911,888,813,733,794,774,773,766,756,715
B,917,888,811,733,797,773,774,767,755,718
B,919,887,812,735,797,772,774,766,756,718
B,911,886,812,734,794,771,772,768,754,717
B,914,891,812,735,796,773,774,769,756,718
B,915,891,813,735,796,773,774,766,756,716
B,914,885,812,735,795,772,774,765,755,719
B,910,888,812,733,795,771,772,767,755,718
B,914,887,810,736,794,772,772,767,756,717
B,913,888,811,734,795,772,773,766,753,717
B,913,893,812,733,797,773,773,768,755,716
B,907,889,811,735,796,772,773,767,755,717
B,908,890,811,735,797,772,774,766,756,717
B,914,889,811,735,795,774,772,766,753,719
B,915,889,812,734,796,774,774,765,758,719
B,914,888,812,733,798,772,772,767,755,717
B,909,890,811,734,795,773,773,766,755,720
B,920,889,811,735,796,772,773,767,755,718
B,907,888,812,733,797,772,773,766,755,718
B,914,890,812,736,793,774,773,767,754,718
B,919,886,812,735,797,771,773,766,757,716
B,909,892,811,733,796,772,772,767,754,717
B,911,889,811,735,794,772,772,767,755,719
B,908,889,811,733,797,771,773,767,755,717
B,910,888,811,733,795,772,771,764,755,717
B,912,886,811,734,794,773,774,766,756,718
B,910,886,812,733,796,773,772,766,755,718
B,916,891,813,733,797,773,772,766,755,718
B,920,890,813,733,797,773,772,767,756,717
B,913,890,812,734,796,773,773,767,755,716
B,912,887,812,736,797,774,773,765,757,716
B,918,892,811,735,796,772,773,767,755,717
B,912,887,814,734,798,773,774,768,754,717
B,908,886,814,735,796,774,773,767,756,717
B,911,886,813,735,796,772,773,766,755,718
B,906,889,812,734,797,772,772,767,756,718
B,916,891,813,733,797,772,773,766,757,719
B,915,886,814,733,797,773,773,767,756,719
B,913,888,812,733,795,772,773,765,756,719
B,911,888,811,733,795,773,771,767,755,718
B,916,888,812,736,797,774,772,765,756,718
B,916,887,814,733,797,772,772,765,755,717
B,907,888,813,735,794,771,773,765,757,719
B,910,889,812,733,796,772,774,765,757,719
B,907,890,814,736,796,772,773,764,756,716
B,911,888,814,734,797,773,773,765,756,716
B,917,892,811,734,794,771,772,765,756,717
B,917,891,813,736,796,773,773,767,757,717
B,911,889,812,733,795,772,772,765,757,718
B,922,887,812,733,794,772,772,767,756,719
B,911,887,813,735,796,773,773,767,756,717
B,913,888,811,736,796,774,772,766,756,717
B,918,889,813,735,796,773,772,767,757,718
B,918,892,814,735,797,773,773,767,755,719
B,911,889,812,734,798,772,772,766,755,719
B,910,888,812,735,795,773,772,766,755,716
B,914,891,813,734,795,773,771,767,758,718
B,914,890,811,734,797,773,772,767,757,719
B,906,888,812,735,798,774,773,766,755,718
B,917,889,814,734,795,772,772,766,755,716
B,918,894,812,736,797,773,771,768,755,717
B,915,888,814,735,795,773,772,765,754,718
B,912,892,814,735,795,772,773,767,757,717
B,911,892,814,735,797,774,773,766,754,717
B,919,891,812,734,797,772,772,764,757,718
B,914,890,814,735,797,772,773,765,756,718
B,912,890,812,735,796,772,772,766,755,716
B,907,891,812,734,796,773,773,765,755,718
B,906,890,812,734,795,774,772,767,753,717
B,918,888,811,735,797,773,773,766,757,717
B,920,890,813,735,798,772,772,767,756,715
B,908,891,814,733,796,772,772,766,755,718
B,914,890,814,733,797,772,771,767,757,716
B,906,889,812,734,795,773,772,765,756,719
B,912,889,812,735,795,774,770,767,756,716
B,909,887,813,733,796,774,773,768,756,716
B,910,889,815,736,797,772,771,765,758,716
B,909,892,815,733,798,773,772,766,755,718
B,919,894,813,736,796,771,772,768,758,715
B,918,887,814,733,797,772,772,768,757,717
B,921,889,815,735,797,773,772,767,758,716
B,915,892,814,735,796,773,773,766,755,718
B,909,891,814,733,797,772,772,766,755,718
B,913,887,813,734,797,773,772,765,756,716
B,912,893,813,736,796,774,773,768,755,718
B,920,890,815,733,797,773,771,767,757,717
B,917,892,814,736,798,773,770,764,757,719
B,919,892,814,736,798,773,771,764,757,718
B,907,886,815,736,796,772,772,765,754,717
B,918,890,815,734,795,773,772,766,756,717
B,912,890,816,731,796,774,770,766,756,718
B,908,889,815,736,796,772,771,767,754,716
B,909,886,815,736,798,774,771,765,758,717
B,906,892,815,734,796,773,771,767,757,716
B,916,891,814,735,796,773,771,766,758,718
B,912,892,815,735,796,770,771,765,757,717
B,910,888,814,735,797,772,770,766,755,716
B,908,886,815,733,797,773,771,765,756,717
B,909,888,813,735,797,772,772,767,758,717
B,909,887,815,735,796,772,773,767,753,717
B,909,889,814,734,795,772,771,765,755,716
B,905,891,815,736,796,773,771,767,756,718
B,919,891,815,734,797,771,772,766,757,717
B,912,888,813,735,797,772,772,766,757,716
B,913,891,813,737,795,775,773,767,756,718
B,915,886,814,735,797,773,772,766,756,717
B,906,892,814,736,798,774,771,767,755,716
B,908,892,816,734,796,774,771,766,756,716
B,917,887,815,736,797,772,772,766,755,718
B,901,891,813,735,796,774,770,768,757,717
B,909,886,815,733,796,773,771,766,754,717
B,922,893,816,734,798,774,771,766,755,718
B,909,887,814,734,798,772,771,765,757,716
B,909,890,813,736,797,773,772,766,756,714
B,915,890,814,735,798,772,772,767,758,717
B,911,891,813,732,797,774,771,767,756,714
B,917,891,815,735,798,773,772,766,757,718
B,915,891,813,735,798,771,771,766,755,716
B,911,892,814,735,795,772,772,766,755,718
B,908,889,816,736,796,774,772,767,756,718
B,911,888,814,737,798,773,771,767,758,717
B,915,890,815,735,796,774,771,765,756,718
B,917,888,814,735,796,774,771,766,756,717
B,912,888,815,736,797,773,772,766,755,717
B,906,887,812,734,796,773,771,765,754,717
B,912,889,811,734,795,773,773,766,757,718
B,921,893,815,737,796,772,771,765,757,716
B,913,889,813,735,795,770,772,768,757,716
B,921,889,815,734,796,772,771,764,756,717
B,911,888,814,735,797,773,771,767,755,717
B,906,894,813,733,796,773,771,767,758,716
B,911,888,815,737,798,773,772,766,757,717
B,915,889,813,737,798,772,770,766,756,717
B,912,887,815,736,795,772,771,764,756,718
B,912,889,814,736,799,771,772,765,755,716
B,911,888,815,736,796,773,771,764,756,718
B,912,889,814,735,797,772,770,765,755,716
B,919,890,813,736,796,773,771,766,757,718
B,914,890,815,733,796,773,771,765,757,717
B,918,891,814,736,797,772,771,765,757,719
B,913,887,815,735,797,771,772,767,757,716
B,910,886,815,737,797,774,770,765,758,716
B,917,890,816,734,799,774,772,767,758,718
B,917,890,814,735,797,772,771,765,757,716
B,911,887,814,736,798,772,771,765,757,716
B,915,896,813,736,795,772,770,764,756,718
B,911,887,815,736,797,773,771,767,758,718
B,911,891,813,737,796,773,771,768,756,716
B,909,888,815,736,799,773,771,766,756,715
B,912,889,814,736,797,773,770,767,756,717
B,911,891,814,735,799,772,771,765,755,715
B,919,891,814,734,798,773,769,766,753,718
B,920,890,815,736,797,773,771,767,756,718
B,907,891,815,736,798,773,771,767,755,716
B,909,892,815,734,797,771,770,765,756,717
B,916,891,817,734,797,773,770,768,757,716
B,916,889,814,735,798,773,771,767,756,716
B,910,890,815,737,797,773,771,767,757,716
B,920,889,815,735,796,772,771,765,757,717
B,909,888,814,737,796,774,770,765,756,719
B,909,887,813,736,797,774,770,767,756,716
B,911,890,815,735,798,772,770,766,757,716
B,910,889,815,736,799,772,769,764,754,717
B,907,889,814,735,797,773,770,764,755,718
B,916,886,814,737,796,772,771,767,756,716
B,906,885,816,737,796,774,771,767,757,717
B,917,888,813,738,799,772,770,765,756,718
B,919,885,815,737,797,772,770,766,758,717
B,914,889,814,736,797,774,771,765,757,717
B,910,890,815,734,797,774,769,766,757,717
B,920,887,814,736,796,772,769,766,757,717
B,917,889,814,734,797,774,770,766,758,717
B,918,890,813,736,797,773,769,766,758,716
B,909,887,816,736,799,773,770,768,758,716
B,912,885,814,735,798,774,770,766,756,718
B,913,890,815,735,797,772,769,766,758,717
B,911,886,813,736,795,773,769,767,757,717
B,904,889,816,738,797,772,769,767,757,716
B,910,886,814,737,797,771,770,765,757,719
B,916,890,813,734,798,773,769,767,756,716
B,906,891,813,738,799,773,770,765,758,718
B,915,892,816,735,798,773,769,766,758,718
B,922,895,815,736,797,774,768,767,758,718
B,909,890,813,737,797,773,769,767,757,718
B,918,889,814,736,798,772,768,766,757,717
B,911,890,813,737,797,773,770,764,758,718
B,919,891,814,735,799,773,771,766,758,715
B,909,887,814,737,798,773,770,766,757,717
B,912,888,813,735,797,772,769,767,757,716
B,909,887,815,736,796,771,771,764,756,718
B,912,889,814,736,797,774,770,767,757,717
B,913,887,815,736,797,773,771,767,758,717
B,910,888,814,736,798,773,770,765,755,716
B,912,888,814,738,795,773,772,765,757,718
B,906,888,815,737,797,774,769,766,757,717
B,908,889,815,735,796,771,770,767,756,716
B,912,891,815,737,797,773,770,764,758,717
B,913,892,815,737,797,772,770,765,757,717
B,915,885,815,736,798,772,771,768,756,716
B,912,886,815,734,796,774,770,766,757,718
B,912,891,814,736,798,773,769,764,757,716
B,921,891,814,737,798,774,770,765,758,717
B,923,885,813,738,795,772,770,765,757,715
B,910,886,814,736,798,772,770,767,758,719
B,917,892,813,736,797,772,771,766,757,718
B,910,888,816,734,796,772,771,767,756,718
B,911,888,814,736,798,773,769,766,757,717
B,911,892,816,736,796,773,770,767,758,718
B,909,892,816,737,797,773,769,767,757,717
B,913,887,815,737,798,772,768,767,756,718
B,919,887,816,737,798,773,770,767,755,716
B,912,890,814,737,797,772,769,765,758,717
B,919,886,815,735,797,772,770,766,757,716
B,914,888,815,736,797,771,769,766,758,716
B,907,889,815,737,797,773,769,766,757,717
B,917,889,814,737,796,774,769,765,757,717
B,912,891,815,735,798,774,769,767,759,718
B,916,891,815,737,797,771,770,765,757,718
B,909,888,814,737,798,774,770,765,758,717
B,914,889,813,737,798,771,770,765,757,716
B,908,887,813,737,798,771,770,766,757,716
B,904,891,814,735,799,773,769,766,758,718
B,923,886,813,736,798,772,769,765,757,718
B,909,891,813,737,799,772,769,766,758,716
B,907,891,815,736,796,774,769,765,755,718
B,910,887,814,736,797,773,770,764,758,717
B,910,886,816,738,800,771,769,766,756,717
B,909,890,815,735,799,773,770,763,756,716
B,917,886,816,737,798,774,769,766,757,719
B,916,890,814,736,797,772,769,764,756,718
B,912,890,816,738,798,773,769,765,757,715
B,917,890,815,735,797,773,771,765,758,717
B,913,887,815,736,798,773,769,767,757,717
B,908,892,814,737,797,774,769,764,758,717
B,912,888,816,736,798,774,768,765,758,716
B,916,890,817,734,798,773,770,767,758,717
B,914,889,816,736,795,771,768,766,758,718
B,910,889,816,737,797,773,769,766,758,716
B,911,887,815,737,798,774,769,765,757,717
B,915,886,816,736,798,773,769,766,757,718
B,910,889,816,738,798,774,769,766,757,718
B,909,889,816,736,797,772,769,764,758,716
B,908,886,814,735,797,772,769,764,756,718
B,916,888,814,736,798,773,769,767,758,718
B,913,888,815,736,798,774,769,763,756,716
B,908,889,817,736,798,772,769,765,756,717
B,914,890,814,735,797,774,769,766,757,714
B,920,891,817,737,799,774,768,765,759,717
B,914,893,815,735,797,773,770,766,756,716
B,913,890,814,735,797,773,768,764,757,716
B,917,888,814,735,799,773,769,766,758,718
B,907,885,814,736,799,773,768,764,758,717
B,913,887,815,736,799,773,768,766,756,716
B,915,890,814,735,799,772,770,767,759,718
B,907,894,817,735,797,772,769,766,758,717
B,922,890,815,736,798,773,769,767,758,717
B,910,892,816,734,799,773,769,766,757,717
B,917,888,813,736,799,773,770,766,757,716
B,917,889,815,736,798,772,770,764,758,716
B,918,889,816,735,798,773,769,767,757,718
B,912,891,816,736,798,772,768,765,757,717
B,917,887,815,736,799,773,769,765,758,718
B,904,887,817,735,799,773,769,767,757,718
B,911,890,814,737,796,771,770,767,758,717
B,916,889,814,738,798,772,768,765,757,717
B,912,887,816,736,798,772,768,766,759,717
B,918,890,815,737,800,772,770,766,758,718
B,912,890,814,736,799,774,769,766,758,717
B,911,888,814,735,798,774,769,765,758,716
B,919,889,817,736,797,774,769,765,759,719
B,908,889,815,736,799,772,769,765,758,718
B,908,891,814,736,798,772,770,765,758,717
B,912,888,816,737,797,772,769,766,756,716
B,913,890,815,735,798,773,770,767,758,717
B,907,890,816,737,799,773,768,767,758,715
B,913,888,815,737,799,774,770,768,756,716
B,908,890,816,738,799,773,768,765,757,718
B,913,890,814,736,799,772,768,765,758,716
B,911,891,814,737,798,772,769,764,758,717
B,909,888,815,738,797,772,769,766,758,717
B,918,891,815,737,798,773,768,765,759,715
B,908,887,815,737,797,772,769,767,758,718
B,917,890,816,737,798,773,769,766,758,717
B,918,891,814,738,797,771,768,763,759,716
B,909,890,815,735,797,772,769,765,757,716
B,921,891,818,737,798,773,770,767,757,715
B,914,887,817,735,799,772,770,765,759,718
B,915,890,817,734,798,772,768,767,760,718
B,914,888,817,736,796,774,770,767,758,717
B,917,887,815,737,799,773,769,766,757,716
B,910,888,817,734,798,771,768,766,758,716
B,908,886,815,736,798,774,769,764,756,716
B,917,890,817,737,799,773,769,766,758,717
B,913,887,816,736,801,773,769,768,756,718
B,906,888,816,736,795,774,769,766,758,716
B,921,888,814,735,798,772,767,766,757,717
B,908,887,814,737,799,773,768,766,758,716
B,913,887,816,735,799,774,770,764,758,717
B,907,889,816,736,799,774,768,767,757,718
B,913,889,817,735,799,774,768,763,757,716
B,913,888,817,734,798,773,769,766,758,716
B,907,888,816,737,798,773,768,764,758,716
B,909,887,817,736,799,774,767,765,757,717
B,913,887,817,736,800,773,770,764,756,716
B,911,888,816,737,800,774,769,766,758,716
B,908,890,816,736,800,774,769,766,758,716
B,910,887,817,735,800,774,768,764,759,716
B,917,887,817,736,802,773,770,766,759,716
B,916,887,815,735,803,773,768,768,758,717
B,916,886,816,737,803,772,768,767,759,718
B,918,886,818,736,801,774,768,766,757,718
B,916,892,818,734,802,774,770,767,758,717
B,919,891,817,735,803,773,769,767,757,717
B,922,888,814,735,802,773,769,765,757,718
B,915,891,815,737,802,773,769,765,757,716
B,911,889,817,737,796,772,768,766,756,716
B,911,886,816,736,797,771,771,763,755,715
B,911,889,819,735,798,772,769,764,757,717
B,921,893,818,737,799,774,768,767,758,717
B,910,890,817,736,799,773,768,764,757,717
B,907,890,817,735,796,772,769,767,757,719
B,911,889,818,736,798,773,769,766,759,716
B,919,891,815,737,799,772,768,765,759,715
B,915,888,818,737,798,772,769,765,758,718
B,913,891,819,738,799,772,769,766,758,717
B,914,889,815,737,798,772,768,767,757,717
B,916,888,817,736,796,773,769,766,757,717
B,913,885,817,736,798,771,770,765,759,718
B,907,886,814,736,798,774,768,764,758,716
B,920,888,817,737,798,773,769,765,757,716
B,914,887,816,737,796,772,770,765,758,716
B,909,891,817,736,798,774,770,765,756,716
B,922,889,818,736,797,772,768,765,757,717
B,912,889,817,737,797,774,770,767,757,717
B,908,889,815,735,798,772,768,767,759,716
B,925,889,815,737,798,771,768,767,758,716
B,912,895,817,737,799,774,769,767,757,716
B,909,890,816,735,798,774,770,765,758,717
B,911,890,816,737,799,772,770,765,759,715
B,913,886,816,736,797,773,768,767,757,718
B,918,890,817,735,800,772,768,764,758,718
B,921,894,815,737,796,772,770,764,757,717
B,910,890,817,736,797,773,768,765,759,717
B,919,892,816,737,799,771,769,767,757,718
B,916,891,816,737,797,773,769,765,757,715
B,918,890,817,738,797,773,769,766,757,717
B,913,889,817,736,797,774,768,765,758,716
B,921,887,818,736,797,774,768,765,758,716
B,909,891,817,737,797,773,769,767,758,717
B,910,889,818,737,797,774,768,766,760,715
B,923,887,815,736,797,772,769,766,759,716
B,909,888,818,734,798,774,768,766,759,717
B,919,891,818,737,799,773,770,765,757,716
B,920,887,819,736,798,773,770,765,756,715
B,907,892,816,737,798,773,768,765,758,716
B,917,889,818,735,798,773,770,766,759,716
B,907,890,817,736,797,774,769,765,759,716
B,911,887,815,736,797,773,768,764,759,718
B,911,888,816,737,796,772,768,767,758,718
B,913,894,817,738,798,773,769,766,759,717
B,923,888,817,736,798,772,768,766,758,716
B,921,888,817,736,795,773,768,766,758,717
B,915,892,819,737,799,773,770,764,758,716
B,915,892,818,736,797,773,768,764,758,717
B,919,888,816,736,797,772,768,765,757,716
B,917,892,818,736,798,774,767,765,760,715
B,911,888,818,736,798,773,769,766,760,716
B,916,889,818,735,796,774,768,766,759,717
B,912,887,818,735,796,773,768,768,760,718
B,914,888,817,736,798,774,769,767,758,717
B,912,888,816,735,797,772,768,766,760,718
B,916,889,819,737,798,773,770,765,756,717
B,920,889,816,737,796,771,769,765,757,717
B,914,890,815,737,797,773,770,766,758,718
B,917,886,817,735,798,773,769,766,759,718
B,911,889,817,738,798,773,768,767,759,717
B,909,888,818,736,796,772,769,764,760,716
B,914,889,817,737,796,773,769,766,758,716
B,917,889,817,738,799,774,768,765,760,716
B,913,890,816,736,798,773,769,766,759,716
B,913,891,818,737,799,773,769,767,760,720
B,910,889,817,737,798,772,770,767,758,718
B,911,892,818,738,799,773,770,766,757,718
B,903,891,819,736,797,773,769,766,759,716
B,909,888,818,737,798,774,768,764,760,718
B,906,890,815,736,800,773,769,765,759,716
B,920,893,820,734,798,771,768,766,759,717
B,915,889,818,736,799,774,769,765,758,717
B,909,888,819,735,798,772,770,763,757,716
B,911,891,819,736,795,773,768,766,758,717
B,915,889,817,737,798,770,769,764,758,718
B,914,891,819,735,797,774,770,765,757,717
B,917,891,819,736,795,771,770,766,759,717
B,915,890,818,735,798,772,770,765,761,716
B,909,890,819,737,798,773,769,765,760,716
B,915,891,819,737,796,773,769,767,758,717
B,922,889,817,735,799,771,769,767,758,718
B,910,889,817,734,800,774,767,763,758,717
B,910,887,819,738,797,773,769,764,759,716
B,918,890,819,737,796,772,770,765,758,718
B,910,887,819,736,799,773,770,763,759,715
B,912,889,818,735,796,773,768,764,760,716
B,919,887,818,735,799,772,769,766,757,717
B,909,889,818,738,797,774,770,765,757,717
B,915,890,817,737,797,773,769,767,760,717
B,909,888,819,735,798,772,770,765,759,715
B,911,888,818,736,798,772,769,764,759,718
B,908,890,817,736,797,773,770,765,760,716
B,913,888,818,738,798,774,769,765,757,716
B,912,888,819,737,797,773,769,766,757,718
B,912,889,818,736,798,773,769,766,759,717
B,920,888,818,737,797,773,770,765,759,716
B,908,891,819,735,799,773,767,766,758,717
B,918,891,818,738,797,774,769,765,757,717
B,920,888,816,736,796,774,768,765,759,718
B,919,890,819,738,796,773,768,765,758,717
B,896,888,818,735,796,773,769,767,758,717
B,912,890,820,737,797,774,770,766,759,718
B,914,891,818,737,797,773,769,766,758,716
B,912,887,818,736,799,773,768,767,759,716
B,919,892,817,736,798,773,769,763,759,716
B,918,886,818,737,797,773,769,766,758,716
B,917,892,819,737,797,772,767,765,758,716
B,918,892,818,738,798,772,769,766,759,718
B,912,893,820,738,796,772,770,765,759,718
B,915,888,819,738,797,773,769,764,758,716
B,910,893,816,735,797,774,768,766,758,715
B,914,890,819,737,798,770,768,767,757,715
B,914,892,819,739,798,774,768,766,757,718
B,918,887,819,736,797,772,769,765,756,716
B,916,892,820,736,800,773,768,765,759,716
B,917,890,819,736,797,773,768,766,757,718
B,915,888,818,738,798,773,769,765,759,717
B,908,889,819,735,798,774,769,765,759,717
B,911,887,820,736,797,773,768,767,759,716
B,910,891,819,738,799,772,767,767,759,716
B,913,890,817,734,799,774,768,767,759,716
B,920,891,818,736,797,774,769,765,760,716
B,909,888,819,736,799,772,769,765,758,717
B,914,889,818,738,797,772,768,765,758,715
B,911,891,820,736,799,772,768,767,758,716
B,920,890,817,737,797,774,769,767,760,718
B,917,890,819,736,797,774,769,767,760,715
B,917,885,819,734,798,773,769,765,759,717
B,914,889,818,737,799,773,769,767,758,716
B,922,888,817,737,797,772,768,765,759,716
B,919,889,819,737,798,773,768,765,759,718
B,918,888,818,738,799,773,769,767,759,718
B,912,888,818,736,796,773,769,767,760,718
B,916,890,818,736,797,773,769,767,760,717
B,912,890,818,736,797,772,770,766,759,718
B,912,891,818,737,797,774,769,767,760,716
B,918,893,817,735,798,772,768,767,760,716
B,916,886,821,735,800,772,770,765,757,717
B,917,891,818,738,799,772,768,765,757,716
B,910,887,818,735,799,773,769,765,760,718
B,912,891,820,736,799,773,769,765,758,717
B,920,889,818,736,799,772,768,766,759,716
B,905,890,818,738,798,773,770,764,757,717
B,918,890,819,737,798,772,769,767,758,717
B,915,890,818,735,798,772,768,766,757,716
B,914,892,820,737,797,774,769,766,759,718
B,904,888,820,737,798,773,768,766,760,718
B,918,890,818,738,797,772,769,767,758,717
B,912,888,820,738,800,772,770,764,757,718
B,922,895,820,737,799,774,769,764,758,717
B,915,887,820,735,798,773,770,768,761,716
B,915,892,817,736,797,772,770,765,758,717
B,918,888,817,737,798,772,769,764,758,717
B,919,890,816,736,798,773,767,767,761,716
B,911,883,817,738,799,773,769,766,757,716
B,914,890,819,736,798,772,769,766,759,718
B,906,892,819,736,796,772,768,765,761,718
B,921,887,819,735,797,772,769,764,757,715
B,913,889,818,737,797,773,769,766,759,715
B,914,890,815,737,799,773,769,765,759,716
B,907,892,819,736,800,772,768,765,760,718
B,909,888,818,735,797,774,769,766,759,717
B,907,889,819,735,798,773,768,765,759,717
B,920,899,818,738,799,774,769,765,759,717
B,915,889,818,736,798,772,769,767,759,716
B,915,891,819,736,798,773,768,765,759,717
B,920,890,818,738,798,771,770,765,757,717
B,913,889,819,736,799,772,769,765,758,717
B,913,894,818,737,799,770,766,765,758,716
B,918,892,818,737,798,773,769,767,759,716
B,918,888,817,738,800,772,769,766,759,716
B,912,890,819,736,797,772,770,765,759,717
B,920,888,820,734,798,774,770,764,759,715
B,918,890,819,737,797,773,769,767,758,717
B,916,891,818,735,801,772,769,765,757,717
B,908,891,820,736,798,773,769,766,759,717
B,919,888,818,736,798,774,768,766,757,717
B,913,889,819,739,795,774,768,766,757,718
B,917,891,818,738,797,771,768,764,760,716
B,915,893,818,736,797,773,770,767,758,717
B,911,892,820,738,798,772,768,766,758,716
B,916,891,818,737,795,773,769,766,759,717
B,913,894,818,737,797,773,770,766,759,716
B,907,886,817,736,797,773,769,767,759,718
B,916,888,820,737,798,773,769,765,758,715
B,913,889,819,736,798,772,768,765,757,717
B,912,888,817,736,799,774,769,766,757,720
B,916,892,817,737,796,774,770,765,759,717
B,910,892,819,737,798,772,769,766,759,717
B,920,892,819,738,798,772,769,765,758,717
B,911,887,818,739,799,772,769,767,757,716
B,911,889,821,737,797,772,768,765,758,715
B,909,891,817,736,797,774,768,767,761,715
B,909,891,817,736,799,772,770,765,758,718
B,908,888,820,738,800,773,769,766,759,718
B,909,891,818,736,797,774,767,765,759,717
B,908,886,818,739,796,772,770,764,758,717
B,918,889,818,738,798,773,769,765,758,717
B,908,887,817,738,800,772,769,766,759,717
B,917,888,818,737,798,772,768,765,759,716
B,918,894,818,736,795,773,769,766,760,717
B,909,889,819,738,800,774,768,766,757,718
B,911,892,817,737,798,774,768,765,759,716
B,905,888,818,738,799,773,768,766,760,716
B,911,887,817,738,800,773,768,763,759,717
B,914,891,820,737,798,773,768,765,758,717
B,913,886,818,735,797,774,768,767,760,715
B,910,885,818,738,797,773,768,764,758,718
B,908,889,820,735,798,774,767,766,757,717
B,909,887,819,737,798,773,769,765,759,715
B,907,888,819,738,800,772,769,766,759,715
B,917,891,817,738,799,774,769,766,757,717
B,911,891,818,736,799,772,768,767,759,717
B,915,887,819,736,798,773,769,766,759,717
B,914,890,818,738,797,774,768,766,758,717
B,908,891,819,736,799,773,768,767,760,716
B,915,891,820,737,798,773,767,765,760,717
B,910,888,819,739,800,775,768,767,758,718
B,909,888,819,738,797,773,769,765,760,717
B,911,890,819,736,800,772,768,767,760,717
B,913,890,818,738,797,774,768,766,758,717
B,911,890,819,736,798,773,769,763,758,715
B,911,891,819,737,800,772,769,767,759,716
B,918,892,819,737,797,774,768,767,759,716
B,914,888,819,739,799,774,769,766,758,716
B,912,889,820,740,797,775,769,765,758,717
B,917,891,817,739,797,773,768,766,758,716
B,907,895,818,739,798,773,768,764,759,716
B,915,893,820,739,800,772,769,765,758,715
B,913,890,818,738,797,775,767,764,758,717
B,915,889,820,738,799,773,768,766,757,716
B,917,891,818,737,798,774,769,764,757,715
B,909,889,817,738,799,774,768,765,758,716
B,909,889,819,737,800,773,768,767,758,718
B,913,890,819,738,801,772,768,767,759,718
B,915,890,819,738,799,773,769,766,759,716
B,899,891,817,736,801,773,769,764,759,717
B,916,891,819,738,801,773,768,763,759,718
B,908,889,820,737,802,773,767,765,759,716
B,912,892,820,738,801,773,769,764,758,716
B,906,888,817,740,802,772,768,766,760,718
B,913,886,820,737,804,774,768,767,759,716
B,909,892,818,737,800,772,767,765,760,716
B,905,891,819,739,800,773,767,765,759,717
B,911,887,818,739,804,772,769,765,758,718
B,915,889,819,739,803,774,768,766,758,716
B,915,891,819,739,805,772,768,767,759,717
B,915,889,819,739,806,771,767,766,758,717
B,920,891,820,737,801,772,768,765,759,715
B,908,887,817,739,798,774,769,764,757,718
B,918,890,818,738,799,774,768,765,759,718
B,909,891,818,738,800,773,768,766,758,716
B,910,887,820,737,800,774,767,767,759,718
B,913,890,818,738,800,772,768,764,759,717
B,912,887,818,739,800,774,769,765,758,717
B,900,892,821,739,797,774,768,766,759,717
B,911,887,820,739,799,774,769,766,759,717
B,921,889,817,738,797,772,767,767,760,717
B,906,891,818,737,801,772,768,766,759,716
B,915,887,819,737,801,774,767,765,758,719
B,908,890,818,739,798,773,769,763,758,717
B,919,888,819,739,799,773,767,764,759,717
B,911,893,819,739,798,772,769,767,758,716
B,916,890,820,737,798,772,767,766,758,716
B,920,889,819,738,798,774,768,767,758,716
B,911,890,821,740,797,775,767,767,759,717
B,917,888,819,739,798,774,767,765,759,715
B,913,886,820,740,797,772,768,762,757,716
B,918,888,820,738,799,773,768,766,760,716
B,914,890,820,737,799,772,768,763,760,716
B,915,890,821,738,800,773,767,767,759,717
B,911,887,819,738,798,773,767,767,759,717
B,911,888,820,740,798,772,768,765,759,715
B,920,890,820,737,798,772,769,764,757,716
B,917,890,821,739,798,774,768,764,757,717
B,914,886,818,740,800,773,768,764,759,718
B,907,892,821,739,798,773,768,765,757,718
B,908,892,821,740,798,774,767,765,759,717
B,914,891,818,738,798,773,769,766,760,718
B,908,892,819,738,801,772,767,765,758,717
B,911,892,819,738,799,773,767,766,758,717
B,920,888,819,736,800,772,768,767,760,717
B,912,889,821,739,799,773,768,765,759,717
B,916,887,818,738,799,772,768,766,758,716
B,909,889,820,740,801,774,765,767,757,716
B,915,888,819,736,797,772,767,765,759,717
B,912,887,821,738,799,773,767,765,758,716
B,907,888,818,737,802,772,767,767,760,718
B,915,889,820,739,802,774,768,766,759,718
B,909,888,818,738,802,772,767,765,758,716
B,908,891,818,738,800,771,767,766,759,716
B,916,888,819,739,802,774,767,766,757,717
B,914,891,820,737,800,773,766,766,759,716
B,914,891,820,737,802,773,767,764,758,717
B,921,888,820,738,803,774,766,766,758,717
B,915,886,820,739,803,772,767,764,758,717
B,918,891,818,740,803,772,768,765,758,716
B,919,887,820,740,804,774,767,767,758,718
B,924,887,819,739,803,773,765,763,760,718
B,910,888,818,738,803,774,766,766,759,714
B,912,886,819,739,801,772,768,767,759,716
B,915,890,819,737,802,772,768,764,758,718
B,915,889,819,739,800,773,767,765,760,718
B,909,889,820,739,801,774,767,764,758,719
B,913,890,820,738,799,772,767,765,758,718
B,903,888,819,736,800,772,766,766,758,716
B,905,890,819,740,798,774,767,767,759,717
B,908,892,819,738,801,773,767,765,758,717
B,918,891,820,737,800,774,768,765,759,717
B,915,889,820,739,801,774,769,765,757,716
B,912,890,820,739,799,772,767,764,758,717
B,910,889,820,739,800,772,767,765,759,716
B,911,889,821,739,800,772,767,764,760,715
B,909,893,820,737,800,773,767,764,758,717
B,908,891,819,740,801,772,767,766,757,718
B,914,887,820,737,801,771,766,763,758,718
B,916,886,819,739,800,774,766,765,759,718
B,910,888,821,738,800,773,767,765,758,717
B,914,888,819,738,800,774,766,764,759,717
B,917,888,819,738,801,773,767,766,761,715
B,911,891,820,738,800,773,767,764,758,717
B,913,891,821,739,802,772,766,766,759,717
B,912,890,821,738,800,773,766,767,757,718
B,915,884,819,740,802,773,768,766,758,718
B,911,889,820,739,802,772,767,766,759,716
B,917,891,821,738,801,772,766,764,757,716
B,912,887,821,739,803,772,766,765,759,717
B,913,886,819,739,803,774,768,766,760,717
B,916,888,822,739,801,773,767,762,759,717
B,915,887,823,736,803,775,768,765,759,717
B,912,887,821,738,802,772,766,766,759,716
B,917,890,820,739,803,773,767,764,757,715
B,919,891,819,738,804,774,766,765,758,718
B,911,887,821,740,803,772,767,767,757,718
B,918,887,821,739,802,773,767,766,760,716
B,912,890,821,740,803,774,767,765,760,716
B,909,890,821,739,803,773,766,766,760,717
B,919,887,823,738,804,772,766,767,759,717
B,918,891,820,738,803,772,767,767,759,715
B,908,887,820,738,802,773,767,767,759,716
B,912,893,822,740,801,774,766,767,760,716
B,910,888,821,737,797,773,764,765,760,715
B,916,890,821,739,797,774,767,762,758,717
B,909,887,819,737,800,774,767,765,759,716
B,916,890,819,737,800,772,767,764,761,717
B,913,891,822,739,801,773,765,766,760,717
B,910,889,821,737,801,775,766,766,759,717
B,911,890,821,740,799,773,767,766,758,716
B,909,890,822,737,800,773,766,766,759,717
B,910,886,822,739,802,772,767,767,759,717
B,913,887,821,740,799,773,766,766,758,718
B,919,886,823,739,801,774,768,765,760,716
B,916,891,818,738,799,772,766,766,757,716
B,919,887,822,739,800,773,767,765,759,719
B,904,888,822,737,800,772,766,766,758,717
B,919,890,821,739,800,773,767,765,758,718
B,918,889,821,739,801,774,766,765,759,718
B,918,892,822,737,800,774,766,764,759,717
B,910,892,822,740,800,772,766,765,758,718
B,916,891,822,736,798,771,768,765,759,716
B,913,892,822,739,800,774,768,764,758,717
B,911,887,821,739,798,774,766,765,759,717
B,905,890,820,737,799,772,766,764,757,716
B,915,891,821,740,799,773,767,766,758,716
B,911,891,823,741,799,774,766,766,758,717
B,922,889,821,738,799,774,764,765,758,718
B,917,890,821,739,800,773,767,765,759,718
B,914,891,822,740,801,773,766,764,759,718
B,912,886,822,739,802,773,765,766,759,716
B,916,890,821,740,800,771,767,762,757,716
B,917,887,821,737,799,774,766,764,758,717
B,914,889,821,740,801,773,765,765,759,717
B,906,886,822,740,802,773,766,763,758,717
B,914,889,821,741,798,772,767,766,758,718
B,912,886,820,740,801,773,765,765,759,719
B,912,889,823,740,801,774,766,765,760,716
B,903,893,820,737,801,773,767,766,760,715
B,917,889,821,739,802,773,767,766,760,718
B,911,888,823,739,803,774,767,766,760,717
B,920,890,819,739,803,772,767,764,758,716
