Q,911,865,858,826,897,824,886,840,894,804
Q,914,864,857,827,895,823,887,841,897,806
Q,918,866,859,826,896,822,888,842,897,806
Q,918,864,858,827,895,823,886,840,896,805
Q,915,867,859,827,897,823,887,841,895,805
Q,917,867,857,826,895,822,887,840,895,806
Q,911,868,857,829,894,823,888,843,892,805
Q,907,864,858,826,895,823,887,840,897,807
Q,913,863,859,826,896,822,887,841,895,804
Q,914,865,859,825,894,823,886,841,893,806
Q,906,862,856,825,897,823,885,840,893,804
Q,914,866,859,825,894,822,888,841,898,807
Q,916,866,859,824,897,822,887,841,894,806
Q,911,863,859,825,897,823,887,839,892,807
Q,915,863,857,826,897,824,887,838,894,805
Q,918,866,858,826,895,823,886,841,896,805
Q,918,866,856,827,898,821,886,843,893,804
Q,915,865,857,826,896,821,887,838,897,804
Q,914,868,858,826,894,823,887,842,896,807
Q,918,866,858,825,896,821,887,840,895,806
Q,913,863,859,823,900,822,888,839,894,804
Q,917,869,859,825,897,821,888,842,896,807
Q,917,866,858,825,897,824,888,839,895,806
Q,917,864,857,825,898,823,888,842,892,805
Q,915,865,858,826,896,823,886,843,894,807
Q,917,865,858,825,896,823,886,840,894,804
Q,922,863,857,826,897,823,887,842,897,802
Q,917,864,859,827,895,822,888,840,892,806
Q,920,866,857,825,895,822,887,837,898,805
Q,916,864,857,827,896,821,887,840,895,806
Q,920,867,858,824,898,823,889,841,897,804
Q,915,863,859,825,894,823,887,839,892,804
Q,919,866,858,826,897,822,888,842,893,803
Q,919,864,858,827,895,822,887,839,893,804
Q,918,865,859,825,897,823,886,839,895,804
Q,917,866,859,825,896,821,885,838,893,804
Q,916,866,858,826,896,821,887,838,893,804
Q,913,867,857,826,897,821,887,841,893,805
Q,912,863,858,827,897,822,887,840,893,806
Q,918,864,857,828,895,823,888,841,891,803
Q,911,866,859,827,896,823,887,840,898,806
Q,919,865,859,825,897,820,886,841,896,806
Q,913,865,858,827,896,823,889,838,894,804
Q,918,866,857,828,896,823,886,841,896,803
Q,916,867,856,825,895,821,886,839,894,804
Q,921,865,858,826,894,823,888,841,897,806
Q,919,865,857,827,896,823,885,842,894,806
Q,921,868,859,824,897,822,886,836,895,803
Q,911,866,857,825,899,821,888,842,893,807
Q,922,867,857,825,894,823,887,839,894,806
Q,923,863,857,824,893,823,885,843,898,805
Q,920,866,858,825,896,823,886,838,894,804
Q,916,869,857,826,895,821,888,841,896,806
Q,919,867,858,824,897,823,886,840,898,805
Q,914,865,857,827,896,822,888,842,895,804
Q,920,866,858,826,897,821,887,841,894,806
Q,923,868,860,827,895,822,889,841,895,804
Q,912,865,858,826,893,823,887,839,896,805
Q,919,866,857,824,897,821,887,839,895,806
Q,912,863,858,825,896,821,888,840,894,806
Q,919,867,858,826,896,823,887,842,893,804
Q,920,865,857,824,894,822,888,838,891,804
Q,919,866,857,824,897,821,887,837,894,806
Q,907,863,857,825,891,819,886,842,892,806
Q,913,865,857,825,896,821,886,842,899,804
Q,918,866,858,823,896,822,888,839,896,804
Q,914,864,856,827,896,821,887,840,897,805
Q,911,862,857,824,897,821,887,841,897,805
Q,913,866,859,825,896,823,886,838,898,806
Q,921,867,858,826,895,821,886,841,896,805
Q,918,865,857,824,895,824,888,836,896,806
Q,912,860,859,825,897,821,887,841,897,806
Q,917,866,857,824,894,821,887,840,894,805
Q,919,865,857,825,894,821,889,837,891,804
Q,922,866,859,824,894,822,886,841,897,804
Q,939,864,857,826,895,822,887,841,895,804
Q,919,866,858,826,896,823,887,841,894,803
Q,924,868,859,827,894,823,888,841,893,804
Q,918,865,857,826,896,822,888,841,896,803
Q,919,865,858,826,896,821,888,841,895,806
Q,908,866,857,827,895,823,887,838,892,805
Q,917,868,858,824,896,823,887,841,895,804
Q,913,867,857,826,894,821,886,841,894,806
Q,909,863,857,824,897,823,887,840,895,804
Q,910,866,858,825,893,822,885,839,896,806
Q,912,864,856,825,896,822,888,841,897,806
Q,914,866,857,824,894,822,886,839,895,804
Q,924,864,857,824,895,823,885,841,896,803
Q,914,865,859,825,897,820,887,840,896,804
Q,912,867,857,826,895,822,887,840,894,807
Q,914,868,859,826,893,823,886,840,897,805
Q,921,863,858,826,896,822,886,841,892,804
Q,911,863,857,824,896,821,886,840,896,804
Q,916,867,858,825,895,822,888,839,894,805
Q,918,863,859,823,895,822,886,839,894,803
Q,912,864,857,823,894,821,885,841,893,807
Q,919,863,858,824,897,823,886,840,894,804
Q,917,863,859,826,896,821,888,840,896,802
Q,913,866,857,826,895,823,887,837,892,806
Q,911,863,859,822,892,823,887,838,893,807
Q,919,865,858,824,894,820,886,839,891,806
Q,918,864,858,826,896,822,887,841,896,806
Q,918,865,858,827,896,821,887,837,896,803
Q,916,866,857,825,894,821,886,841,892,806
Q,914,862,859,825,895,822,886,843,891,803
Q,915,865,858,825,896,822,886,837,896,804
Q,908,863,858,825,894,821,886,839,894,803
Q,913,869,857,824,895,821,886,839,898,806
Q,919,862,859,823,894,822,887,840,895,805
Q,910,864,858,824,895,820,888,841,894,803
Q,917,864,858,825,893,821,885,840,896,803
Q,912,866,857,824,893,821,885,841,895,804
Q,914,864,858,826,894,822,885,840,894,804
Q,913,864,859,823,895,823,888,839,892,803
Q,925,868,858,825,896,823,886,840,898,805
Q,914,865,859,826,894,822,887,840,892,805
Q,917,866,858,824,895,822,888,840,891,805
Q,919,866,858,825,895,821,886,841,893,805
Q,912,865,857,826,892,823,886,841,897,803
Q,920,864,859,825,896,823,886,838,894,805
Q,915,863,858,824,893,822,886,841,895,806
Q,914,865,857,824,896,822,886,837,897,804
Q,915,864,859,823,898,823,888,842,897,804
Q,916,863,857,825,896,821,885,840,894,804
Q,904,862,860,828,895,823,887,838,897,806
Q,911,864,858,825,895,822,886,839,894,806
Q,910,863,858,824,896,820,887,842,894,804
Q,916,863,858,824,895,820,888,840,897,806
Q,913,864,857,824,897,823,885,838,897,807
Q,913,864,858,827,893,821,886,838,893,804
Q,918,862,858,824,894,820,887,839,893,806
Q,913,865,857,825,895,821,887,837,896,803
Q,911,865,857,825,895,821,883,840,895,803
Q,918,865,858,824,894,821,886,839,895,806
Q,911,863,857,825,894,822,888,837,896,803
Q,914,865,858,826,895,821,886,839,897,806
Q,913,862,856,827,897,822,888,840,892,805
Q,913,863,857,823,895,821,887,838,896,805
Q,920,868,856,825,893,820,885,841,897,805
Q,915,861,859,823,896,820,887,840,895,804
Q,915,863,859,824,897,821,887,837,892,802
Q,917,867,859,824,897,821,887,839,893,804
Q,919,863,857,823,892,821,885,839,897,805
Q,917,866,856,825,896,820,888,837,894,805
Q,912,863,855,825,897,821,887,837,895,803
Q,918,866,857,826,894,821,887,840,896,804
Q,910,865,858,823,895,822,885,839,896,805
Q,914,866,857,825,896,822,885,837,893,806
Q,917,865,858,825,895,822,887,839,896,804
Q,916,864,858,825,894,821,887,838,899,802
Q,915,867,858,825,896,820,887,839,894,806
Q,919,863,856,825,894,821,886,840,894,804
Q,917,866,857,822,895,822,885,840,895,805
Q,917,865,858,824,896,821,887,840,892,803
Q,917,864,855,822,895,822,886,839,896,804
Q,912,867,855,825,894,822,887,839,896,805
Q,914,864,856,824,896,821,888,841,894,804
Q,917,868,857,825,894,819,887,838,895,806
Q,919,863,858,823,894,823,886,840,896,803
Q,913,867,857,824,894,821,885,838,896,804
Q,917,865,857,825,896,821,887,839,895,806
Q,916,865,856,824,895,820,889,838,897,804
Q,917,863,857,825,896,822,886,839,896,805
Q,914,865,858,823,895,820,885,838,894,807
Q,912,864,858,825,896,822,886,839,895,806
Q,908,865,859,827,889,821,885,840,895,803
Q,915,865,857,825,896,821,887,838,896,804
Q,919,865,858,823,895,822,886,837,895,806
Q,914,862,858,824,896,821,885,839,897,805
Q,915,865,858,823,894,823,886,837,898,805
Q,916,864,858,825,896,822,885,841,895,804
Q,918,864,857,825,892,821,888,837,893,805
Q,912,863,857,821,893,821,885,838,896,804
Q,919,863,858,825,895,821,885,838,893,804
Q,918,863,859,825,894,822,887,836,895,802
Q,914,862,858,825,895,821,885,837,892,803
Q,921,863,859,824,896,820,888,839,895,804
Q,911,863,857,826,894,821,887,840,895,803
Q,914,864,858,824,898,820,885,840,888,802
Q,917,860,859,823,892,822,888,840,896,804
Q,918,864,858,826,896,823,887,840,896,806
Q,916,865,858,825,893,820,887,835,895,805
Q,912,863,856,822,897,820,885,840,894,805
Q,904,863,858,823,895,820,887,839,895,806
Q,913,864,858,824,895,820,886,838,896,805
Q,920,867,859,827,896,822,887,841,894,806
Q,915,864,857,823,899,823,885,837,893,804
Q,918,863,859,825,894,821,886,839,896,803
Q,916,863,858,823,897,820,886,841,896,807
Q,915,864,858,824,895,821,887,839,896,804
Q,917,862,855,825,894,820,886,838,896,804
Q,920,864,858,825,895,821,887,839,896,807
Q,915,863,857,822,893,821,886,838,897,804
Q,917,865,858,825,894,820,887,839,896,806
Q,907,867,858,825,896,820,886,839,893,804
Q,914,862,858,824,895,820,886,839,895,803
Q,916,863,858,826,892,821,886,839,895,805
Q,922,862,857,826,896,822,887,838,896,804
Q,917,864,857,824,897,821,886,841,892,804
Q,917,863,857,825,895,820,885,836,895,806
Q,909,863,858,824,895,822,885,840,896,805
Q,916,861,859,825,895,821,887,838,898,805
Q,919,867,858,821,893,823,886,839,896,804
Q,916,864,858,825,895,820,887,835,892,806
Q,915,863,859,827,894,821,884,842,897,804
Q,918,863,858,824,896,821,886,837,900,806
Q,912,866,857,825,895,822,886,839,894,805
Q,910,863,857,825,896,820,885,839,894,807
Q,915,864,858,824,895,822,887,842,894,805
Q,920,861,857,825,896,821,884,837,895,806
Q,912,864,857,823,892,822,886,837,897,805
Q,918,863,858,826,893,822,886,837,893,805
Q,916,865,856,824,892,823,886,837,891,803
Q,919,866,856,823,894,822,886,840,896,803
Q,914,863,859,825,893,821,885,839,896,803
Q,910,861,857,822,897,822,887,838,895,805
Q,915,861,858,825,893,820,886,839,895,805
Q,911,860,859,822,894,822,887,839,898,804
Q,912,864,858,824,894,822,887,839,894,804
Q,914,864,861,826,897,818,888,837,893,806
Q,917,865,859,822,895,822,884,840,893,805
Q,920,864,859,824,894,823,886,839,894,803
Q,911,863,856,822,893,821,887,837,894,806
Q,919,866,859,827,896,820,887,838,896,805
Q,916,863,858,824,895,822,886,839,893,804
Q,920,864,857,822,895,821,886,838,896,805
Q,911,865,858,822,892,820,888,839,897,805
Q,906,870,857,823,895,822,886,840,893,806
Q,917,862,858,824,895,821,887,839,895,802
Q,912,863,857,822,892,820,884,837,896,805
Q,917,863,856,825,896,821,886,839,893,806
Q,917,861,858,823,895,822,887,839,894,804
Q,914,869,860,824,894,819,888,838,893,803
Q,920,865,857,825,893,818,888,838,894,806
Q,919,863,858,823,894,821,885,836,896,806
Q,922,859,854,822,894,821,886,838,897,802
Q,919,866,859,824,892,819,888,837,896,807
Q,907,862,859,825,895,822,887,841,898,806
Q,921,863,857,822,896,819,887,837,897,806
Q,917,862,856,822,892,819,884,840,896,803
Q,919,865,858,823,895,820,886,839,894,806
Q,919,863,859,824,894,820,887,841,893,803
Q,912,862,859,823,895,821,885,836,891,804
Q,911,863,858,824,895,819,887,838,892,803
Q,917,861,859,826,892,819,888,836,896,804
Q,912,864,857,824,892,820,886,837,895,803
Q,919,862,857,821,896,821,885,838,897,804
Q,918,861,857,826,892,821,888,839,893,805
Q,914,863,858,826,892,821,887,843,893,804
Q,913,863,858,824,894,820,887,840,896,805
Q,912,862,858,825,894,821,886,836,898,804
Q,913,866,857,823,893,820,886,839,894,806
Q,912,862,856,826,898,820,887,836,892,803
Q,916,865,858,824,893,821,886,839,893,803
Q,917,864,858,824,895,822,887,840,895,803
Q,908,866,857,821,895,819,886,838,890,804
Q,912,862,857,824,894,820,886,837,894,803
Q,918,867,857,822,894,821,887,838,898,804
Q,917,863,858,825,894,818,886,840,899,804
Q,917,865,859,824,892,821,887,836,894,807
Q,919,863,857,825,896,822,888,839,893,805
Q,914,865,858,824,894,821,886,837,895,806
Q,917,866,857,824,895,819,885,839,892,804
Q,914,865,858,825,892,821,888,836,893,804
Q,905,868,858,825,891,822,886,839,895,805
Q,909,865,856,824,896,819,886,836,891,804
Q,914,862,859,823,895,822,886,836,893,804
Q,917,866,858,825,895,822,887,837,894,805
Q,915,864,855,824,895,820,882,842,895,804
Q,914,861,855,824,892,822,887,837,894,805
Q,917,866,858,824,894,822,886,836,894,806
Q,917,864,858,823,893,818,887,840,893,806
Q,916,865,859,823,893,822,887,837,895,804
Q,913,863,858,823,895,819,886,836,891,807
Q,914,864,858,824,894,821,883,840,894,807
Q,916,865,859,823,894,820,887,838,896,805
Q,912,864,858,822,895,822,885,839,897,806
Q,912,862,858,824,893,819,886,837,893,804
Q,919,863,857,825,894,821,886,839,896,806
Q,916,863,858,824,891,824,887,836,896,805
Q,912,862,859,825,891,822,886,840,897,803
Q,910,863,859,824,893,820,885,837,896,805
Q,924,867,858,823,895,820,887,838,896,804
Q,917,864,858,822,893,821,887,837,894,804
Q,915,865,858,822,893,820,883,839,893,802
Q,918,865,858,825,894,822,886,840,892,806
Q,915,861,860,826,895,820,883,840,892,806
Q,914,863,858,823,891,820,885,836,888,801
Q,922,862,857,823,894,821,887,837,895,805
Q,912,866,857,822,895,821,885,840,893,805
Q,904,862,858,822,893,821,887,839,895,806
Q,918,865,859,825,895,822,886,840,895,804
Q,911,864,861,823,894,823,885,838,895,807
Q,928,862,858,823,895,819,886,837,893,805
Q,913,869,856,824,893,822,885,839,894,805
Q,915,864,855,822,892,822,887,837,895,806
Q,915,863,858,823,897,823,888,841,886,801
Q,916,865,857,823,892,821,887,840,896,803
Q,919,863,858,822,894,822,886,842,893,802
Q,911,864,856,823,895,820,885,838,894,806
Q,907,865,857,823,892,820,887,838,897,805
Q,912,865,859,826,897,820,887,835,896,804
Q,909,864,857,824,894,821,886,836,896,805
Q,915,863,859,822,892,821,886,838,894,805
Q,917,865,858,824,893,822,886,839,894,804
Q,913,866,859,825,894,822,885,839,895,806
Q,913,864,858,823,894,822,885,841,898,804
Q,914,858,857,824,895,821,888,839,894,807
Q,911,863,859,825,894,820,886,839,893,806
Q,917,864,859,823,894,822,885,834,896,805
Q,910,863,858,822,892,821,886,839,896,805
Q,912,866,856,822,895,822,886,840,895,806
Q,917,861,859,824,894,821,886,837,895,802
Q,913,864,857,825,894,822,886,842,900,805
Q,917,864,857,823,894,821,884,837,897,804
Q,912,863,859,824,893,821,884,837,893,805
Q,913,864,858,823,892,820,887,840,896,802
Q,910,868,858,821,889,820,886,838,893,802
Q,916,862,858,821,893,821,886,837,896,805
Q,911,863,858,825,896,819,888,841,895,806
Q,910,866,858,824,894,820,886,835,895,805
Q,919,866,856,825,892,821,887,839,893,806
Q,908,861,858,822,893,821,887,839,895,803
Q,915,862,859,822,891,818,886,838,897,804
Q,910,863,859,824,894,822,885,837,896,804
Q,917,866,857,824,894,821,885,840,893,806
Q,914,865,859,821,894,820,884,836,897,803
Q,919,862,857,823,893,822,887,839,897,802
Q,911,863,859,823,892,821,885,839,893,805
Q,911,862,859,824,895,821,885,839,897,806
Q,911,866,857,823,894,821,886,837,894,806
Q,914,864,858,824,894,820,886,840,897,805
Q,918,862,859,822,892,820,886,838,895,807
Q,917,865,860,825,894,822,885,837,895,807
Q,914,866,859,824,894,821,886,838,896,804
Q,914,866,857,825,893,820,885,839,896,806
Q,919,863,859,824,894,822,885,839,893,805
Q,916,863,858,823,894,822,887,838,895,803
Q,911,865,858,821,893,822,887,840,895,806
Q,918,864,858,824,894,822,886,838,895,803
Q,918,865,859,822,894,821,886,838,896,806
Q,920,862,859,824,894,821,886,839,895,805
Q,912,862,859,820,896,822,886,840,896,805
Q,910,863,858,822,895,820,888,837,895,804
Q,919,863,858,821,892,821,886,840,896,803
Q,903,862,861,820,892,820,884,835,895,804
Q,910,862,858,822,895,821,886,837,891,804
Q,912,863,858,823,895,819,886,838,897,804
Q,918,865,859,822,892,819,886,838,891,807
Q,914,863,858,823,894,820,885,836,893,805
Q,913,864,859,822,894,821,885,838,894,803
Q,917,863,858,821,892,820,885,835,894,804
Q,906,864,859,822,893,822,884,836,896,803
Q,912,861,858,825,892,821,887,834,897,803
Q,910,866,860,821,894,821,887,839,892,802
Q,915,863,858,825,895,819,887,837,894,804
Q,920,866,858,824,893,819,885,837,895,804
Q,913,865,859,824,894,820,886,836,893,802
Q,909,867,858,823,892,822,885,837,894,805
Q,914,862,859,824,892,820,885,836,895,806
Q,915,860,860,822,897,823,887,841,895,806
Q,912,865,859,822,894,821,887,838,896,806
Q,915,864,858,822,893,821,884,839,896,805
Q,912,862,858,823,891,823,884,836,894,806
Q,907,864,858,822,892,821,886,839,893,805
Q,917,864,859,823,893,820,885,834,898,804
Q,912,865,858,822,894,821,885,836,892,802
Q,914,864,858,823,893,820,887,839,898,804
Q,923,866,858,824,894,821,885,838,897,804
Q,919,862,858,822,893,820,885,836,893,802
Q,920,864,858,823,892,819,886,836,896,805
Q,913,866,858,824,892,821,885,834,893,802
Q,919,864,858,822,895,821,886,837,897,806
Q,914,864,858,823,892,821,885,842,894,802
Q,911,868,858,825,896,819,883,839,893,805
Q,918,864,856,821,894,821,886,837,895,806
Q,913,865,859,823,896,819,887,835,891,805
Q,912,865,859,821,891,821,885,840,891,805
Q,919,863,856,824,893,820,886,838,895,802
Q,912,865,858,823,894,821,886,836,895,804
Q,922,860,859,824,896,819,884,836,896,805
Q,919,865,859,822,895,822,884,835,894,806
Q,924,864,860,824,895,820,884,839,895,804
Q,919,864,859,823,893,820,886,837,894,805
Q,911,863,859,822,892,819,886,838,895,805
Q,912,861,860,821,892,822,886,838,897,806
Q,921,863,857,820,891,821,886,837,897,804
Q,912,863,859,822,890,819,885,840,896,806
Q,911,865,858,821,894,821,885,836,897,805
Q,910,865,859,821,894,821,885,836,895,802
Q,921,867,858,821,893,820,886,837,897,803
Q,914,866,859,823,894,821,886,836,894,804
Q,914,863,858,823,895,821,885,836,894,805
Q,918,866,859,823,894,820,885,836,894,805
Q,913,865,862,820,890,820,886,835,897,805
Q,916,865,859,822,893,822,887,838,893,805
Q,910,865,859,822,894,820,885,838,894,804
Q,917,866,860,821,891,822,887,838,893,803
Q,907,865,859,822,892,821,884,839,895,805
Q,913,864,860,823,893,819,884,839,896,805
Q,918,867,859,823,894,820,885,838,894,803
Q,919,867,860,823,892,820,885,835,894,805
Q,912,868,860,821,893,820,886,840,892,804
Q,911,865,858,823,893,823,885,839,895,806
Q,914,867,860,821,894,821,886,838,896,807
Q,915,864,859,819,893,819,887,835,894,802
Q,919,864,858,823,893,820,886,837,893,804
Q,917,866,859,823,892,822,886,838,897,804
Q,912,867,858,823,894,821,886,835,895,805
Q,912,866,859,822,892,821,885,837,896,805
Q,913,867,859,821,893,821,887,839,897,804
Q,912,865,859,822,892,821,885,837,889,803
Q,920,864,858,821,894,821,884,838,894,806
Q,920,865,858,824,892,821,886,838,895,803
Q,914,867,858,820,894,819,886,836,895,804
Q,918,867,859,823,892,820,888,836,893,803
Q,910,865,859,822,893,819,885,838,892,803
Q,915,864,859,822,893,820,886,838,894,802
Q,912,865,859,824,893,821,885,837,896,804
Q,919,866,857,821,891,821,886,839,896,803
Q,920,869,860,821,895,821,883,834,894,803
Q,915,866,859,822,891,820,884,839,894,805
Q,913,865,858,822,892,821,885,836,896,803
Q,913,867,860,820,895,821,886,836,893,804
Q,922,867,857,821,893,821,885,837,892,804
Q,909,866,859,821,892,820,887,836,896,802
Q,915,864,859,823,893,822,886,837,896,805
Q,920,861,858,821,892,820,884,836,896,805
Q,919,863,857,821,892,820,887,836,893,806
Q,917,866,860,822,893,822,884,836,895,805
Q,915,867,859,822,894,821,885,836,892,806
Q,920,866,858,823,894,821,887,838,895,803
Q,917,865,859,823,892,821,886,837,894,807
Q,917,862,858,822,893,821,887,835,894,806
Q,911,867,859,821,894,819,887,838,897,803
Q,908,867,857,824,896,822,886,835,896,805
Q,916,863,861,820,891,822,887,835,895,806
Q,917,862,858,822,893,821,886,838,896,802
Q,917,864,859,826,888,818,886,835,896,802
Q,918,863,859,820,893,821,887,835,895,803
Q,918,865,859,820,891,820,885,836,894,804
Q,916,863,859,822,892,820,887,836,895,802
Q,912,863,858,822,892,822,884,834,893,803
Q,917,863,856,822,894,822,886,836,893,804
Q,917,865,860,822,893,820,885,831,891,803
Q,911,868,857,824,893,819,887,836,895,804
Q,910,866,857,822,890,820,886,839,896,803
Q,918,864,858,823,894,822,885,835,895,803
Q,913,866,860,823,890,821,885,837,895,805
Q,913,864,859,822,893,820,886,834,892,805
Q,911,862,858,821,892,821,886,836,895,804
Q,916,864,858,823,892,821,885,838,894,806
Q,918,862,858,821,891,819,887,835,897,804
Q,917,863,860,823,892,819,887,839,897,808
Q,924,858,856,822,894,820,886,836,895,802
Q,916,863,858,822,893,820,887,837,894,803
Q,919,865,859,822,894,820,885,836,896,805
Q,912,862,859,821,893,819,886,838,896,806
Q,911,865,859,823,892,820,885,837,896,803
Q,914,865,858,822,891,818,886,836,896,804
Q,913,862,859,821,891,821,885,839,892,804
Q,918,864,859,821,893,819,886,836,893,804
Q,913,863,860,823,894,820,884,839,895,805
Q,911,862,859,816,890,819,886,838,893,804
Q,911,867,859,823,892,819,885,836,895,804
Q,915,863,859,823,892,821,886,835,893,802
Q,913,866,857,823,893,821,885,834,896,804
Q,915,864,859,820,892,819,885,838,895,806
Q,917,864,857,821,894,821,886,836,893,804
Q,915,864,859,822,892,822,885,840,894,801
Q,918,865,859,823,891,821,885,838,892,802
Q,916,863,859,820,894,819,886,834,897,805
Q,917,867,859,821,892,819,885,835,893,803
Q,914,866,859,821,893,819,883,837,892,804
Q,924,861,858,820,892,819,886,837,894,804
Q,914,866,858,822,892,821,885,837,897,801
Q,920,866,860,821,893,821,884,839,896,804
Q,921,862,858,819,894,820,884,838,895,804
Q,911,863,859,820,895,818,883,836,896,802
Q,916,864,858,821,893,820,884,837,893,804
Q,918,862,858,822,894,821,886,838,895,805
Q,916,863,858,821,892,820,884,835,893,806
Q,913,866,858,820,895,820,884,838,892,804
Q,913,864,859,821,891,821,885,836,891,805
Q,913,863,859,822,892,818,882,833,898,803
Q,913,864,859,820,894,820,885,838,895,807
Q,905,864,857,822,893,820,884,835,894,805
Q,915,863,858,822,893,821,884,837,895,804
Q,915,863,857,822,893,822,883,834,895,803
Q,912,866,858,820,894,818,887,834,893,802
Q,914,868,858,822,891,819,885,837,896,805
Q,921,863,859,821,893,819,885,838,895,805
Q,914,865,856,822,894,820,885,832,893,805
Q,914,866,859,822,894,820,885,836,892,804
Q,916,865,860,820,894,819,885,839,893,805
Q,912,865,859,820,893,820,885,835,896,805
Q,912,864,859,821,894,821,886,836,894,802
Q,914,863,857,820,893,819,886,836,896,802
Q,919,864,858,822,894,820,886,838,891,802
Q,908,865,858,822,892,821,884,837,893,806
Q,918,866,859,821,894,822,885,834,892,805
Q,913,864,859,821,891,820,884,837,895,805
Q,910,866,858,823,895,821,885,836,897,806
Q,915,864,858,823,889,820,884,838,895,803
Q,916,861,859,823,890,817,885,836,897,804
Q,919,866,859,821,893,820,886,836,894,804
Q,916,864,858,823,892,820,886,837,891,802
Q,911,868,857,822,891,820,883,835,895,804
Q,912,860,861,820,894,822,885,835,894,806
Q,918,865,860,821,893,820,885,835,892,805
Q,915,865,859,820,893,819,886,839,892,803
Q,913,865,858,821,894,821,885,838,896,803
Q,920,861,858,822,892,821,884,832,894,801
Q,917,863,859,823,894,819,885,837,894,806
Q,915,865,860,821,891,821,885,837,898,802
Q,911,864,859,821,892,819,886,835,895,803
Q,910,863,860,822,890,819,883,836,894,804
Q,911,865,859,821,893,819,886,837,893,805
Q,917,865,860,821,892,821,886,834,896,806
Q,919,863,860,821,893,819,886,836,897,804
Q,914,864,859,823,893,822,884,834,898,803
Q,915,865,860,822,890,818,885,834,896,804
Q,920,865,859,821,891,820,884,836,893,804
Q,913,866,859,821,892,823,887,835,895,805
Q,915,866,859,821,889,819,884,840,898,803
Q,916,863,858,821,893,820,885,835,892,805
Q,914,866,860,821,892,821,884,836,897,804
Q,918,863,858,823,891,819,885,837,897,802
Q,914,865,859,821,890,820,885,835,896,804
Q,910,866,859,822,891,818,884,837,893,804
Q,909,865,858,822,892,819,885,836,897,803
Q,914,865,859,822,890,819,884,835,893,805
Q,914,866,859,821,892,818,884,837,894,804
Q,910,865,859,822,891,820,884,838,895,806
Q,913,866,858,819,889,818,883,836,897,802
Q,915,862,857,821,894,818,886,835,892,804
Q,913,864,859,822,893,821,885,835,895,804
Q,917,865,856,822,893,819,884,836,894,805
Q,918,862,858,822,891,820,885,836,893,805
Q,917,863,857,822,892,820,886,838,895,802
Q,914,867,859,820,894,821,882,836,896,802
Q,918,865,860,823,890,819,885,834,896,804
Q,914,863,860,820,891,820,885,837,887,806
Q,912,863,860,822,892,820,885,835,895,804
Q,910,863,859,820,890,819,885,835,895,804
Q,913,863,858,821,892,819,886,837,892,803
Q,916,862,858,821,892,820,886,837,894,804
Q,910,864,859,821,893,818,886,838,894,804
Q,914,862,859,820,895,820,883,836,897,803
Q,919,864,858,820,892,821,886,835,897,804
Q,917,865,860,822,889,818,883,838,897,805
Q,918,862,859,820,892,821,885,833,894,803
Q,921,864,858,821,889,820,884,836,891,806
Q,922,864,859,820,894,821,884,836,897,804
Q,911,865,860,820,894,820,884,836,895,803
Q,911,864,861,824,892,823,884,836,893,801
Q,916,863,858,821,891,821,885,837,892,804
Q,917,864,858,821,893,821,886,834,899,804
Q,917,865,858,823,889,818,886,837,892,804
Q,910,862,859,819,891,820,886,835,894,805
Q,917,865,859,822,894,820,885,838,893,801
Q,915,866,859,821,891,822,884,838,893,803
Q,915,865,858,821,892,819,886,835,893,804
Q,912,862,858,822,892,819,884,837,893,804
Q,912,866,858,819,890,820,884,831,895,806
Q,909,864,858,819,893,820,884,838,896,806
Q,915,864,859,821,893,817,885,836,893,803
Q,911,864,860,820,893,821,883,836,892,803
Q,915,864,860,822,889,821,884,836,893,804
Q,914,863,860,822,892,819,885,838,897,805
Q,910,862,860,822,891,820,884,837,892,805
Q,918,867,860,822,891,820,884,836,896,805
Q,920,867,860,823,893,821,884,838,894,804
Q,917,867,859,821,896,820,884,834,893,802
Q,917,865,858,821,893,820,884,835,892,803
Q,910,863,858,820,894,821,884,836,894,804
Q,915,866,859,822,891,819,885,837,893,802
Q,911,863,858,820,891,820,882,835,893,803
Q,913,867,860,821,893,818,886,836,895,803
Q,910,864,859,822,893,820,885,837,896,807
Q,916,862,860,822,890,820,886,834,896,804
Q,915,866,858,823,892,821,883,833,895,802
Q,916,862,858,823,894,822,884,836,896,802
Q,914,864,860,821,893,821,884,838,897,806
Q,911,863,860,819,892,819,884,838,896,805
Q,919,864,859,820,893,821,883,834,893,804
Q,911,864,860,819,893,819,884,837,891,805
Q,910,865,860,824,893,820,883,838,893,802
Q,915,864,859,819,890,819,884,835,894,803
Q,914,866,861,819,893,819,886,834,890,801
Q,911,866,860,821,893,820,885,833,896,803
Q,919,862,855,822,889,819,885,837,893,805
Q,918,865,859,822,892,820,886,837,897,804
Q,905,862,861,820,890,819,883,835,897,803
Q,916,863,858,823,892,822,884,835,896,804
Q,914,866,859,821,892,821,885,832,895,809
Q,917,863,858,823,891,819,885,838,893,802
Q,917,862,859,820,892,818,883,834,897,805
Q,916,865,858,820,891,820,883,833,893,803
Q,923,866,858,822,891,819,885,838,896,803
Q,913,866,859,821,890,820,885,833,894,804
Q,920,866,858,821,893,820,884,834,891,803
Q,911,866,857,820,890,818,884,836,895,806
Q,915,864,859,821,893,820,886,837,893,806
Q,917,864,860,820,891,821,883,838,897,802
Q,909,866,860,820,891,817,886,834,894,806
Q,914,865,860,823,893,820,885,838,895,806
Q,915,864,860,821,893,818,885,835,896,803
Q,917,863,857,823,891,819,884,837,892,804
Q,910,865,859,822,890,818,885,834,894,805
Q,910,863,860,821,891,819,884,836,895,804
Q,910,863,858,821,891,820,884,830,893,802
Q,917,865,859,822,891,818,884,836,895,805
Q,909,867,859,822,891,819,883,834,896,804
Q,913,865,858,820,891,819,884,837,896,803
Q,915,866,857,819,894,818,885,835,891,804
Q,915,865,858,820,892,818,885,835,895,804
Q,918,861,858,822,890,819,883,835,894,803
Q,919,866,859,820,892,819,885,829,894,803
Q,914,865,859,819,893,819,884,836,895,804
Q,916,862,859,821,893,821,883,837,898,803
Q,915,867,860,821,893,821,887,833,894,803
Q,908,864,860,821,890,819,885,837,893,803
Q,909,863,859,821,893,820,885,835,896,804
Q,915,863,859,822,893,821,885,833,894,804
Q,914,863,858,822,890,818,885,837,896,802
Q,906,864,860,819,890,819,883,835,896,804
Q,918,865,858,820,892,820,884,837,895,802
Q,915,867,860,821,893,820,885,833,894,804
Q,919,867,860,819,889,818,883,836,896,805
Q,913,867,859,820,889,819,884,834,893,803
Q,919,861,859,822,891,820,884,834,893,804
Q,913,865,860,824,889,821,883,835,894,805
Q,910,863,860,820,892,819,884,836,894,804
Q,908,865,858,822,890,819,886,834,896,801
Q,911,863,859,819,893,820,885,835,894,802
Q,916,863,858,818,892,818,883,834,896,803
Q,911,864,859,821,891,821,884,832,897,803
Q,919,866,860,821,893,820,885,835,900,802
Q,911,861,859,819,892,820,883,836,896,805
Q,908,862,857,821,893,821,884,833,894,802
Q,911,862,857,821,891,817,882,834,896,804
Q,916,865,858,821,893,820,884,833,894,805
Q,914,863,860,820,892,819,885,834,894,806
Q,920,867,858,820,891,820,886,838,893,805
Q,911,863,860,820,891,817,884,834,891,803
Q,915,864,859,821,894,822,883,838,897,805
Q,910,865,861,819,891,821,882,836,893,804
Q,911,864,859,821,890,822,887,835,895,802
Q,919,865,858,821,891,820,883,837,895,803
Q,917,864,857,817,890,819,885,835,892,806
Q,916,866,858,821,890,820,883,835,893,806
Q,917,865,859,818,893,819,885,836,893,804
Q,916,863,859,822,892,820,883,833,895,805
Q,911,866,859,820,892,820,884,832,899,802
Q,910,864,859,821,893,819,884,833,897,803
Q,919,867,858,822,891,818,884,834,895,801
Q,916,866,860,820,889,820,884,835,897,805
Q,913,865,859,821,889,821,886,833,893,803
Q,911,865,858,822,891,820,884,833,894,804
Q,915,867,859,822,893,821,884,835,895,806
Q,919,866,859,819,892,818,884,833,895,804
Q,915,864,860,822,890,818,885,834,894,803
Q,919,862,859,821,890,817,885,835,894,805
Q,912,863,858,822,893,820,883,834,895,805
Q,917,865,860,821,890,821,884,835,894,804
Q,910,864,859,819,891,822,884,836,896,802
Q,916,864,859,819,893,820,885,835,890,803
Q,912,865,859,820,892,820,884,835,895,804
Q,917,862,858,819,891,820,883,835,894,803
Q,911,866,859,818,892,820,884,833,897,804
Q,918,866,859,821,891,820,883,834,894,805
Q,919,864,859,820,892,820,885,833,892,802
Q,913,863,858,820,890,818,884,833,896,803
Q,907,865,859,818,889,817,886,836,895,802
Q,916,864,859,821,893,819,884,834,897,806
Q,909,864,860,821,892,820,884,834,894,804
Q,921,861,860,819,895,821,883,831,894,801
Q,910,866,860,819,890,819,884,835,892,804
Q,913,864,860,820,890,820,883,833,894,802
Q,912,863,859,819,892,818,885,837,895,803
Q,910,868,860,820,891,820,882,836,895,803
Q,917,865,859,820,889,820,885,836,898,805
Q,922,866,857,819,891,820,883,835,893,805
Q,919,866,858,820,894,821,885,832,896,803
Q,913,863,860,820,891,820,885,833,893,805
Q,911,866,858,819,892,819,884,836,896,803
Q,910,863,857,818,893,819,883,835,890,802
Q,913,863,858,821,891,819,884,834,894,804
Q,909,866,860,821,891,820,884,834,891,803
Q,909,866,859,821,890,819,884,834,893,803
Q,918,864,859,820,892,819,884,833,894,804
Q,913,866,859,820,890,819,880,830,892,805
Q,912,864,859,820,890,818,883,833,893,802
Q,911,867,857,819,890,819,884,832,896,803
Q,913,862,858,820,890,821,886,832,897,803
Q,915,864,858,821,890,818,883,834,895,803
Q,918,862,857,821,892,820,882,832,896,801
Q,913,864,859,820,892,820,884,835,896,804
Q,909,866,858,820,890,820,884,834,893,806
Q,915,865,858,820,890,819,884,833,894,802
Q,906,863,859,819,891,819,885,837,897,805
Q,918,867,859,820,893,818,884,835,896,804
Q,918,865,859,819,893,818,884,833,895,804
Q,916,866,859,819,893,820,883,834,893,803
Q,909,861,857,820,889,820,883,834,896,805
Q,911,867,858,821,891,818,884,833,892,804
Q,917,865,859,818,890,819,885,834,895,804
Q,910,864,857,821,892,819,882,833,897,803
Q,918,865,858,819,894,819,885,833,893,804
Q,910,866,860,820,892,820,885,838,892,805
Q,916,865,861,821,889,820,883,833,894,804
Q,909,862,858,820,891,818,883,836,893,805
Q,911,868,860,820,890,818,885,836,895,803
Q,910,865,857,818,891,818,883,833,897,803
Q,915,865,860,821,889,818,883,834,894,803
Q,914,864,860,819,890,819,884,833,894,803
Q,911,862,859,821,890,816,884,838,892,802
Q,913,867,859,819,892,819,884,836,895,804
Q,915,868,860,820,893,820,882,836,895,805
Q,912,866,856,821,891,818,883,833,892,805
Q,913,864,860,820,894,819,884,836,893,804
Q,918,863,859,819,890,818,886,833,896,802
Q,908,863,858,819,890,818,884,835,893,803
Q,917,864,858,822,892,820,883,832,894,804
Q,910,865,858,820,892,817,883,837,897,805
Q,911,863,859,822,892,819,885,836,892,803
Q,911,864,859,818,891,818,883,834,891,804
Q,910,863,859,821,890,819,885,832,891,803
Q,915,865,858,821,892,818,883,834,892,800
Q,918,868,861,823,892,820,884,834,893,803
Q,914,867,858,819,890,820,883,834,895,805
Q,920,863,858,817,889,819,884,833,893,804
Q,912,865,858,819,890,819,884,834,895,804
Q,916,865,858,820,889,818,884,836,896,803
Q,914,864,859,821,889,819,885,835,894,804
Q,914,867,859,821,890,820,884,836,893,803
Q,915,864,859,821,891,820,885,832,890,804
Q,918,867,860,821,891,820,886,836,893,805
Q,919,867,859,821,893,820,885,832,895,804
Q,912,866,858,818,890,820,883,837,896,802
Q,919,863,858,820,890,820,884,836,893,805
Q,921,868,856,819,889,818,883,833,896,803
Q,912,867,857,820,893,820,884,835,893,802
Q,913,863,858,820,892,818,885,838,895,805
Q,919,866,859,820,889,820,884,832,896,802
Q,915,864,857,820,890,819,884,833,893,803
Q,906,866,860,818,893,820,886,835,894,803
Q,911,866,858,820,890,819,884,834,893,805
Q,912,868,858,819,890,821,885,837,893,804
Q,916,868,860,818,889,818,885,834,894,802
Q,915,866,857,820,890,819,885,833,895,804
Q,913,863,858,821,893,819,884,836,896,802
Q,919,864,857,822,889,819,885,836,891,802
Q,915,866,858,820,892,820,884,834,892,804
Q,909,866,858,819,891,819,883,835,891,804
Q,916,867,858,819,889,820,885,834,892,803
Q,911,864,858,820,890,820,885,833,897,804
Q,915,865,858,819,890,819,884,835,892,803
Q,913,863,859,822,894,818,883,835,896,804
Q,910,865,859,818,891,819,883,836,896,804
Q,914,865,858,820,891,820,884,834,897,805
Q,918,864,857,819,890,820,885,833,896,802
Q,908,866,859,821,892,819,883,837,893,804
Q,919,867,860,822,890,820,885,834,892,803
Q,911,865,858,817,893,819,883,838,900,805
Q,917,864,859,819,892,819,883,834,895,804
Q,913,865,859,821,892,820,885,835,891,805
Q,915,866,857,821,890,818,884,833,897,802
Q,915,866,857,818,888,817,885,834,899,802
Q,915,867,859,817,891,819,882,833,895,802
Q,916,867,858,822,893,819,883,836,891,803
Q,915,866,859,820,892,818,885,833,894,802
Q,916,866,859,820,890,820,884,836,894,804
Q,918,863,858,820,892,819,884,836,893,804
Q,912,863,857,820,892,820,884,836,894,802
Q,909,865,856,820,889,819,883,835,892,802
Q,914,863,857,819,891,819,884,834,892,802
Q,917,863,856,820,891,819,883,836,897,805
Q,914,866,858,819,892,818,885,833,895,804
Q,918,864,859,820,890,818,885,834,892,803
Q,917,863,858,820,889,818,884,835,892,802
Q,913,865,858,820,890,820,884,833,896,804
Q,913,865,856,817,892,821,884,833,895,805
Q,909,864,859,821,892,820,885,834,896,804
Q,918,867,858,820,890,819,884,834,894,802
Q,914,868,855,818,890,818,885,832,894,803
Q,912,864,857,820,891,820,885,831,892,802
Q,913,865,859,817,891,820,884,837,896,803
Q,915,865,858,820,891,819,883,833,894,802
Q,917,868,859,820,893,820,884,835,895,804
Q,912,864,858,819,891,817,884,835,894,805
Q,910,866,858,821,890,819,882,833,891,803
Q,919,867,857,820,890,818,883,834,893,804
Q,913,863,858,819,891,820,883,833,895,805
Q,912,865,859,818,889,819,883,833,895,803
Q,918,866,856,821,890,818,885,834,894,803
Q,909,866,859,820,892,818,883,836,896,804
Q,914,865,858,821,890,819,883,836,894,803
Q,919,863,857,820,893,820,882,836,895,804
Q,910,864,858,818,890,819,884,835,892,802
Q,916,864,859,820,891,817,884,833,892,803
Q,911,864,859,820,891,820,882,836,894,805
Q,915,865,857,821,890,818,883,839,893,805
Q,914,863,856,821,889,821,884,834,892,805
Q,915,864,857,820,891,818,885,837,895,802
Q,913,866,858,821,890,819,883,837,892,799
Q,912,864,858,820,890,817,885,834,894,802
Q,908,863,856,818,892,817,885,836,892,805
Q,916,866,857,819,892,820,883,834,895,799
Q,913,864,858,819,893,818,884,836,893,805
Q,905,867,857,820,891,819,882,834,890,802
Q,906,861,858,820,891,819,884,833,892,803
Q,912,866,859,817,887,821,886,834,896,804
Q,911,862,856,819,891,819,884,836,895,803
Q,917,863,857,818,889,821,885,837,890,803
Q,907,862,858,819,890,818,883,831,897,803
Q,910,866,858,820,890,819,884,832,892,804
Q,912,864,857,820,891,819,883,832,893,805
Q,912,866,859,819,889,819,883,833,897,801
Q,911,864,858,821,889,819,884,835,893,803
Q,915,867,858,820,891,819,885,835,893,801
Q,916,865,856,820,891,818,885,832,895,800
Q,917,867,859,819,888,818,882,831,892,802
Q,909,862,860,819,889,819,884,837,896,804
Q,908,865,859,820,891,819,883,834,891,804
Q,911,864,859,819,889,819,883,836,891,803
Q,911,864,857,819,888,818,885,836,894,804
Q,917,864,857,819,890,818,884,836,892,802
Q,910,864,859,819,889,820,884,832,892,807
Q,910,868,858,818,892,820,884,835,895,802
Q,907,862,856,818,888,820,884,833,894,803
Q,909,863,857,820,886,818,885,835,892,803
Q,911,866,859,819,890,819,885,834,893,803
Q,912,859,861,821,889,818,884,833,893,802
Q,913,867,859,820,890,818,883,835,894,805
Q,914,864,857,819,891,819,883,836,896,802
Q,912,865,858,820,893,818,884,835,896,803
Q,914,863,858,819,892,818,883,836,894,806
Q,911,864,856,819,892,819,883,836,896,804
Q,914,866,860,823,890,819,883,835,895,801
Q,912,864,858,820,891,819,883,832,896,805
Q,915,866,858,819,891,818,887,833,896,803
Q,913,866,857,820,890,820,885,833,896,805
Q,911,863,857,820,889,820,884,834,894,804
Q,914,866,857,820,887,818,884,837,893,801
Q,917,866,857,821,892,820,883,833,895,804
Q,910,863,857,821,890,820,884,837,896,801
Q,907,867,858,821,889,820,884,836,891,801
Q,913,866,858,822,893,820,883,833,894,801
Q,911,864,859,820,891,820,884,835,892,804
Q,910,866,858,818,891,820,885,834,896,805
Q,909,862,856,820,889,817,884,835,895,801
Q,916,866,857,819,892,821,884,833,897,801
Q,914,865,858,820,891,820,884,836,893,804
Q,915,866,858,820,892,818,884,834,892,803
Q,908,868,855,820,892,818,883,836,893,804
Q,916,866,859,820,890,820,884,835,893,802
Q,910,863,860,818,894,818,882,833,892,802
Q,914,865,858,820,891,818,884,835,893,805
Q,907,867,856,818,890,819,883,835,892,804
Q,911,863,858,820,892,818,884,833,894,804
Q,910,865,859,818,890,820,882,836,896,802
Q,918,867,855,823,887,818,884,833,892,803
Q,911,864,858,820,888,817,884,837,894,805
Q,915,864,858,818,892,819,884,837,896,807
Q,911,863,857,819,889,818,883,833,897,802
Q,918,867,857,820,889,820,884,833,897,800
Q,917,866,858,819,891,818,883,835,894,803
Q,903,865,859,816,894,818,883,836,894,804
Q,913,863,859,820,892,818,883,833,895,802
Q,911,864,858,820,889,819,883,834,896,803
Q,915,866,857,818,890,817,885,835,893,804
Q,912,862,858,820,889,820,884,837,896,803
Q,913,866,857,819,893,820,884,836,891,804
Q,917,863,858,818,891,819,883,833,895,805
Q,908,866,858,818,891,820,883,835,895,804
Q,916,864,857,820,894,820,886,835,895,802
Q,910,866,857,818,889,819,885,836,893,803
Q,910,864,858,818,890,819,882,831,896,805
Q,916,863,857,818,892,817,884,836,894,801
Q,917,862,857,818,890,821,883,836,892,803
Q,917,864,858,820,890,820,885,832,895,805
Q,916,866,857,821,893,820,884,837,895,803
Q,917,862,859,820,893,817,883,834,895,803
Q,914,864,857,818,892,819,885,836,896,804
Q,911,867,859,820,888,818,883,834,893,804
Q,910,866,856,818,895,817,885,837,892,803
Q,913,866,857,818,889,819,884,836,894,804
Q,916,866,859,820,892,819,884,835,895,804
Q,913,866,859,819,891,819,882,836,891,805
Q,917,864,856,820,889,818,884,835,894,803
Q,909,865,859,820,890,819,883,833,893,803
Q,918,866,858,818,891,818,883,833,896,803
Q,915,863,858,818,892,818,883,834,893,803
Q,912,866,857,817,892,817,883,833,892,803
Q,912,865,859,820,890,818,883,833,896,805
Q,918,866,858,821,893,820,884,833,896,805
Q,912,865,858,818,888,819,884,835,896,804
Q,908,867,857,818,891,819,884,835,891,801
Q,911,865,858,820,890,818,884,835,896,803
Q,916,865,859,818,892,817,883,834,892,803
Q,919,867,859,819,890,818,884,834,892,803
Q,916,866,859,821,890,817,884,832,896,802
Q,917,864,859,820,892,818,884,831,892,803
Q,913,863,857,819,891,818,884,837,895,802
Q,920,865,857,819,892,818,884,832,891,801
Q,908,863,857,818,892,821,882,833,895,804
Q,912,864,857,818,889,819,884,834,893,804
Q,911,864,857,817,889,818,883,835,896,803
Q,912,865,857,820,892,819,882,835,891,801
Q,918,866,858,818,891,819,884,835,893,802
Q,912,863,858,819,890,820,885,835,895,802
Q,910,866,856,821,891,820,882,832,896,804
Q,914,865,859,821,890,820,883,832,897,804
Q,915,867,858,819,890,820,884,835,895,801
Q,921,863,858,821,889,819,883,833,895,801
Q,913,865,857,818,892,820,885,835,896,805
Q,912,863,858,817,894,820,883,836,897,804
Q,916,865,858,820,891,818,883,834,893,805
Q,911,863,858,818,891,818,884,834,896,801
Q,913,865,858,820,891,819,885,834,891,806
Q,914,864,860,817,892,820,886,833,896,802
Q,914,863,856,818,890,820,884,834,891,802
Q,910,864,859,820,890,820,883,834,896,805
Q,917,865,858,820,890,819,883,832,895,804
Q,914,866,858,819,891,818,884,835,892,803
Q,913,866,857,817,890,819,884,833,893,804
Q,909,865,857,818,888,817,883,835,893,801
Q,910,865,858,817,889,820,883,836,897,802
Q,916,863,858,821,889,818,882,836,892,803
Q,913,864,857,816,888,820,882,837,896,804
Q,913,864,859,818,889,820,883,833,893,805
Q,919,866,859,821,892,820,883,834,894,802
Q,921,864,856,819,890,818,884,835,896,804
Q,911,867,856,821,890,818,884,833,896,803
Q,919,863,857,820,890,817,882,834,894,805
Q,913,866,857,819,892,817,883,833,895,803
Q,911,864,857,817,889,818,884,834,894,803
Q,914,867,857,820,889,820,884,833,896,803
Q,915,864,858,820,891,819,883,834,902,802
Q,920,862,857,818,890,818,883,834,892,802
Q,911,866,855,820,891,820,884,833,890,802
Q,914,864,857,819,892,821,883,833,888,803
Q,909,864,858,821,890,819,884,835,895,802
Q,911,865,858,820,891,819,884,832,898,805
Q,904,863,857,818,889,818,884,833,892,804
Q,918,863,856,821,894,820,881,834,895,802
Q,917,864,859,820,890,818,884,835,892,804
Q,914,866,859,818,891,818,881,834,898,806
Q,910,863,858,819,889,819,884,835,893,802
Q,914,863,859,820,892,817,881,837,893,802
Q,914,863,858,821,888,820,882,833,893,803
Q,915,866,858,819,892,819,885,837,892,802
Q,907,861,856,818,891,818,883,832,896,802
Q,909,864,858,819,891,820,884,835,896,805
Q,914,863,857,819,890,817,884,832,894,804
Q,909,865,858,819,891,819,882,835,892,805
Q,922,867,857,819,890,819,885,837,896,803
Q,909,863,857,817,891,819,883,835,894,802
Q,912,865,858,819,889,819,884,837,896,805
Q,915,864,857,819,888,819,884,837,897,802
Q,910,868,859,819,892,818,883,835,895,803
Q,911,867,857,820,892,819,885,833,891,804
Q,914,864,858,820,890,819,884,836,895,804
Q,911,864,856,819,892,820,884,834,892,803
Q,908,867,858,820,890,818,883,832,891,803
Q,913,867,858,818,890,818,883,833,894,804
Q,928,867,858,819,890,819,882,834,896,804
Q,914,865,858,819,889,819,884,836,892,805
Q,915,863,857,820,891,818,884,835,896,802
Q,912,866,858,820,889,820,884,835,892,805
Q,911,864,857,818,891,821,881,833,892,802
Q,916,863,858,820,889,818,883,835,893,803
Q,916,865,856,819,888,818,882,832,895,803
Q,914,868,860,821,892,818,882,835,893,803
Q,915,863,858,821,890,817,883,838,900,803
Q,914,863,857,819,889,820,884,833,895,804
Q,917,865,857,819,889,819,882,837,894,801
Q,920,866,857,819,889,818,883,831,893,802
Q,913,864,859,820,890,818,882,831,892,803
Q,918,865,858,818,888,817,882,832,893,803
Q,910,866,859,820,891,819,884,834,894,803
Q,911,865,857,820,889,818,884,835,893,804
Q,908,865,858,820,890,819,885,835,896,802
Q,911,866,859,820,890,818,882,832,891,803
Q,916,865,858,820,889,819,883,834,895,804
Q,909,866,859,819,892,818,881,833,892,803
Q,910,863,857,817,892,819,883,834,893,803
Q,910,864,858,820,889,819,885,835,891,804
Q,911,864,858,819,891,817,884,833,895,801
Q,917,864,857,818,887,820,884,835,894,802
Q,908,864,858,817,890,819,883,837,897,803
Q,913,865,858,819,889,818,883,834,895,803
Q,915,862,857,820,889,820,885,835,894,803
Q,915,865,857,820,891,819,883,835,894,803
Q,919,864,858,820,892,820,883,835,893,804
Q,911,866,858,822,893,820,884,836,893,805
Q,914,864,858,817,890,820,883,835,893,804
Q,915,865,859,821,891,818,882,836,892,805
