X,951,895,898,797,919,809,912,830,892,784
X,956,899,899,797,916,810,911,828,896,785
X,956,897,897,797,918,809,910,828,894,785
X,955,897,897,794,917,810,910,826,898,786
X,954,899,897,794,917,811,911,827,895,785
X,954,894,897,794,915,809,911,830,894,785
X,954,898,897,795,918,811,911,829,897,785
X,954,897,899,795,915,809,909,830,896,785
X,956,893,895,795,919,810,909,828,899,786
X,950,898,898,796,918,810,910,827,897,786
X,954,895,896,795,916,810,911,829,896,784
X,952,895,897,796,915,811,911,827,893,783
X,959,894,898,795,915,810,911,828,897,784
X,950,895,897,794,917,809,910,829,894,784
X,956,898,899,796,914,811,912,829,895,784
X,952,896,897,796,918,809,910,829,897,785
X,953,898,898,795,918,811,911,828,899,783
X,956,897,898,795,918,810,911,831,896,785
X,948,895,897,794,916,810,909,826,896,786
X,959,897,898,794,918,810,911,827,895,784
X,952,896,896,795,918,810,911,831,899,785
X,952,897,898,794,918,810,911,830,897,784
X,946,900,896,796,918,809,909,829,894,785
X,957,890,896,793,918,811,908,827,898,785
X,954,897,897,796,916,809,911,826,895,785
X,950,894,898,793,918,810,910,828,894,785
X,958,899,896,794,915,808,911,825,897,783
X,955,895,897,794,918,810,910,829,896,783
X,957,896,898,793,917,808,909,827,894,785
X,949,898,896,794,917,808,909,827,893,784
X,958,893,897,793,916,811,909,826,899,786
X,956,892,897,796,919,808,912,827,898,782
X,955,897,897,792,914,808,909,827,893,783
X,947,897,897,794,917,810,910,829,898,782
X,957,892,898,795,915,809,909,829,893,784
X,957,896,897,792,916,809,910,827,899,783
X,952,893,899,793,917,811,910,826,897,785
X,953,899,895,791,915,810,909,828,897,784
X,951,898,895,792,918,808,911,826,894,785
X,954,898,897,792,917,810,910,828,898,783
X,959,896,897,795,916,808,911,825,895,784
X,953,892,895,794,918,810,910,825,897,783
X,956,897,896,797,917,809,911,830,898,784
X,947,894,897,801,914,810,909,830,893,784
X,947,894,896,801,915,811,911,828,897,783
X,952,895,897,803,919,811,911,825,891,782
X,956,896,895,806,914,808,909,826,896,782
X,961,895,894,802,917,809,910,827,893,783
X,954,896,895,805,916,809,909,828,895,785
X,955,898,896,801,916,810,910,826,894,782
X,950,897,897,800,916,810,909,829,899,783
X,952,895,895,805,917,810,910,826,898,783
X,955,893,897,799,917,811,908,825,895,784
X,955,894,896,798,917,808,911,826,897,784
X,958,893,895,800,917,808,910,826,894,782
X,950,896,896,800,916,809,911,827,894,785
X,956,894,895,800,915,809,911,830,893,785
X,956,894,895,798,916,808,909,826,894,783
X,962,899,896,800,915,809,909,827,896,783
X,953,892,898,799,915,808,909,827,894,783
X,955,896,896,798,917,811,910,825,894,784
X,947,894,896,800,918,810,908,828,898,784
X,955,892,896,802,919,809,909,825,892,785
X,955,896,896,799,920,809,908,828,898,783
X,955,896,896,797,915,810,908,828,896,783
X,948,893,896,799,918,809,911,827,897,781
X,952,893,896,798,918,812,911,824,895,785
X,951,894,894,808,915,810,909,826,897,783
X,951,895,895,806,917,810,907,828,898,784
X,953,892,895,800,918,810,909,825,897,783
X,958,896,896,798,917,808,908,824,899,782
X,950,893,895,802,915,810,909,828,896,785
X,963,892,894,804,919,809,910,825,898,783
X,953,893,895,799,917,809,910,827,892,783
X,955,894,894,801,918,810,909,829,896,782
X,952,894,896,803,917,810,910,827,895,783
X,949,892,896,803,916,809,910,828,897,784
X,954,894,895,803,919,808,908,827,896,783
X,950,892,893,801,919,812,910,827,896,780
X,956,894,895,799,918,810,909,825,897,784
X,955,895,895,798,919,811,910,829,893,785
X,952,893,897,800,915,809,910,827,898,784
X,952,894,896,801,918,811,909,825,897,785
X,955,895,894,804,917,808,908,827,896,784
X,960,892,895,806,917,809,908,824,894,783
X,955,895,895,801,917,811,909,828,894,782
X,953,891,896,800,918,810,908,824,895,782
X,952,897,896,800,918,809,907,826,894,782
X,953,896,896,803,918,810,909,824,896,784
X,956,896,895,805,917,808,909,829,897,782
X,950,895,895,806,916,810,910,827,896,783
X,952,892,894,806,919,808,909,829,897,784
X,957,891,895,804,916,810,909,823,894,784
X,958,895,896,806,914,808,910,827,894,783
X,955,892,896,803,915,810,910,826,896,782
X,953,896,895,802,915,809,909,828,896,782
X,947,896,896,805,919,810,909,826,895,781
X,953,895,895,801,916,807,909,824,895,783
X,956,896,896,800,916,809,907,826,895,782
X,958,898,894,801,917,810,907,826,895,783
X,951,895,895,802,914,811,909,825,895,782
X,958,894,894,803,914,808,907,824,895,782
X,953,896,895,801,913,808,908,829,894,781
X,952,895,894,802,913,810,907,828,893,783
X,951,894,895,805,915,810,908,825,896,781
X,944,898,892,810,916,809,909,828,899,783
X,948,896,894,804,913,810,909,824,896,784
X,957,891,893,803,914,809,908,825,897,783
X,953,896,896,801,917,810,909,825,896,781
X,950,894,894,803,916,810,908,827,892,782
X,949,897,895,808,917,810,907,827,894,782
X,953,895,894,807,917,809,908,824,896,781
X,952,895,896,807,914,810,908,825,896,782
X,953,893,894,804,916,811,907,825,894,784
X,955,894,894,801,918,809,909,825,895,781
X,950,893,895,807,917,809,909,825,897,781
X,955,894,893,803,917,810,911,824,893,784
X,958,895,894,803,918,810,909,824,894,780
X,957,893,893,806,917,809,909,825,899,781
X,948,893,895,805,916,809,908,826,895,784
X,950,892,896,804,914,808,909,826,898,781
X,954,896,895,804,915,808,907,825,897,783
X,952,897,894,800,914,810,909,827,893,784
X,954,892,894,798,917,809,908,824,896,783
X,959,892,894,800,913,810,909,828,895,782
X,956,895,894,803,916,810,908,827,896,784
X,956,895,895,801,915,808,909,826,893,781
X,952,895,895,802,915,808,907,825,897,783
X,955,894,896,803,916,808,910,823,898,781
X,958,896,893,802,915,809,908,824,897,782
X,956,895,894,799,915,809,908,826,895,781
X,959,897,896,800,914,809,909,828,895,784
X,956,893,893,797,915,809,909,825,896,783
X,953,895,897,796,917,808,908,824,896,782
X,954,894,894,795,915,810,909,827,897,781
X,950,895,894,798,916,811,908,826,894,783
X,952,897,893,805,918,810,908,825,894,782
X,956,895,895,803,920,805,912,828,891,783
X,950,895,894,805,916,809,907,828,898,781
X,949,895,894,807,915,810,908,826,895,781
X,956,893,895,807,916,808,909,825,893,782
X,956,894,895,805,917,810,908,823,896,781
X,966,892,894,803,917,807,909,825,894,783
X,954,894,894,798,918,808,909,829,895,780
X,955,893,895,800,916,810,909,822,896,781
X,953,896,894,798,915,809,908,822,896,782
X,955,892,893,798,915,810,908,824,896,783
X,954,894,894,801,915,810,909,827,895,783
X,950,895,895,803,919,809,908,827,896,782
X,953,895,894,799,917,808,907,826,898,783
X,948,893,895,801,915,810,907,824,896,782
X,957,894,893,806,913,807,909,822,899,781
X,953,894,893,805,916,807,907,825,896,783
X,955,896,893,804,916,808,907,828,896,782
X,950,894,893,800,914,809,907,823,896,781
X,958,891,894,798,913,807,908,822,898,782
X,956,895,893,799,916,808,906,823,898,780
X,956,895,894,798,915,807,909,825,897,783
X,950,896,894,800,917,810,907,824,899,783
X,951,891,895,803,913,808,910,829,897,782
X,951,895,894,799,913,809,908,822,897,783
X,954,895,894,799,915,809,908,824,897,782
X,952,894,893,805,915,810,908,823,895,783
X,952,894,894,807,914,810,908,823,899,782
X,953,891,893,801,909,807,907,826,895,782
X,951,894,894,799,914,807,907,823,897,781
X,957,895,894,798,914,806,908,823,898,781
X,951,894,893,797,913,809,909,827,894,782
X,950,894,893,795,916,809,909,823,898,782
X,952,896,894,799,916,808,908,827,897,783
X,956,896,895,795,916,808,906,823,899,782
X,957,895,894,793,914,809,907,823,896,782
X,951,893,893,794,915,808,908,824,898,781
X,951,896,892,794,913,810,907,826,897,781
X,951,894,892,794,914,810,909,827,899,784
X,958,892,893,795,913,807,908,825,895,782
X,957,892,894,795,915,810,907,825,897,782
X,957,896,893,794,915,806,909,823,898,781
X,953,896,893,794,915,807,908,821,898,782
X,952,898,893,795,914,809,908,822,894,783
X,953,891,894,795,917,809,908,826,894,782
X,949,896,894,798,917,807,907,825,894,781
X,955,894,892,799,914,810,907,825,895,782
X,951,894,892,797,917,809,909,824,894,781
X,955,893,893,794,918,807,907,824,894,782
X,952,895,894,795,916,809,908,824,897,782
X,948,891,892,798,912,808,908,824,898,782
X,957,896,892,794,914,809,908,827,894,780
X,955,890,893,794,915,807,908,821,896,781
X,950,895,892,793,917,808,907,826,896,783
X,954,895,892,794,916,807,906,825,899,783
X,949,896,896,793,914,807,908,825,896,781
X,956,894,892,795,917,808,906,824,891,783
X,955,892,893,793,916,807,906,826,896,781
X,963,895,892,792,915,808,908,825,896,781
X,955,895,893,795,916,809,908,822,894,781
X,951,896,893,803,916,807,908,824,894,781
X,960,892,893,805,916,807,907,822,897,782
X,953,892,892,804,916,807,906,825,897,780
X,954,891,891,800,913,809,906,823,898,782
X,951,891,893,802,917,809,905,825,895,781
X,951,893,892,797,915,808,908,824,898,782
X,956,895,893,795,915,807,908,823,894,783
X,951,894,893,793,915,809,906,823,896,782
X,953,893,893,792,915,807,907,824,897,782
X,947,895,893,794,916,807,909,821,895,780
X,952,892,892,795,915,807,906,826,898,781
X,961,897,891,795,918,807,906,826,898,780
X,952,894,891,794,915,808,906,822,897,783
X,954,893,894,792,914,808,907,822,898,781
X,950,893,893,792,915,808,906,826,896,781
X,953,891,894,791,916,807,907,824,898,780
X,954,894,893,793,915,809,905,827,897,782
X,952,891,893,793,915,806,908,826,898,781
X,952,893,894,793,917,807,908,822,895,782
X,956,893,893,794,918,809,907,821,896,781
X,952,895,892,793,917,806,906,822,900,782
X,953,892,892,794,915,809,906,820,894,781
X,955,893,892,792,916,807,908,824,895,782
X,955,888,892,794,912,807,907,825,898,782
X,953,895,893,794,913,807,906,822,892,783
X,959,892,892,793,913,807,907,824,894,780
X,963,895,892,795,918,808,908,822,899,780
X,952,893,894,795,918,808,906,824,893,782
X,957,893,891,796,913,808,908,820,894,781
X,950,892,893,793,912,809,906,826,897,780
X,950,894,893,793,916,808,906,822,899,782
X,957,891,893,797,916,808,908,824,894,781
X,954,891,893,803,913,807,906,824,895,781
X,956,893,892,805,914,809,906,822,895,780
X,953,895,891,804,915,807,907,824,895,783
X,951,892,893,801,914,808,906,821,896,781
X,953,891,892,802,913,808,905,822,894,783
X,956,891,892,795,911,809,907,824,895,781
X,952,893,891,799,914,808,905,824,892,780
X,951,892,891,805,912,808,908,821,894,783
X,957,891,893,806,916,806,906,823,896,781
X,946,889,894,801,916,808,908,825,896,781
X,957,890,892,800,912,808,907,825,896,781
X,956,891,892,797,916,811,908,821,899,779
X,952,891,891,796,915,808,906,824,895,782
X,953,890,892,795,914,808,907,826,898,781
X,954,893,892,795,914,808,907,823,894,780
X,957,894,892,800,914,808,907,824,895,780
X,949,893,892,804,910,809,906,822,894,783
X,956,893,892,803,915,808,907,824,896,781
X,949,896,891,798,913,807,908,824,896,782
X,953,893,892,798,918,806,906,824,899,781
X,955,893,891,795,913,809,907,825,897,780
X,955,894,891,795,914,808,907,824,898,781
X,954,893,893,796,915,807,906,823,894,781
X,951,891,890,797,913,808,907,826,897,782
X,953,895,891,796,911,807,907,826,892,781
X,950,896,890,797,917,810,909,822,896,780
X,954,895,892,805,912,806,906,824,897,783
X,950,891,891,805,912,809,905,826,892,781
X,953,893,892,803,914,807,906,825,894,781
X,950,893,890,804,914,806,908,826,895,782
X,952,892,889,805,914,809,905,822,895,781
X,950,892,893,789,912,808,906,824,896,782
X,950,896,892,790,913,805,906,825,895,781
X,954,889,894,791,918,808,908,825,897,782
X,955,892,893,788,914,807,906,823,891,781
X,952,892,893,791,916,806,905,826,900,782
X,948,895,893,790,913,807,907,825,898,782
X,952,893,893,790,914,809,908,824,896,781
X,956,893,891,788,913,808,906,823,895,782
X,950,894,892,790,913,808,906,825,893,782
X,954,892,893,789,915,808,906,829,899,781
X,954,893,890,790,911,808,906,825,896,781
X,953,892,891,790,914,808,905,823,896,783
X,957,895,892,788,916,807,907,822,898,782
X,955,894,890,788,912,807,908,825,895,781
X,952,891,892,788,915,805,905,821,899,781
X,955,894,893,790,915,807,906,824,895,780
X,950,893,891,789,914,808,907,823,897,780
X,953,894,891,788,913,808,904,825,894,783
X,955,893,892,790,914,807,906,826,894,780
X,947,894,893,788,914,807,906,822,897,781
X,950,892,892,788,913,808,906,824,891,784
X,956,892,891,790,916,805,907,822,894,781
X,950,893,892,789,914,807,905,821,893,782
X,950,896,892,790,914,808,906,824,894,782
X,946,891,891,790,913,806,904,823,894,781
X,958,891,891,792,905,806,906,824,894,782
X,948,893,892,788,911,806,907,822,897,782
X,947,892,892,789,914,807,906,825,893,783
X,953,892,893,790,915,807,904,823,896,781
X,950,894,893,788,912,807,906,826,898,781
X,956,893,892,788,914,808,908,824,898,782
X,950,892,891,788,914,806,905,820,897,781
X,950,892,893,790,913,807,906,821,894,783
X,960,892,893,788,916,807,904,823,898,780
X,953,891,891,788,913,807,906,824,896,780
X,950,894,891,790,913,807,906,821,894,783
X,954,891,890,790,914,808,907,825,897,781
X,948,892,893,790,915,807,904,821,899,783
X,960,900,891,788,913,808,906,822,896,779
X,951,895,893,786,910,804,907,822,895,780
X,957,888,889,790,912,809,905,822,892,782
X,952,892,892,788,912,807,906,825,893,781
X,956,894,891,789,914,806,907,824,896,781
X,954,892,892,789,916,809,906,821,893,781
X,952,892,892,788,912,808,905,822,896,780
X,960,889,893,788,912,807,906,825,895,781
X,954,890,892,789,915,807,907,826,898,783
X,956,893,891,788,914,809,904,823,897,783
X,952,894,891,788,914,807,906,825,894,780
X,956,893,892,789,914,808,906,821,896,781
X,953,891,890,789,915,807,906,822,893,783
X,955,895,892,789,913,808,906,824,893,782
X,954,892,891,790,912,808,905,823,896,781
X,947,891,893,787,914,808,904,823,896,780
X,950,892,891,790,918,808,905,823,893,783
X,950,893,891,789,913,808,907,822,895,780
X,953,891,893,788,912,807,906,825,896,781
X,954,890,890,790,913,806,906,822,894,780
X,954,890,891,788,916,807,905,826,895,783
X,954,894,891,789,911,806,905,821,898,783
X,955,892,891,789,913,808,907,823,895,781
X,951,893,891,789,913,809,904,825,897,782
X,957,894,891,788,912,805,907,824,897,780
X,948,892,893,789,911,804,906,824,893,781
X,950,896,890,790,912,808,906,826,895,782
X,951,890,889,788,911,808,906,823,893,782
X,957,894,891,789,911,807,905,823,898,780
X,956,890,891,788,914,808,905,822,896,780
X,954,894,892,790,915,807,905,824,896,782
X,954,891,891,790,912,807,904,823,893,781
X,955,892,891,788,912,808,905,824,896,779
X,956,893,892,789,911,808,907,824,889,783
X,950,890,890,787,912,808,904,822,893,781
X,957,889,892,790,911,806,906,824,896,781
X,954,894,892,789,914,807,908,820,894,783
X,954,891,891,789,912,807,905,824,894,780
X,948,886,890,784,912,806,905,823,895,780
X,951,891,890,788,913,809,906,823,899,779
X,953,891,891,787,914,811,907,827,893,780
X,957,892,889,789,914,807,906,822,897,782
X,957,891,891,789,914,808,906,824,895,782
X,957,895,891,788,912,809,906,824,898,781
X,952,893,890,789,912,806,905,824,898,779
X,956,891,892,788,913,807,905,825,896,780
X,957,894,892,789,913,808,906,821,897,781
X,951,893,891,789,913,808,904,823,898,780
X,949,889,891,790,912,807,906,824,897,782
X,952,893,892,788,913,808,905,823,897,780
X,951,894,892,791,912,808,905,822,895,779
X,955,895,892,790,913,808,904,825,898,783
X,947,896,890,788,915,808,907,824,895,782
X,953,890,891,788,914,808,906,823,894,780
X,952,892,891,789,913,804,904,825,892,780
X,953,891,891,787,911,807,904,823,895,781
X,956,889,891,789,916,803,907,816,894,782
X,959,897,893,789,914,806,905,822,894,782
X,948,889,893,790,915,809,907,826,893,780
X,955,893,892,793,913,808,906,824,895,781
X,950,891,892,796,912,807,904,822,895,782
X,955,893,891,793,915,806,904,822,899,783
X,951,893,891,790,913,808,906,823,898,780
X,951,894,891,795,915,809,905,825,896,781
X,956,893,890,798,913,807,904,824,897,780
X,955,891,892,797,914,808,905,822,896,781
X,958,891,890,794,912,805,904,821,896,781
X,952,893,890,794,912,805,906,823,896,781
X,951,893,890,794,917,807,904,825,898,782
X,955,890,893,793,916,808,904,825,895,780
X,956,890,891,795,914,807,902,822,894,781
X,954,891,892,797,915,807,905,823,899,780
X,954,890,890,801,912,808,905,822,895,781
X,957,890,892,799,910,808,905,821,895,780
X,958,889,889,797,914,807,903,824,896,780
X,950,890,891,799,912,810,906,824,899,780
X,955,892,891,796,911,807,906,822,898,780
X,953,891,891,795,911,806,906,825,893,780
X,955,891,890,792,910,808,904,826,896,780
X,952,890,892,791,913,806,906,823,896,780
X,950,893,892,793,910,807,904,822,896,780
X,954,892,891,792,914,807,907,822,899,780
X,954,893,892,790,913,808,904,823,893,781
X,953,890,892,790,911,808,906,824,898,780
X,953,892,890,791,911,807,907,820,893,782
X,949,891,891,792,914,805,904,823,896,781
X,942,891,891,789,914,806,905,824,897,780
X,949,892,891,791,912,806,906,821,896,778
X,958,894,889,791,915,807,905,820,897,781
X,950,892,891,790,913,805,905,822,894,782
X,950,892,891,789,911,807,906,821,895,782
X,954,892,892,789,914,810,906,826,893,781
X,949,891,892,790,911,807,905,825,893,779
X,949,891,891,790,912,807,906,824,895,780
X,951,893,891,790,913,806,906,824,897,780
X,949,890,890,790,913,807,904,824,896,780
X,951,891,890,791,910,807,904,822,895,780
X,956,892,889,790,909,806,903,822,893,780
X,949,893,890,790,913,808,904,822,894,781
X,957,892,891,788,912,808,905,824,892,781
X,951,890,891,788,912,807,905,823,896,782
X,958,890,893,789,911,809,905,823,899,781
X,952,893,891,789,912,807,905,821,895,780
X,951,893,891,789,913,807,904,824,893,781
X,947,893,892,789,911,806,906,822,893,782
X,950,890,892,789,913,807,905,825,895,781
X,956,890,891,788,912,808,904,822,897,781
X,954,892,890,790,913,807,905,821,894,781
X,952,890,891,788,913,806,904,823,895,782
X,951,892,890,787,914,806,905,822,899,782
X,951,891,891,789,912,806,905,820,896,779
X,960,888,891,787,915,806,903,824,895,780
X,950,892,890,789,911,807,905,823,895,780
X,951,894,889,788,913,808,903,821,895,781
X,954,890,889,789,912,806,904,824,894,780
X,953,891,892,787,910,805,902,821,899,783
X,948,891,890,790,913,808,904,825,895,780
X,956,891,891,788,914,806,904,819,895,780
X,950,891,890,788,913,808,903,822,895,782
X,955,890,890,790,914,808,907,821,902,777
X,952,890,890,790,911,806,903,823,895,780
X,949,893,889,792,911,808,905,825,898,780
X,951,892,892,788,912,806,904,824,896,779
X,950,894,889,789,914,808,903,824,895,782
X,953,894,892,790,915,808,904,825,893,782
X,958,892,890,791,914,808,904,823,896,780
X,949,891,892,789,914,806,904,821,895,782
X,950,892,890,789,912,808,906,822,896,780
X,948,891,890,792,911,808,904,825,898,783
X,950,888,890,791,914,807,904,822,894,781
X,956,891,892,792,911,808,904,823,895,782
X,955,892,890,794,914,807,903,823,893,782
X,956,891,890,791,912,807,905,824,896,780
X,950,889,889,792,913,808,905,821,892,780
X,954,894,889,791,911,806,905,822,896,781
X,951,891,891,790,911,805,903,825,897,781
X,955,888,890,790,913,805,905,823,895,782
X,954,891,890,789,912,806,903,825,892,783
X,956,891,891,789,913,807,905,822,897,781
X,949,891,889,790,914,806,904,821,897,781
X,954,891,891,789,915,805,905,822,894,781
X,954,893,890,789,914,807,906,820,897,782
X,954,892,891,790,915,807,904,819,893,782
X,955,891,890,790,913,806,904,825,894,783
X,957,889,889,787,911,805,903,823,897,782
X,958,891,889,788,912,807,906,824,897,780
X,953,890,893,792,916,805,903,827,896,780
X,952,891,891,789,911,806,904,823,894,782
X,950,891,891,789,912,807,904,820,894,781
X,952,891,891,788,914,807,906,821,894,780
X,951,893,891,787,910,806,904,822,896,781
X,950,891,890,788,914,806,904,823,898,779
X,953,892,891,788,910,805,903,824,895,780
X,949,892,889,788,913,806,903,824,895,780
X,951,896,891,788,911,807,903,821,899,781
X,948,889,889,788,910,806,904,824,893,780
X,949,892,891,789,911,804,905,825,894,782
X,950,889,891,789,911,805,904,825,894,780
X,947,890,889,789,914,806,905,824,895,780
X,956,890,889,788,912,806,903,823,895,780
X,956,893,892,789,910,806,905,823,898,780
X,954,890,892,788,911,806,904,823,897,782
X,953,892,891,787,912,807,905,821,894,781
X,951,890,889,789,910,807,904,820,899,781
X,951,893,892,789,911,808,903,823,891,781
X,951,891,891,788,913,802,903,823,897,781
X,951,891,891,790,913,807,904,825,894,781
X,951,891,892,788,912,807,903,824,892,781
X,949,891,891,789,911,807,905,822,896,780
X,947,891,891,789,914,808,904,822,895,783
X,947,893,889,788,912,805,903,824,895,781
X,953,892,890,787,912,808,904,821,896,781
X,957,892,891,790,911,807,905,821,895,782
X,952,888,890,787,913,807,905,825,898,782
X,953,891,890,787,910,807,904,825,899,781
X,950,891,890,788,911,806,904,821,896,782
X,949,889,891,789,913,806,905,822,895,781
X,956,891,890,789,912,805,905,820,899,780
X,953,890,890,790,912,803,903,821,893,782
X,954,890,889,789,911,807,905,821,895,779
X,954,892,891,790,911,808,904,820,895,782
X,953,889,891,787,913,807,903,825,894,781
X,949,892,890,786,912,807,905,821,895,781
X,953,893,891,789,911,807,904,821,898,780
X,950,890,890,788,911,807,905,822,896,782
X,954,892,889,789,911,805,904,824,893,781
X,951,890,890,789,914,805,905,825,893,782
X,950,890,889,788,912,807,905,825,894,780
X,952,891,890,788,913,806,903,826,892,780
X,949,894,890,787,915,808,905,822,899,781
X,952,890,890,790,910,806,904,821,896,781
X,951,890,889,788,909,805,903,821,896,779
X,952,892,891,789,913,806,902,820,893,781
X,958,891,891,787,910,808,902,824,894,778
X,952,889,890,789,911,807,904,822,897,781
X,951,891,891,789,910,805,903,825,899,781
X,948,891,888,790,911,807,904,823,895,780
X,960,896,890,789,911,807,905,823,896,781
X,954,891,890,788,912,807,903,823,894,779
X,952,892,890,787,911,806,905,825,894,782
X,952,886,890,788,912,805,904,823,898,782
X,956,892,891,786,914,805,901,822,895,781
X,956,889,891,787,912,805,904,822,897,781
X,955,889,889,787,909,807,899,824,898,781
X,950,892,889,788,913,805,904,820,895,780
X,949,892,891,788,913,807,903,820,897,781
X,955,890,890,787,910,808,902,818,895,782
X,951,891,889,788,912,805,904,823,896,781
X,952,891,889,788,911,808,904,824,899,779
X,950,888,888,789,911,807,903,817,898,780
X,952,890,890,788,910,806,905,820,899,781
X,954,893,889,789,912,804,901,826,896,780
X,953,889,890,788,911,806,904,823,898,781
X,952,894,890,792,915,806,902,822,894,778
X,958,893,893,790,912,806,903,823,898,782
X,955,889,890,795,917,801,905,817,896,780
X,955,888,888,789,913,808,904,824,894,781
X,948,891,890,787,916,805,903,822,895,781
X,949,890,890,790,911,805,903,821,896,780
X,950,886,887,791,912,806,904,823,895,780
X,955,888,891,790,909,806,905,823,898,780
X,951,891,888,788,912,806,903,820,896,782
X,948,891,890,787,913,807,905,824,895,782
X,952,891,888,788,910,807,904,820,898,783
X,950,892,889,788,913,806,903,824,893,781
X,954,892,890,790,912,806,905,824,900,783
X,948,892,889,790,914,807,904,819,895,781
X,949,890,888,789,911,807,904,823,899,782
X,960,888,892,787,913,805,905,821,894,781
X,950,889,889,789,913,804,903,823,896,781
X,956,890,888,791,915,808,900,823,896,780
X,951,891,887,786,911,806,904,823,898,782
X,954,887,887,789,914,805,902,821,897,781
X,955,890,889,789,914,806,905,822,898,782
X,950,890,887,789,914,805,901,824,893,781
X,955,891,890,788,914,806,904,814,897,781
X,954,892,889,790,912,806,903,823,897,781
X,955,891,888,790,914,806,903,822,897,782
X,949,890,889,789,913,805,904,822,896,779
X,953,891,888,790,911,806,901,821,896,781
X,951,891,890,788,912,806,905,821,894,782
X,949,888,889,790,913,805,904,823,898,781
X,954,891,887,789,913,804,904,821,897,781
X,950,890,888,788,916,806,904,824,894,781
X,953,889,889,788,914,804,904,823,897,780
X,952,889,888,789,913,806,902,821,895,779
X,951,891,885,788,912,807,903,823,895,782
X,953,889,889,790,910,806,904,822,893,781
X,954,892,887,787,914,805,905,824,894,779
X,941,891,887,789,912,807,904,822,895,781
X,952,888,888,789,913,806,904,820,896,779
X,956,888,887,787,910,805,903,824,897,780
X,950,892,890,788,912,808,901,817,892,779
X,956,893,889,789,912,807,902,820,896,781
X,956,888,888,789,912,807,905,823,898,783
X,956,888,888,789,913,806,904,822,897,780
X,953,890,888,789,911,806,904,824,895,780
X,952,890,888,789,912,807,904,822,888,780
X,951,889,888,788,912,806,904,821,896,779
X,953,891,887,789,912,807,904,821,895,782
X,956,892,890,787,911,804,905,821,897,780
X,954,892,887,789,912,805,904,821,899,779
X,956,888,888,789,911,805,904,823,897,780
X,953,888,888,789,912,806,904,823,898,780
X,953,889,889,788,913,806,903,823,898,780
X,956,892,889,789,914,807,903,824,899,782
X,956,892,889,788,912,806,904,822,901,782
X,951,892,887,788,912,805,904,821,896,782
X,956,891,888,787,912,807,903,823,899,781
X,948,885,887,790,911,807,904,823,896,781
X,951,891,889,786,911,804,904,821,902,782
X,950,889,889,788,911,806,902,821,895,780
X,948,887,889,790,909,805,903,823,896,779
X,950,891,888,790,912,806,902,823,896,780
X,956,889,889,790,912,805,903,823,900,779
X,951,889,889,790,912,806,904,823,895,780
X,956,888,888,789,909,807,903,820,898,781
X,959,886,888,789,912,807,904,822,894,781
X,951,893,890,791,909,807,903,821,898,781
X,957,892,889,790,913,806,903,823,899,781
X,955,892,888,785,912,805,903,822,899,783
X,957,890,888,788,912,805,905,824,893,782
X,950,891,887,788,911,806,903,823,895,781
X,954,891,888,787,912,807,904,823,897,782
X,954,890,887,789,910,805,904,822,897,781
X,950,889,888,787,910,804,905,821,903,783
X,955,890,888,788,911,806,903,821,895,782
X,948,892,889,788,912,805,904,822,897,780
X,953,891,889,788,910,806,901,821,897,782
X,954,889,888,789,913,805,902,824,897,779
X,961,882,889,788,909,805,904,823,898,781
X,950,891,887,787,913,806,903,820,894,781
X,948,893,887,788,911,806,903,821,895,781
X,954,891,887,789,908,806,902,818,899,778
X,953,889,889,789,914,805,903,823,896,780
X,953,891,889,789,913,806,902,820,895,780
X,953,888,889,788,914,807,904,820,900,780
X,953,889,889,790,911,805,901,820,899,780
X,954,890,889,789,914,806,904,822,894,782
X,948,892,887,788,912,807,902,819,895,781
X,951,887,887,790,914,805,902,821,901,782
X,951,889,888,788,908,805,904,822,894,782
X,948,895,889,786,911,803,901,822,899,780
X,946,891,887,789,910,806,903,818,896,780
X,948,891,889,787,911,806,902,822,896,780
X,958,887,890,787,914,805,904,822,898,781
X,953,891,889,788,909,803,902,819,894,781
X,955,895,887,789,910,807,902,822,894,780
X,955,889,887,789,912,806,901,818,900,779
X,951,890,887,789,913,803,904,824,898,781
X,952,889,889,788,909,806,903,822,897,779
X,953,891,886,788,910,804,903,820,895,782
X,955,888,888,788,910,805,903,823,897,781
X,951,890,889,788,910,803,903,822,896,779
X,956,890,885,787,911,807,901,824,897,781
X,952,889,888,789,913,805,902,824,897,780
X,952,890,886,790,913,806,904,820,897,780
X,950,889,888,787,914,805,903,824,895,781
X,950,889,888,789,909,805,901,819,894,780
X,953,888,887,790,914,807,900,819,893,781
X,955,889,887,790,911,807,904,818,891,778
X,955,887,888,790,910,805,901,820,898,782
X,953,889,887,788,912,804,902,822,898,779
X,950,888,888,789,912,804,903,823,894,782
X,954,889,888,788,911,805,902,821,890,783
X,956,888,888,788,911,806,902,823,897,781
X,949,886,891,791,911,803,904,822,900,781
X,950,887,886,789,911,806,903,822,898,780
X,948,887,887,790,912,805,903,821,897,782
X,953,889,888,789,911,806,904,819,899,779
X,954,887,889,788,911,805,902,821,898,781
X,951,889,889,787,910,807,901,825,898,782
X,952,889,888,788,910,804,903,821,894,781
X,954,887,887,790,909,806,902,821,900,780
X,947,889,888,789,911,805,904,820,895,781
X,955,891,886,788,912,806,901,820,896,781
X,954,890,887,788,913,803,904,819,900,780
X,956,888,887,786,912,805,903,820,895,779
X,951,891,887,788,914,805,904,819,894,781
X,956,892,891,788,910,805,902,822,895,780
X,950,887,888,789,911,806,901,822,897,781
X,952,888,888,791,910,804,902,822,898,781
X,955,888,888,786,915,806,902,822,895,781
X,948,888,888,787,907,803,900,820,893,780
X,955,889,888,788,911,806,903,819,897,782
X,953,888,887,786,913,804,902,822,897,781
X,948,888,887,787,911,804,902,820,897,781
X,953,889,887,788,913,802,902,823,897,779
X,951,891,887,789,911,805,901,819,897,782
X,953,892,887,787,912,804,900,821,895,782
X,956,890,889,788,911,804,903,819,898,782
X,948,888,887,789,910,805,903,820,897,780
X,955,891,888,790,912,801,902,822,895,780
X,953,890,887,789,912,804,901,821,896,781
X,955,890,889,788,910,807,901,823,901,780
X,950,888,888,788,911,806,903,822,897,781
X,951,891,887,788,911,802,902,820,896,781
X,955,889,888,788,911,805,902,824,899,780
X,953,887,887,790,911,804,903,824,894,780
X,948,891,889,790,911,803,901,819,894,780
X,949,884,888,785,911,806,902,820,900,781
X,957,892,889,789,913,806,901,820,897,781
X,955,889,889,789,911,804,901,819,896,781
X,951,888,886,790,909,804,902,823,894,780
X,954,886,887,790,912,805,902,822,896,780
X,951,887,888,789,912,805,901,822,895,780
X,953,887,889,788,913,803,904,820,896,781
X,951,889,888,788,909,805,900,821,895,781
X,951,888,887,789,913,805,903,824,894,781
X,952,889,888,788,911,804,902,821,895,782
X,956,890,887,789,911,804,900,824,900,782
X,955,890,889,791,910,806,901,821,894,781
X,957,892,887,787,909,808,901,822,896,781
X,949,890,888,790,911,804,902,821,895,782
X,949,888,887,786,912,805,902,823,898,781
X,955,890,888,791,912,805,901,820,896,781
X,951,887,888,789,909,805,902,822,898,782
X,949,889,888,789,915,807,900,821,894,781
X,951,886,887,791,911,805,903,821,899,782
X,951,889,888,791,912,805,902,817,896,779
X,943,884,889,797,913,804,902,820,893,782
X,956,890,890,794,912,805,901,822,899,781
X,951,892,890,794,918,806,903,820,898,782
X,949,886,887,797,910,803,902,822,897,782
X,953,886,887,795,912,806,900,821,897,781
X,954,889,890,795,913,806,901,822,893,781
X,951,889,888,801,912,805,902,822,897,782
X,951,890,888,803,909,803,901,822,898,779
X,951,890,885,802,912,804,904,821,896,780
X,951,890,888,800,913,805,902,821,897,781
X,951,886,887,799,912,805,903,819,900,782
X,948,888,888,800,913,805,901,818,896,779
X,949,890,887,800,912,805,902,821,892,780
X,946,889,889,803,914,804,901,821,895,781
X,954,890,887,804,910,803,902,820,897,780
X,952,888,889,799,912,807,903,821,894,780
X,952,891,889,803,909,805,903,820,896,781
X,949,888,887,802,909,803,900,820,895,780
X,951,892,887,803,910,805,901,820,899,780
X,947,888,888,800,911,804,902,821,896,780
X,949,892,890,798,912,806,902,819,897,782
X,951,890,888,800,914,804,904,820,898,779
X,948,887,888,799,912,806,903,822,897,782
X,953,888,888,800,913,805,902,823,893,780
X,950,885,888,800,910,805,900,824,900,782
X,950,885,888,799,912,806,901,819,897,781
X,952,890,887,799,911,807,903,817,894,780
X,954,887,886,801,913,804,901,821,897,781
X,954,889,888,799,909,803,904,821,894,783
X,945,890,886,798,912,804,902,820,897,782
X,954,888,888,801,913,804,901,819,896,780
X,950,889,889,800,912,804,902,822,897,781
X,946,890,888,798,911,804,901,821,897,781
X,953,889,888,799,912,806,901,822,898,780
X,949,891,887,800,913,805,901,819,892,780
X,953,889,887,804,914,804,901,819,895,778
X,952,889,886,798,913,804,902,819,896,780
X,956,889,889,801,912,803,904,820,899,782
X,955,888,888,799,912,805,901,819,894,781
X,953,889,887,799,913,804,900,822,894,781
X,949,888,889,802,910,803,900,821,897,781
X,954,889,888,801,912,806,901,819,897,781
X,954,887,887,799,913,804,902,823,899,782
X,952,887,887,800,913,806,901,821,896,783
X,950,892,887,802,911,804,902,822,896,780
X,947,888,888,803,914,806,902,819,898,780
X,954,889,890,804,909,804,901,819,897,781
X,947,890,889,802,911,804,902,820,895,783
X,951,886,888,802,912,804,901,821,896,780
X,954,890,888,802,910,804,900,817,897,780
X,950,889,888,801,912,803,902,820,895,781
X,954,889,888,801,910,804,901,821,896,779
X,951,889,888,800,911,805,901,822,896,782
X,950,886,887,803,911,806,901,819,899,781
X,958,886,888,803,914,805,903,822,898,782
X,950,889,888,802,907,806,902,825,893,780
X,949,888,889,801,911,806,902,817,897,780
X,954,888,887,801,910,806,901,820,896,782
X,952,891,889,803,914,803,900,823,899,780
X,953,886,887,803,910,803,901,819,896,781
X,948,887,888,804,913,804,900,819,895,780
X,954,890,888,806,912,803,901,822,894,781
X,953,887,888,803,903,803,902,817,894,780
X,950,889,887,803,911,804,901,823,894,779
X,949,888,886,804,912,804,902,822,899,781
X,949,888,887,805,910,804,903,818,896,780
X,952,889,889,806,909,805,901,822,896,780
X,951,885,887,804,910,804,901,822,899,781
X,949,888,891,801,909,804,901,822,899,780
X,954,888,888,802,912,805,901,820,896,781
X,954,890,887,805,911,804,901,818,894,778
X,952,891,887,805,912,806,903,819,893,782
X,951,891,889,805,915,806,902,822,895,782
X,952,889,888,804,910,805,903,821,900,781
X,949,888,888,809,910,805,900,818,901,782
X,952,887,889,808,909,805,902,820,896,780
X,953,887,887,808,911,804,901,822,896,782
X,947,891,887,810,909,806,900,822,897,780
X,951,890,889,799,911,804,900,821,898,780
X,949,889,888,799,913,804,902,818,895,778
X,948,889,887,798,911,805,901,820,898,780
X,947,887,888,796,911,806,901,818,895,781
X,950,890,887,796,913,804,899,819,896,781
X,953,887,888,796,912,808,901,822,899,779
X,958,889,890,796,914,807,901,821,896,782
X,948,890,888,795,912,806,902,820,898,780
X,956,889,888,795,912,806,901,823,896,781
X,955,890,885,794,911,804,900,819,894,780
X,956,889,888,794,911,804,902,821,897,779
X,953,888,888,794,911,804,902,819,898,781
X,948,889,888,793,912,801,904,824,900,782
X,948,891,887,793,913,805,900,819,894,780
X,949,890,887,793,909,805,901,823,894,782
X,951,889,887,794,912,805,901,819,896,781
X,952,890,889,794,910,805,901,816,900,780
X,952,892,887,793,915,806,902,819,894,780
X,956,890,887,796,910,805,900,821,894,780
X,949,889,889,795,912,805,901,819,895,779
X,952,890,887,795,910,804,900,822,897,781
X,950,888,888,794,912,804,900,822,896,782
X,948,884,888,795,911,806,901,822,896,781
X,950,889,887,796,911,805,901,819,896,781
X,946,888,888,795,912,803,900,818,899,782
X,949,888,888,796,909,805,900,820,894,778
X,951,887,888,795,912,803,901,822,893,780
X,945,888,888,796,908,805,902,820,898,780
X,952,889,887,795,913,805,903,820,898,780
X,950,891,887,794,912,805,902,821,899,780
X,949,891,888,792,915,806,899,820,898,780
X,952,891,888,795,912,806,900,820,897,780
X,952,890,887,793,911,806,901,819,896,783
X,947,889,889,793,913,804,900,822,897,780
X,953,887,887,796,911,805,902,820,895,780
X,945,887,888,794,912,803,902,819,899,779
X,951,887,888,794,912,804,901,821,894,781
X,954,888,888,795,908,807,899,829,888,783
X,954,891,888,793,910,806,903,822,900,780
X,953,889,888,794,910,805,901,821,898,781
X,955,890,887,794,909,803,903,824,898,779
X,947,889,888,794,909,806,902,820,895,779
X,955,889,889,794,909,805,901,821,897,782
X,954,890,888,794,911,804,901,820,896,780
X,952,888,889,795,911,805,901,822,898,782
X,953,890,886,794,910,803,901,822,895,781
X,955,891,887,795,909,804,902,821,897,780
X,954,887,886,793,910,803,902,819,898,779
X,947,888,888,795,909,806,900,822,897,780
X,951,891,886,795,908,805,901,822,900,782
X,949,887,888,794,911,804,902,822,897,781
X,952,889,888,798,911,804,900,822,896,781
X,954,892,887,796,909,803,902,819,896,779
X,951,887,887,795,912,804,900,821,895,781
X,956,890,887,794,911,806,900,820,894,780
X,955,889,888,796,911,805,900,819,897,781
X,951,889,888,795,908,804,901,820,900,780
X,952,885,886,794,909,805,900,821,895,782
X,952,887,888,795,904,809,903,820,897,781
X,950,890,888,794,908,806,900,821,897,780
X,950,891,885,793,910,805,901,818,895,780
X,955,889,888,794,911,805,901,822,897,780
X,948,887,889,794,907,805,901,819,898,782
X,949,890,885,792,911,804,900,820,896,781
X,950,891,890,793,911,802,902,818,894,781
X,954,888,888,791,909,805,901,820,892,779
X,947,890,888,790,911,805,901,821,896,781
X,954,888,887,791,912,803,899,823,896,780
X,949,891,888,793,910,804,902,823,894,781
X,946,889,888,793,910,804,901,820,896,779
X,954,889,885,793,909,803,900,819,895,780
X,950,889,889,791,910,805,900,822,899,781
X,954,889,887,793,912,804,902,819,898,785
X,953,892,887,790,911,804,901,819,896,780
X,947,889,886,792,910,806,898,819,899,781
X,952,891,889,791,910,806,900,821,895,779
X,947,887,887,793,911,804,900,821,899,778
X,944,889,889,793,910,806,900,821,899,780
X,948,891,886,793,907,806,901,820,895,781
X,948,888,889,790,915,809,901,818,899,782
X,948,890,886,793,910,803,901,820,894,782
X,949,888,888,792,908,804,901,822,896,780
X,948,890,887,791,908,805,900,819,896,782
X,949,891,887,793,909,804,902,822,899,780
X,949,891,889,794,911,803,900,822,895,781
X,953,890,888,793,908,804,901,818,895,781
X,951,890,887,793,911,805,900,822,896,782
X,954,887,887,793,909,805,901,820,897,779
X,948,886,883,795,914,804,899,821,899,780
X,952,888,886,793,910,804,903,819,895,780
X,966,884,887,793,908,804,900,820,896,780
X,949,888,887,795,912,807,899,820,896,780
X,947,890,887,794,910,804,899,817,895,781
X,954,887,886,793,910,805,899,818,898,781
X,954,886,887,795,911,804,901,821,897,779
X,949,887,887,794,910,804,901,821,896,780
X,951,891,888,793,911,803,901,822,895,782
X,952,889,888,795,906,804,899,819,897,781
X,951,889,887,795,911,805,900,820,895,780
X,951,888,886,796,906,803,902,821,895,779
X,949,890,887,794,909,805,901,818,894,781
X,950,887,887,794,911,806,901,819,896,781
X,949,891,888,796,910,804,901,821,898,780
X,948,893,890,794,909,805,902,818,897,781
X,959,886,886,797,911,805,902,821,899,781
X,953,890,888,796,911,805,901,820,895,782
X,949,886,888,795,909,805,899,822,894,781
X,951,888,887,795,911,804,900,819,898,780
X,950,889,887,794,911,801,902,817,896,781
X,947,887,887,797,912,806,899,821,897,780
X,950,889,887,796,907,804,901,822,899,781
X,953,887,886,793,909,805,899,822,897,781
X,951,887,888,798,908,804,901,820,894,781
X,953,889,887,797,909,806,901,820,896,780
X,949,890,888,798,909,803,900,818,898,779
X,954,887,886,796,912,804,900,821,898,781
X,958,890,888,802,904,804,900,822,897,780
X,950,889,888,796,909,805,900,820,895,781
X,949,886,888,798,910,804,901,822,895,779
X,950,888,887,798,908,804,901,822,897,780
X,951,889,885,799,909,803,900,823,896,780
X,950,889,888,797,908,805,900,820,898,781
X,951,887,887,797,910,804,902,818,900,781
X,947,889,888,797,909,804,900,819,894,780
X,946,890,887,796,907,805,900,822,894,781
X,947,888,886,795,911,805,899,818,894,779
X,955,891,886,796,908,804,901,820,896,781
X,945,886,888,797,908,804,899,819,898,781
X,950,889,887,797,910,804,900,821,894,779
X,951,887,886,798,910,803,901,817,896,781
X,955,889,888,798,910,803,902,823,896,781
X,953,886,888,795,910,803,900,821,898,781
X,952,888,886,795,910,805,900,818,895,780
X,949,887,886,798,913,805,899,821,893,780
X,949,889,887,797,911,804,900,822,898,782
X,949,890,886,795,911,806,899,818,896,780
X,951,887,887,798,906,803,901,817,898,781
X,950,886,887,795,907,805,898,819,899,779
X,947,885,888,797,911,805,901,821,897,779
X,958,893,890,798,909,804,900,821,895,782
X,950,890,887,795,910,805,899,821,897,781
X,951,888,885,798,911,806,899,819,900,782
X,949,890,887,795,910,806,901,820,896,780
X,952,884,886,801,908,800,901,819,894,782
X,952,887,887,796,909,804,900,821,895,781
X,950,887,888,794,908,804,899,822,896,780
X,948,886,888,796,911,805,898,822,893,779
X,947,889,886,795,908,805,900,825,900,779
X,957,888,888,797,909,805,900,820,897,778
X,948,888,887,795,910,805,901,820,896,780
X,949,887,886,794,909,806,901,820,897,781
X,956,888,884,795,908,804,899,819,896,781
X,948,885,887,796,910,804,900,818,898,780
X,947,885,887,795,911,804,899,823,897,781
X,955,887,887,795,908,803,900,821,898,781
X,954,886,888,797,908,804,902,820,893,781
X,953,890,888,794,909,804,899,820,897,781
X,954,886,887,797,911,805,899,818,898,782
X,949,890,886,796,910,805,901,821,897,781
X,954,890,888,798,909,805,900,820,898,780
X,953,890,887,797,908,802,903,819,894,781
X,949,889,887,798,908,807,899,822,891,781
X,950,888,888,794,911,803,902,820,894,781
X,953,893,882,794,908,803,900,821,894,780
X,952,889,887,796,909,804,900,822,894,780
X,953,891,887,798,909,805,900,823,898,781
X,959,889,887,797,909,803,902,817,896,779
X,950,887,888,794,908,806,901,821,896,780
X,948,891,887,797,908,806,901,817,898,781
X,951,887,887,796,908,805,899,822,893,780
X,954,891,887,797,911,805,901,820,894,781
X,949,890,887,797,912,804,902,820,901,781
X,953,888,886,796,909,804,900,821,899,779
X,952,888,886,798,908,804,900,821,894,782
X,951,888,887,795,909,804,902,823,893,782
X,948,888,886,796,908,805,900,821,893,780
X,950,888,887,795,909,806,900,817,899,780
X,950,887,887,794,908,805,899,819,898,781
X,951,888,887,796,910,804,901,819,897,779
X,949,887,886,796,909,804,900,820,897,781
X,954,887,887,797,909,804,902,819,899,779
X,948,890,887,795,907,804,899,822,898,778
X,951,891,884,794,911,802,901,825,896,780
X,952,890,887,794,909,803,901,819,896,781
X,948,888,887,795,907,803,899,819,898,781
X,951,889,887,796,910,806,898,821,893,780
X,947,887,886,797,910,805,900,819,894,781
X,950,889,886,797,908,806,899,821,892,778
X,948,888,887,796,910,804,901,820,894,779
X,952,886,888,796,907,807,900,821,897,780
X,946,888,885,798,907,805,900,817,894,781
X,950,887,886,795,910,804,900,821,894,779
X,953,889,886,795,907,804,901,821,899,780
X,946,886,887,797,911,803,899,822,897,779
X,949,890,888,795,908,804,899,822,896,781
X,952,889,887,797,909,803,900,819,898,779
X,950,890,884,795,909,807,898,821,900,778
X,952,890,888,795,911,803,899,820,897,782
X,953,887,885,794,909,803,898,822,894,780
X,954,889,886,796,910,803,901,823,898,778
X,947,886,886,795,907,803,900,821,893,779
X,953,889,886,795,909,805,900,821,899,779
X,953,888,888,797,907,805,899,821,897,779
X,957,886,885,794,911,803,899,817,897,780
X,947,887,887,795,907,803,900,819,894,782
X,949,889,887,796,909,804,899,822,894,781
X,953,890,887,795,910,805,900,820,895,780
X,954,890,887,795,909,803,900,820,895,779
X,951,889,888,794,906,803,897,820,893,780
X,949,889,886,796,910,805,900,821,896,780
X,954,889,885,795,907,805,900,823,895,782
X,949,889,887,795,910,805,901,820,896,781
X,949,889,887,796,911,803,901,822,895,779
X,955,891,886,797,908,803,900,822,898,779
X,952,890,887,797,908,804,900,816,897,779
X,954,887,886,796,908,805,899,819,896,779
X,951,889,886,796,909,805,900,820,896,781
X,950,887,884,799,907,803,898,821,894,779
X,948,888,887,797,901,801,900,822,895,780
X,949,890,888,798,908,804,900,821,895,781
X,954,890,886,800,909,805,899,818,894,779
X,953,889,886,805,908,803,901,820,888,780
X,952,888,886,803,908,803,901,820,898,780
X,954,888,887,805,911,805,901,821,897,781
X,953,888,887,806,909,806,900,820,900,780
X,948,888,886,803,910,805,901,820,896,781
X,955,886,886,806,908,804,899,819,897,780
X,949,885,885,795,907,804,901,819,898,779
X,950,887,887,794,910,802,900,818,897,781
X,958,889,886,795,908,805,902,821,895,779
X,951,889,887,792,910,805,901,820,898,781
X,950,889,886,791,909,803,899,821,897,781
X,951,890,887,792,907,803,899,819,895,781
X,951,887,886,792,907,804,900,819,892,781
X,953,889,886,791,910,806,901,822,898,781
X,953,887,888,792,907,802,899,821,899,782
X,955,890,889,791,911,803,900,818,898,779
X,948,888,885,790,907,802,900,820,896,780
X,952,886,887,790,908,804,900,820,899,782
X,950,886,885,790,908,805,901,821,899,779
X,950,888,886,792,909,802,899,821,892,780
X,953,890,886,791,908,803,899,820,896,780
X,952,889,886,792,910,805,900,821,893,781
X,952,888,887,792,911,804,898,820,894,781
X,946,888,888,791,906,803,900,817,895,781
