B,944,879,819,757,797,778,736,770,740,732
B,941,880,818,756,796,778,737,771,741,733
B,945,879,818,756,796,778,737,772,740,731
B,944,880,818,758,798,779,737,770,742,734
B,944,876,819,757,797,778,736,772,742,731
B,943,878,819,757,797,778,736,771,741,732
B,943,878,820,757,797,779,738,771,739,732
B,945,879,819,757,798,778,736,773,740,733
B,945,879,819,756,798,778,735,771,740,732
B,945,879,818,758,798,777,736,772,738,733
B,945,880,818,755,797,778,737,771,739,733
B,944,878,819,758,799,778,737,771,738,732
B,943,878,819,757,800,778,737,771,739,733
B,942,879,819,756,801,780,737,770,740,732
B,947,877,820,756,802,778,737,771,740,731
B,945,877,819,757,802,777,736,770,742,732
B,943,880,820,757,801,777,737,771,740,734
B,943,878,820,756,797,778,736,772,741,730
B,946,877,820,757,799,777,737,771,741,732
B,944,879,819,757,798,777,737,771,742,731
B,942,880,819,758,798,778,736,771,742,733
B,944,877,820,756,798,777,736,772,742,731
B,944,880,820,758,799,777,736,771,741,732
B,942,879,820,756,798,777,736,770,740,733
B,941,879,820,757,799,778,736,771,742,731
B,943,878,820,758,798,778,737,772,742,734
B,941,878,820,757,799,779,737,772,740,732
B,944,878,819,756,798,776,736,772,739,734
B,946,879,819,758,798,777,737,771,739,732
B,944,879,820,758,797,778,737,771,740,731
B,943,878,821,758,799,777,735,772,739,733
B,945,879,819,757,798,777,736,771,740,733
B,943,876,820,757,798,778,737,771,741,731
B,943,880,819,756,797,777,737,772,739,733
B,945,879,819,758,798,777,736,771,740,733
B,943,880,820,757,798,778,735,771,741,732
B,942,879,818,755,799,778,737,772,739,732
B,945,879,819,756,797,779,736,770,740,732
B,944,878,819,757,797,778,736,771,742,732
B,942,880,818,758,798,779,736,771,740,732
B,945,876,819,757,797,778,737,772,742,732
B,941,878,821,758,799,777,736,771,740,732
B,945,879,820,758,798,779,737,772,741,733
B,945,878,820,756,798,777,738,769,742,732
B,944,880,820,758,798,778,737,772,739,731
B,941,877,820,757,798,777,736,772,741,734
B,943,877,820,757,798,778,738,771,741,731
B,941,879,819,759,797,778,737,773,740,733
B,941,878,821,759,797,778,737,772,741,733
B,945,876,819,758,798,777,737,771,739,732
B,946,881,820,757,796,776,737,772,740,733
B,942,876,820,758,796,777,736,772,741,734
B,942,879,819,756,797,775,738,770,738,732
B,943,876,821,758,798,779,737,771,741,731
B,943,877,820,757,797,778,737,773,740,734
B,941,878,820,757,797,778,736,771,741,732
B,940,878,819,756,798,777,737,772,741,732
B,943,877,820,756,797,778,737,772,740,733
B,943,879,820,757,797,777,736,771,739,731
B,943,877,820,758,799,778,736,771,740,732
B,939,874,821,756,797,778,736,770,742,734
B,942,879,818,758,798,778,737,772,741,731
B,940,878,819,759,800,779,738,771,740,732
B,944,879,820,757,801,778,736,773,739,734
B,944,879,820,757,799,779,738,771,740,734
B,945,877,820,757,799,779,737,772,742,734
B,943,879,819,758,798,778,736,772,741,733
B,943,878,820,757,799,778,737,772,740,734
B,940,876,819,758,799,778,736,771,739,731
B,943,879,821,758,797,779,737,771,741,731
B,939,877,820,758,798,777,736,771,741,733
B,945,876,821,758,796,777,736,773,741,733
B,944,878,821,757,798,778,736,771,742,731
B,945,877,821,758,797,779,737,771,741,732
B,943,877,821,757,796,777,736,772,741,732
B,939,878,819,759,797,779,736,772,741,733
B,945,880,821,759,797,778,737,772,741,733
B,939,875,820,757,799,779,737,772,741,732
B,944,879,821,758,798,778,737,772,742,734
B,940,877,819,759,797,779,737,771,740,731
B,939,878,819,756,798,779,737,771,740,732
B,946,877,820,760,797,778,736,771,742,731
B,943,878,820,758,796,777,736,771,742,732
B,939,879,819,757,798,777,736,771,741,732
B,941,879,820,759,796,778,737,772,741,733
B,942,878,820,757,796,777,738,771,742,731
B,944,877,820,759,796,777,736,772,739,731
B,943,876,821,759,797,777,737,771,740,733
B,944,877,821,758,798,779,736,771,740,733
B,940,877,820,759,798,778,736,772,739,734
B,944,877,821,758,797,779,738,769,740,731
B,943,878,821,757,798,778,738,771,739,731
B,942,879,820,758,797,777,738,771,741,731
B,943,876,820,758,796,778,737,772,742,733
B,944,876,819,758,796,779,737,772,740,733
B,942,876,820,757,797,778,736,771,741,732
B,944,878,821,758,799,776,737,772,739,732
B,945,875,822,757,798,779,737,771,741,732
B,944,880,819,759,799,779,738,771,741,734
B,945,876,820,757,797,779,737,771,740,732
B,941,876,821,759,797,778,734,772,741,735
B,942,878,820,758,796,778,736,771,741,734
B,942,878,820,757,798,778,737,772,740,732
B,941,879,822,757,797,779,736,772,741,732
B,940,878,820,756,796,777,736,772,739,733
B,945,879,821,757,798,779,738,772,740,732
B,943,876,822,758,797,778,736,772,741,731
B,943,876,821,757,798,777,736,771,741,733
B,942,877,821,757,796,778,735,772,741,733
B,939,879,820,759,797,779,736,771,741,733
B,943,877,820,757,797,779,736,771,741,732
B,940,877,821,757,797,778,736,772,741,733
B,942,878,822,758,797,777,735,772,742,732
B,942,877,821,759,797,778,737,771,741,733
B,942,877,821,759,796,778,737,771,740,733
B,944,877,820,758,796,777,737,772,740,732
B,940,876,822,760,797,778,737,772,742,732
B,940,876,821,758,796,777,737,772,740,733
B,941,877,821,758,796,778,736,771,741,733
B,940,877,821,758,796,778,736,771,741,731
B,942,876,822,759,796,779,737,772,740,732
B,940,877,822,758,797,780,738,772,741,732
B,943,876,822,758,798,778,737,771,740,729
B,940,878,821,758,797,777,736,772,742,733
B,939,878,821,759,798,777,737,771,739,734
B,944,876,820,759,798,778,737,772,741,731
B,941,877,822,758,796,778,737,772,740,733
B,942,876,822,759,797,779,736,772,741,732
B,941,879,821,757,797,777,737,771,741,734
B,942,876,821,759,796,778,736,772,741,733
B,942,876,821,758,797,778,736,772,740,733
B,941,875,821,759,796,777,737,772,741,732
B,943,879,821,757,797,779,737,772,742,733
B,944,877,821,758,797,777,737,771,740,734
B,945,878,822,757,798,779,738,771,741,731
B,943,878,821,758,796,779,737,772,741,732
B,943,877,821,758,797,780,738,772,740,731
B,943,875,822,759,797,779,736,771,742,733
B,939,880,823,758,796,778,736,772,741,733
B,942,876,821,758,796,778,737,772,740,733
B,943,878,822,757,797,779,737,770,739,733
B,941,876,821,759,797,779,737,771,740,734
B,944,874,823,757,795,778,737,771,740,734
B,942,875,821,759,798,778,736,771,740,732
B,941,877,822,759,797,778,736,771,742,732
B,943,875,822,758,796,778,736,773,740,733
B,940,874,823,757,796,777,736,772,741,732
B,939,876,822,759,797,779,737,772,740,732
B,941,876,822,759,797,778,736,772,739,733
B,944,878,822,757,796,777,736,771,741,734
B,943,875,822,759,796,779,736,771,739,732
B,941,878,821,760,799,779,736,772,739,733
B,941,876,823,759,797,779,737,773,741,734
B,943,876,821,760,796,777,735,769,741,731
B,942,878,822,758,797,778,737,771,740,734
B,941,876,822,759,797,777,737,772,740,734
B,942,878,821,759,796,777,736,772,739,732
B,942,877,823,758,796,779,735,769,740,734
B,943,876,822,757,797,778,736,772,741,734
B,944,880,822,759,797,778,737,772,742,733
B,940,878,822,758,796,777,737,772,741,733
B,941,876,822,758,796,779,736,772,740,733
B,940,877,822,760,797,779,737,773,740,733
B,939,875,823,759,795,778,737,772,741,732
B,940,877,824,757,797,778,737,771,740,733
B,940,878,822,759,798,780,736,769,740,733
B,944,876,823,757,796,778,737,772,740,732
B,940,876,823,758,797,779,737,771,741,734
B,941,875,821,758,796,778,736,773,742,733
B,941,875,823,758,796,778,737,773,742,733
B,944,875,823,759,798,777,736,772,740,734
B,942,878,823,758,798,779,737,771,742,732
B,941,878,822,759,798,779,736,770,741,733
B,941,879,821,757,797,778,736,771,739,734
B,942,877,821,758,797,778,737,771,742,731
B,943,876,823,758,798,778,737,772,741,733
B,938,876,822,760,798,779,736,772,741,734
B,940,877,821,760,796,780,735,769,743,733
B,941,878,822,759,797,778,737,771,742,732
B,939,875,824,759,798,778,736,771,743,732
B,943,875,822,759,796,779,737,771,742,734
B,943,876,822,759,795,780,738,772,742,734
B,941,878,823,758,797,777,736,771,741,733
B,942,875,823,760,796,779,738,771,743,733
B,939,877,824,757,796,777,737,772,741,734
B,943,875,822,758,796,778,737,772,741,733
B,941,874,822,758,796,778,737,771,741,733
B,943,876,823,759,797,779,737,773,742,735
B,940,875,822,758,796,778,738,770,740,732
B,941,876,822,758,797,779,737,771,743,733
B,941,878,823,759,797,779,737,772,742,734
B,939,878,822,760,797,778,736,772,741,733
B,943,876,823,759,797,778,738,772,744,736
B,943,879,823,760,796,778,736,770,742,732
B,942,877,823,759,796,779,738,773,741,734
B,944,876,824,760,797,779,737,773,741,734
B,938,878,824,759,795,779,736,772,742,735
B,942,878,824,758,797,778,737,772,743,734
B,942,878,823,759,797,779,737,771,743,732
B,944,878,824,760,797,780,737,773,740,734
B,942,877,823,759,796,778,736,771,743,734
B,942,875,824,758,796,779,738,772,741,734
B,943,876,824,759,796,778,737,771,741,734
B,944,878,824,758,796,779,737,771,741,734
B,943,876,824,760,796,778,737,771,741,734
B,941,875,822,758,795,778,736,772,742,732
B,944,877,823,758,797,778,737,773,741,733
B,943,879,823,759,796,779,737,772,741,733
B,939,876,824,759,795,778,737,773,740,733
B,942,876,823,758,796,778,737,773,742,733
B,943,877,824,759,796,778,736,771,743,733
B,941,875,822,759,796,778,736,772,741,733
B,943,877,823,758,797,779,737,772,742,734
B,942,877,823,760,797,778,736,772,741,733
B,940,879,823,757,795,780,737,773,742,733
B,940,877,823,757,798,780,738,772,740,735
B,939,874,823,759,797,779,736,772,741,733
B,942,878,824,759,796,778,737,772,741,733
B,942,878,824,760,797,778,736,772,742,733
B,938,874,824,760,796,778,736,772,741,733
B,943,876,823,760,795,778,736,772,741,733
B,941,876,823,759,795,780,736,771,743,733
B,939,877,823,759,797,779,737,772,742,733
B,940,879,823,761,795,780,736,772,740,734
B,941,875,823,760,796,780,737,773,742,733
B,943,876,823,760,796,780,737,771,740,732
B,943,876,824,760,796,779,737,771,741,732
B,938,876,823,761,797,780,737,772,741,735
B,940,877,823,759,795,779,736,773,742,735
B,942,874,823,760,796,778,737,771,742,734
B,942,877,824,758,795,779,737,773,742,735
B,942,878,825,759,797,779,736,773,742,733
B,942,878,825,760,795,779,737,772,743,734
B,943,878,824,760,796,779,737,772,741,734
B,942,877,824,759,796,779,737,773,742,733
B,943,876,826,756,796,780,737,773,742,734
B,943,877,824,758,797,778,737,772,742,734
B,941,875,822,759,795,779,736,773,743,734
B,940,878,824,760,796,778,737,772,743,732
B,942,874,824,759,796,780,737,772,742,735
B,939,878,823,758,797,778,737,771,743,734
B,941,878,824,759,795,779,736,772,742,732
B,942,878,823,760,799,780,738,772,743,733
B,942,877,824,759,797,779,737,773,741,734
B,941,876,824,759,797,778,737,773,743,733
B,941,877,824,758,796,780,737,773,742,736
B,941,877,825,758,796,778,738,772,743,735
B,939,875,825,761,796,778,736,771,741,734
B,939,875,823,760,797,779,737,773,741,733
B,939,876,825,760,797,779,736,773,743,735
B,941,873,823,760,796,778,736,772,741,733
B,941,877,823,759,796,778,736,772,741,733
B,943,876,823,760,797,779,737,773,741,734
B,941,876,824,759,797,777,738,772,743,735
B,938,877,825,760,796,779,737,772,743,734
B,942,878,822,758,796,780,737,772,744,735
B,938,878,825,760,797,777,737,773,743,734
B,943,878,824,760,797,779,736,773,742,734
B,941,878,825,760,796,779,736,772,743,733
B,941,875,823,758,797,780,736,772,743,734
B,940,875,823,758,798,779,737,773,741,732
B,940,879,825,758,796,780,737,772,741,734
B,943,877,825,760,796,778,736,772,743,734
B,941,875,824,758,798,778,737,772,742,737
B,940,877,824,757,797,777,738,774,744,733
B,940,877,823,758,796,779,737,771,742,734
B,939,873,824,760,798,779,737,773,741,734
B,941,875,823,759,798,779,737,771,742,733
B,941,877,824,760,796,779,736,771,742,733
B,943,875,825,759,796,779,737,772,742,732
B,940,876,822,760,796,779,737,773,742,734
B,940,876,823,761,796,780,736,772,743,735
B,939,877,825,760,797,780,737,771,742,733
B,935,872,824,760,796,780,737,773,741,733
B,942,876,824,759,795,780,736,773,741,733
B,939,878,824,759,797,779,736,773,743,734
B,941,878,824,760,798,779,736,772,745,734
B,942,875,824,760,796,778,737,773,743,734
B,939,876,825,759,797,778,735,774,739,736
B,938,877,825,759,797,780,737,773,741,735
B,942,875,824,760,796,778,738,772,741,732
B,941,877,825,758,797,779,736,772,741,733
B,943,873,825,761,798,777,737,773,743,733
B,943,877,824,758,797,779,737,773,743,735
B,944,879,823,759,796,779,736,773,741,735
B,939,875,825,760,798,778,736,773,742,734
B,941,874,825,759,797,778,738,770,740,734
B,939,877,824,759,797,779,736,773,742,734
B,941,877,825,759,797,778,736,774,742,732
B,941,877,826,759,797,779,737,772,742,733
B,944,878,825,759,797,779,736,772,743,735
B,938,874,827,760,797,779,736,772,742,734
B,938,876,827,760,797,778,736,773,745,732
B,942,876,825,760,797,780,736,773,743,734
B,944,873,828,760,796,779,737,771,743,734
B,942,877,827,760,798,780,737,773,742,732
B,943,877,826,760,796,779,738,772,744,732
B,940,875,826,759,796,779,736,772,742,733
B,942,876,826,759,798,779,737,773,742,735
B,941,875,826,760,798,778,737,773,741,733
B,941,875,826,759,798,779,736,772,742,733
B,939,877,826,762,796,779,736,771,743,733
B,939,876,827,759,797,780,737,772,742,733
B,941,871,825,760,797,779,736,772,742,733
B,942,877,826,759,796,780,737,773,743,733
B,937,879,825,761,796,780,736,772,742,733
B,943,877,827,760,796,779,737,771,742,734
B,942,875,826,759,798,779,737,772,743,733
B,941,875,827,760,796,779,736,773,743,735
B,942,875,827,760,797,780,736,773,742,735
B,938,878,826,759,797,779,737,773,742,733
B,940,876,827,758,798,779,737,771,742,735
B,939,876,825,759,798,780,735,773,741,734
B,939,874,826,761,798,778,738,772,742,733
B,941,875,825,759,796,780,737,772,742,735
B,941,874,827,760,797,780,736,773,742,734
B,939,876,826,759,798,780,738,772,742,734
B,939,874,827,760,796,780,737,773,742,733
B,940,876,826,759,799,779,738,773,743,735
B,943,879,826,759,797,780,737,774,742,733
B,940,874,826,760,797,779,737,772,743,734
B,943,877,825,761,799,779,737,773,744,734
B,941,876,826,759,798,778,737,772,743,734
B,942,878,826,760,796,778,738,772,744,733
B,940,878,827,760,797,778,737,772,744,733
B,938,878,826,759,797,779,737,771,741,733
B,939,877,827,761,796,779,736,772,744,733
B,941,876,826,758,797,779,736,773,743,733
B,940,874,828,759,798,780,736,774,741,733
B,941,876,826,759,796,779,736,774,742,733
B,942,875,827,761,799,781,737,773,743,733
B,943,877,827,759,798,778,738,772,742,734
B,943,875,828,759,797,781,737,774,742,733
B,942,877,826,760,797,778,738,772,742,734
B,941,875,826,760,797,779,737,773,742,734
B,942,874,826,759,799,779,737,772,743,734
B,939,878,827,761,798,778,738,774,742,734
B,941,878,826,760,797,780,737,773,741,733
B,940,875,827,759,796,780,736,772,744,733
B,943,875,827,760,799,780,737,773,742,736
B,940,876,827,761,798,779,737,773,742,733
B,942,877,827,760,797,779,738,772,740,733
B,941,875,827,759,796,781,736,771,743,735
B,939,877,826,761,797,780,737,772,741,734
B,938,876,826,760,799,780,737,772,741,734
B,941,876,827,759,798,780,738,773,743,734
B,941,878,826,761,796,779,738,772,743,735
B,943,878,828,760,797,779,736,773,742,734
B,942,874,827,759,798,778,736,773,742,732
B,944,874,828,760,797,780,737,774,742,734
B,942,875,827,761,797,779,737,772,744,734
B,942,876,828,761,796,780,736,773,743,734
B,940,877,828,759,797,779,737,772,743,733
B,937,876,826,760,796,780,737,774,742,733
B,940,875,828,760,798,778,738,774,744,733
B,939,875,828,759,796,780,736,772,741,735
B,943,878,827,761,797,780,737,772,742,735
B,941,875,827,759,796,779,736,772,740,735
B,940,876,826,759,796,779,738,773,742,733
B,943,874,826,760,796,779,738,773,743,736
B,940,875,826,760,798,778,737,772,742,733
B,937,877,827,760,795,779,737,774,744,733
B,943,875,826,760,796,780,738,774,741,732
B,939,878,826,761,798,779,737,772,742,734
B,941,875,827,760,796,779,737,772,744,734
B,939,877,827,759,797,780,737,772,743,735
B,942,878,828,760,795,779,736,772,742,732
B,941,875,827,760,797,777,738,773,743,733
B,941,877,826,762,796,780,737,774,743,733
B,942,876,828,761,797,778,738,773,742,733
B,943,877,828,759,797,779,737,773,743,734
B,940,874,828,761,795,779,738,773,742,735
B,938,874,828,758,796,779,737,772,741,734
B,941,876,826,759,796,779,738,773,743,735
B,940,875,826,761,797,777,737,772,744,732
B,942,877,827,760,796,778,737,774,745,732
B,940,876,828,759,797,779,736,772,742,733
B,941,876,828,760,797,779,737,772,742,733
B,940,876,828,760,796,779,736,774,743,733
B,942,875,828,760,798,778,736,772,744,734
B,942,878,826,761,796,779,737,772,742,735
B,937,873,828,760,796,779,737,772,743,734
B,941,874,827,761,796,780,737,772,744,733
B,942,873,828,759,797,778,737,772,741,733
B,942,876,827,760,798,780,738,773,743,732
B,940,872,829,761,797,779,737,773,742,733
B,940,877,827,759,796,779,737,773,743,734
B,941,875,828,761,798,779,737,771,742,734
B,941,878,827,760,796,779,737,772,742,735
B,942,877,827,760,796,778,737,773,741,734
B,941,877,828,760,797,780,736,773,742,735
B,942,875,829,761,796,779,737,774,744,732
B,940,877,826,761,796,780,737,772,742,733
B,939,875,828,761,796,780,738,773,743,735
B,940,876,828,760,798,779,737,772,741,734
B,940,876,828,760,797,778,737,773,743,736
B,940,878,827,758,798,779,737,773,743,734
B,941,876,828,760,795,779,738,773,741,735
B,939,875,827,761,797,780,738,772,742,733
B,940,877,828,761,797,780,738,772,744,733
B,942,877,827,759,796,779,737,774,742,733
B,939,873,827,759,796,779,737,773,741,734
B,943,874,828,759,796,779,739,772,744,734
B,940,876,828,761,796,779,737,771,742,734
B,941,874,828,759,796,778,736,773,744,733
B,940,876,827,761,797,778,738,774,744,735
B,940,874,827,760,796,781,737,772,741,733
B,942,875,827,760,796,779,738,773,744,735
B,939,875,828,760,797,779,737,773,743,733
B,939,874,827,760,798,780,737,773,743,734
B,941,874,828,761,796,779,737,773,744,734
B,940,876,826,760,797,780,737,773,743,732
B,941,875,827,761,797,779,738,773,744,735
B,939,877,827,760,797,779,737,774,742,733
B,942,874,828,759,796,781,737,773,742,736
B,941,875,828,760,797,779,737,773,742,733
B,941,875,827,760,796,779,737,772,744,734
B,942,878,828,762,795,780,738,772,741,733
B,940,876,828,761,797,779,737,773,744,734
B,938,873,827,759,797,780,738,773,742,734
B,942,874,828,761,798,779,737,774,743,734
B,940,875,827,761,797,780,738,774,743,734
B,938,874,828,761,798,781,738,772,742,733
B,940,877,828,762,796,780,737,772,744,734
B,943,875,827,761,797,778,738,773,743,734
B,940,873,827,760,797,779,737,774,743,734
B,939,875,827,760,794,780,738,774,744,734
B,936,872,826,761,796,778,736,773,744,734
B,939,874,828,760,796,779,737,774,742,735
B,939,875,827,760,798,780,738,773,743,734
B,942,875,827,760,796,780,738,774,742,735
B,941,878,828,760,796,780,737,772,742,734
B,943,872,827,761,797,780,738,772,741,734
B,941,874,828,761,796,779,737,773,742,734
B,941,876,826,762,797,778,737,774,744,736
B,941,874,827,760,798,780,737,773,743,733
B,940,876,827,760,798,779,738,773,744,735
B,936,876,828,760,796,780,737,773,743,734
B,940,876,826,762,797,779,738,772,742,733
B,942,874,826,761,796,780,738,773,744,733
B,940,876,827,761,796,780,738,773,743,735
B,937,879,826,760,796,780,738,774,743,733
B,938,874,826,760,796,779,737,773,743,734
B,939,874,827,759,795,779,737,772,742,735
B,940,873,827,759,798,779,737,772,743,734
B,940,876,827,759,796,780,738,774,745,734
B,942,875,827,760,796,779,737,771,743,734
B,939,872,829,760,797,780,738,773,743,734
B,943,875,828,759,796,780,738,773,743,735
B,939,876,827,759,796,778,738,773,743,734
B,939,873,827,759,796,780,737,773,743,735
B,943,877,828,763,796,779,737,774,742,735
B,939,875,827,760,796,780,738,774,743,735
B,942,876,826,761,797,780,738,773,742,734
B,943,873,827,762,796,780,737,773,741,735
B,942,877,827,760,797,778,737,773,741,731
B,941,875,827,760,795,778,736,772,744,733
B,939,874,827,761,797,779,738,774,742,733
B,939,876,828,761,797,777,737,774,743,733
B,943,875,829,761,798,779,736,772,744,733
B,940,874,827,761,795,780,738,773,741,732
B,942,874,827,759,797,779,738,772,743,733
B,943,874,827,761,796,779,738,774,742,734
B,940,874,829,763,796,780,738,772,744,733
B,939,876,827,760,797,779,737,772,742,733
B,939,875,828,761,796,781,737,773,743,733
B,940,875,828,760,796,780,738,774,744,735
B,940,875,828,761,797,779,737,773,742,734
B,942,874,827,761,796,779,738,773,742,733
B,939,878,827,760,797,779,737,773,744,735
B,941,873,828,761,797,779,737,773,744,735
B,939,875,827,761,798,781,738,772,743,733
B,941,877,827,759,795,778,738,771,743,735
B,940,876,827,759,797,778,737,774,744,735
B,944,872,827,761,796,779,738,773,743,735
B,939,874,828,759,798,779,736,771,743,733
B,942,874,827,759,797,780,737,772,744,734
B,941,873,828,760,798,778,737,773,742,734
B,940,876,828,761,796,780,739,772,743,733
B,939,875,826,760,797,779,737,773,745,733
B,942,875,828,760,796,780,738,773,744,734
B,939,878,827,761,796,779,738,774,743,735
B,939,876,827,761,797,779,738,773,743,735
B,941,877,828,759,795,779,738,772,743,733
B,941,876,827,761,798,779,737,773,743,733
B,940,875,825,761,797,779,737,774,743,735
B,941,873,828,760,796,781,737,773,744,734
B,940,877,827,760,797,780,737,773,743,733
B,942,877,826,762,796,780,738,773,744,734
B,942,874,828,761,797,779,738,773,744,734
B,944,877,828,761,797,779,737,773,743,735
B,938,877,827,762,796,779,737,773,742,735
B,939,877,826,761,796,780,737,772,743,735
B,938,877,827,761,797,780,739,773,742,733
B,940,876,827,759,797,780,737,774,743,735
B,939,875,828,761,797,779,739,775,743,732
B,942,874,827,760,797,780,737,773,743,734
B,944,880,830,760,796,781,738,773,745,735
B,939,876,828,759,797,781,737,773,745,735
B,939,876,828,762,797,778,738,773,745,735
B,939,876,826,760,796,779,737,773,742,733
B,943,874,828,759,796,780,739,772,744,735
B,940,874,827,762,796,780,738,773,744,734
B,940,876,827,762,796,779,737,773,743,733
B,939,873,827,759,797,779,737,772,744,734
B,942,877,828,761,796,780,738,774,743,735
B,939,875,826,760,796,779,738,773,743,735
B,940,878,827,761,797,781,737,773,744,734
B,943,875,827,761,797,780,738,773,743,734
B,942,875,827,761,796,779,737,772,743,735
B,939,877,827,761,796,780,737,773,744,735
B,941,876,828,758,798,779,739,774,742,734
B,939,873,828,760,797,779,737,774,744,735
B,942,873,827,759,797,779,737,774,745,733
B,939,876,827,759,796,779,737,772,744,733
B,941,875,826,760,796,782,737,771,744,734
B,942,877,828,761,797,779,738,773,744,734
B,943,877,827,761,796,779,737,773,744,734
B,939,877,826,761,797,778,737,772,743,736
B,939,876,828,760,796,779,739,773,745,735
B,939,873,829,761,796,779,737,772,742,734
B,942,876,828,761,796,780,739,772,744,735
B,941,873,828,761,797,779,737,773,743,735
B,940,877,830,760,796,781,737,772,744,735
B,944,877,829,761,798,778,738,773,743,735
B,942,875,829,760,797,780,739,772,744,733
B,940,874,828,761,797,778,736,771,744,734
B,939,874,827,759,796,780,737,773,743,734
B,939,874,826,762,796,779,739,774,743,734
B,943,874,827,761,797,779,738,774,743,734
B,940,875,827,761,798,779,738,773,743,734
B,938,876,827,761,798,778,738,773,745,734
B,939,877,827,760,795,780,738,774,744,735
B,941,875,828,762,796,780,737,772,743,733
B,943,878,828,761,796,779,738,772,744,734
B,938,877,828,762,796,780,738,773,744,735
B,940,877,827,759,796,779,738,774,743,734
B,942,876,827,760,796,780,738,773,743,734
B,941,878,828,760,797,778,738,773,745,736
B,941,874,827,760,797,780,738,772,742,734
B,940,875,828,760,795,779,738,774,743,734
B,941,873,827,761,796,780,738,774,745,735
B,939,876,827,761,795,778,737,773,742,733
B,939,874,828,760,795,780,738,774,744,734
B,939,875,827,760,797,780,737,774,744,733
B,938,876,827,762,798,779,738,773,743,734
B,938,874,827,761,798,779,737,773,743,734
B,939,874,827,760,797,780,738,771,744,734
B,940,875,828,762,796,778,737,772,743,734
B,939,877,827,762,796,780,737,773,744,735
B,942,876,827,759,797,780,738,772,745,734
B,941,875,827,761,797,780,737,773,741,735
B,942,875,828,760,795,779,738,772,742,735
B,939,875,828,762,795,780,737,773,742,735
B,942,877,828,760,796,778,737,774,744,735
B,942,875,827,761,798,779,737,771,742,734
B,939,876,827,762,797,780,738,774,743,734
B,940,877,828,761,797,779,737,772,743,734
B,941,874,828,760,796,779,738,773,742,735
B,938,876,827,760,798,779,739,772,741,734
B,938,876,828,760,796,780,736,773,743,735
B,942,874,828,760,797,779,738,773,744,733
B,941,875,827,761,795,778,736,774,742,733
B,940,875,827,762,796,781,737,773,743,734
B,942,875,827,760,796,778,737,773,743,734
B,939,874,828,762,796,779,739,772,744,732
B,940,874,828,761,796,779,737,774,742,732
B,941,874,827,760,798,780,738,772,743,733
B,941,875,827,761,796,780,737,773,743,733
B,939,875,827,761,796,781,736,773,743,734
B,939,874,828,760,798,779,738,774,744,734
B,939,876,827,760,798,779,737,773,744,734
B,942,877,827,761,796,780,738,773,743,732
B,941,873,825,762,796,780,737,773,743,734
B,939,874,828,759,798,778,738,773,743,734
B,941,876,827,759,799,783,739,774,744,734
B,943,874,828,762,796,780,738,773,745,735
B,944,876,827,761,796,780,738,773,744,734
B,937,871,829,761,797,780,739,774,744,735
B,942,875,827,760,796,780,737,772,744,735
B,941,874,828,762,798,781,738,771,742,735
B,941,877,828,762,797,780,738,773,743,732
B,935,874,829,760,796,781,738,773,742,734
B,941,875,828,760,797,779,738,774,742,732
B,939,875,826,760,797,779,738,772,744,733
B,940,875,828,760,797,780,738,774,742,734
B,939,876,827,760,798,778,737,774,743,734
B,941,873,826,760,797,779,739,773,742,733
B,943,874,828,760,796,780,738,773,743,734
B,940,876,827,761,796,778,737,773,744,736
B,942,875,828,760,798,778,738,773,742,734
B,942,876,828,761,797,780,737,772,743,736
B,941,873,827,760,798,781,738,774,743,735
B,941,876,828,762,798,779,737,774,744,736
B,942,877,827,761,797,778,738,773,744,735
B,940,874,827,760,797,778,737,774,744,734
B,939,876,828,760,797,779,739,773,744,733
B,943,875,828,760,798,779,738,773,742,735
B,938,872,828,760,795,780,737,772,742,734
B,942,877,828,760,797,780,738,773,743,735
B,939,877,828,761,798,780,737,773,744,733
B,942,873,828,761,795,778,736,773,744,735
B,940,874,827,762,797,780,737,772,745,735
B,939,875,826,760,797,780,738,773,744,735
B,942,876,828,762,797,778,737,772,741,735
B,941,873,828,761,798,780,738,772,744,734
B,943,876,829,761,797,779,736,772,744,733
B,939,874,828,760,798,780,738,773,744,735
B,940,875,828,761,796,780,738,770,746,737
B,940,876,827,761,797,779,738,773,743,734
B,941,877,828,761,797,780,736,773,742,735
B,938,877,829,760,798,779,737,774,743,733
B,942,876,827,760,796,779,736,773,744,735
B,939,874,827,762,796,778,738,773,742,735
B,941,875,829,760,797,780,738,772,743,735
B,944,876,828,761,797,780,738,773,743,735
B,942,874,829,763,794,778,738,774,743,735
B,940,875,828,761,796,780,737,772,744,733
B,939,874,826,761,797,780,738,774,743,733
B,939,874,828,762,797,779,737,773,744,735
B,942,876,827,762,796,779,738,774,745,734
B,940,876,829,760,797,781,739,773,742,735
B,942,872,829,760,795,779,737,775,742,735
B,940,876,828,761,796,779,738,773,742,734
B,937,875,829,761,795,781,738,773,743,735
B,941,876,828,761,795,781,738,773,744,735
B,942,874,828,760,796,780,737,773,745,735
B,946,874,829,762,797,779,737,773,743,735
B,942,874,827,760,795,779,737,773,743,733
B,941,876,827,762,796,781,737,773,744,735
B,941,874,828,762,797,780,738,773,743,735
B,940,876,829,762,798,778,737,771,744,734
B,942,876,828,762,796,780,738,774,744,733
B,938,874,828,759,796,779,738,774,744,735
B,940,876,829,760,798,780,739,773,744,734
B,941,875,829,761,795,780,737,772,746,736
B,940,876,828,761,796,781,737,773,743,733
B,940,874,827,760,796,781,738,774,742,734
B,939,875,826,760,795,779,740,775,743,734
B,942,876,828,761,797,780,736,772,743,735
B,941,874,829,761,795,781,738,774,742,733
B,940,873,829,761,796,780,739,773,744,733
B,940,875,828,760,797,780,738,772,742,735
B,939,874,828,761,797,781,738,773,745,735
B,942,875,828,761,797,780,738,774,742,735
B,939,878,827,761,797,781,738,773,742,736
B,939,875,826,762,797,779,737,773,743,735
B,938,876,829,762,797,780,738,773,743,736
B,941,875,829,761,798,780,738,775,745,735
B,943,874,828,762,798,779,739,773,745,732
B,939,876,829,761,797,780,738,773,743,735
B,940,875,828,760,798,780,737,774,743,735
B,941,874,829,760,797,781,738,773,745,734
B,940,876,828,761,796,780,737,772,743,736
B,939,875,828,760,797,781,739,771,744,732
B,941,875,828,762,798,780,737,773,743,735
B,940,876,827,762,798,780,738,774,745,735
B,940,874,827,761,798,781,738,772,745,735
B,937,873,828,761,799,780,738,774,742,734
B,942,875,829,762,799,780,738,772,744,733
B,940,873,829,763,800,781,737,773,743,734
B,940,876,827,762,800,779,737,775,745,736
B,942,873,828,761,798,780,738,774,743,734
B,941,875,828,761,798,780,738,773,746,735
B,938,875,828,761,798,780,738,774,745,735
B,938,877,827,761,799,779,736,774,743,735
B,940,874,828,761,799,779,738,773,745,735
B,941,874,829,762,800,781,738,773,744,736
B,940,876,828,761,798,780,737,772,745,733
B,942,874,829,761,799,779,739,774,744,736
B,947,873,827,762,798,779,737,773,744,735
B,940,875,827,762,798,779,737,774,744,733
B,942,874,827,760,798,779,737,773,744,735
B,942,875,828,761,799,781,738,774,745,734
B,939,874,827,761,799,780,738,772,745,735
B,941,877,827,761,797,779,737,774,744,735
B,940,875,829,762,798,780,738,773,742,735
B,940,875,827,761,798,781,737,773,745,732
B,940,876,828,760,799,780,738,773,743,735
B,937,877,829,762,798,779,738,773,743,736
B,939,876,827,762,798,781,737,772,745,734
B,937,875,827,761,799,781,737,774,745,734
B,938,874,828,761,798,780,738,772,744,735
B,943,876,827,761,798,781,737,773,743,735
B,938,876,828,762,796,780,738,774,742,734
B,940,875,828,762,798,780,738,772,743,734
B,941,878,829,761,797,780,738,773,743,735
B,939,873,828,761,798,781,738,774,743,735
B,941,874,829,761,799,781,738,774,744,733
B,938,874,827,761,799,780,738,774,745,734
B,939,876,827,761,797,780,738,772,743,734
B,941,874,828,760,800,782,738,771,744,733
B,939,875,829,760,799,779,738,773,743,735
B,940,874,828,761,798,779,737,773,744,734
B,938,876,828,762,800,780,738,773,742,733
B,942,877,826,762,799,781,737,772,741,735
B,938,874,828,761,798,780,738,773,743,735
B,941,873,828,761,798,779,738,773,743,735
B,938,877,828,761,799,781,737,772,745,734
B,941,874,829,760,797,782,737,773,743,735
B,940,874,827,762,798,781,739,772,744,732
B,941,875,829,761,799,779,737,773,742,735
B,936,877,829,762,800,780,738,773,745,735
B,941,876,828,762,800,781,738,773,743,736
B,939,874,829,760,799,780,738,774,744,733
B,942,876,829,763,797,780,739,772,743,736
B,940,874,828,762,799,780,737,774,743,735
B,941,875,829,762,799,780,738,773,744,736
B,943,876,830,762,799,781,738,773,743,733
B,940,875,827,761,798,780,737,773,745,733
B,937,877,827,760,798,781,738,774,743,736
B,940,874,828,763,797,779,739,774,746,734
B,938,876,828,761,797,779,738,772,745,735
B,940,875,828,761,798,780,738,773,745,732
B,938,875,828,762,798,780,738,773,745,733
B,938,876,829,761,798,780,738,774,745,736
B,940,878,828,761,799,781,738,774,744,733
B,937,876,828,762,799,781,739,773,744,735
B,941,874,828,761,799,781,740,773,745,733
B,940,874,828,761,797,781,737,774,744,733
B,942,874,827,761,800,781,738,774,745,735
B,939,874,828,761,799,781,738,774,742,735
B,941,876,828,762,798,780,739,773,744,733
B,941,875,829,762,798,779,738,774,744,733
B,939,876,829,761,799,781,739,773,743,735
B,940,874,830,762,799,780,739,774,745,734
B,938,875,829,761,800,781,738,774,744,734
B,939,875,827,760,801,780,738,774,743,734
B,940,876,829,761,799,779,739,773,743,733
B,941,876,828,763,799,781,739,774,745,735
B,940,875,829,762,798,780,738,773,745,734
B,938,873,829,762,799,780,739,773,744,735
B,937,878,828,762,799,780,738,774,744,735
B,938,877,828,761,798,781,739,772,745,734
B,941,877,829,761,798,780,739,773,744,735
B,938,870,829,763,801,778,738,774,744,735
B,940,875,828,761,799,781,739,774,743,735
B,939,875,829,762,800,779,738,775,744,734
B,940,875,829,761,799,781,739,772,745,735
B,939,875,828,761,798,781,739,773,745,735
B,941,874,830,763,796,781,739,775,743,734
B,939,873,828,762,797,779,737,774,744,732
B,940,872,830,761,798,779,738,773,745,736
B,941,877,830,762,796,780,739,773,745,736
B,940,875,829,762,796,780,737,773,745,734
B,945,875,829,761,795,779,738,774,744,735
B,939,874,829,761,796,781,738,773,744,735
B,937,877,829,763,797,781,739,774,745,734
B,941,874,828,761,796,779,739,773,744,734
B,941,875,829,760,797,781,739,775,744,733
B,940,873,827,761,797,780,739,774,744,733
B,940,874,829,762,796,781,738,772,744,735
B,942,875,829,762,797,780,738,773,746,734
B,939,876,829,761,797,780,738,774,744,734
B,938,872,829,762,797,781,738,775,746,735
B,940,875,828,762,798,780,738,773,744,733
B,939,878,829,763,798,779,738,774,744,734
B,940,874,830,761,796,779,739,772,745,734
B,937,875,829,762,798,779,738,774,744,735
B,937,873,830,761,798,780,739,774,744,733
B,940,877,828,762,797,779,739,773,746,735
B,939,877,829,762,798,781,738,774,745,735
B,942,876,829,760,798,781,739,774,746,735
B,942,875,829,762,799,780,739,775,743,736
B,941,877,829,760,797,780,739,774,745,734
B,941,874,829,762,799,780,739,774,745,735
B,939,874,829,761,797,780,738,773,746,735
B,938,874,829,761,797,781,739,775,744,732
B,946,873,830,761,798,780,738,774,744,735
B,937,873,829,762,798,781,739,774,745,733
B,938,874,828,762,800,782,737,773,746,733
B,937,875,829,762,798,781,737,773,745,734
B,940,875,830,761,797,779,739,774,746,734
B,939,872,829,762,799,780,737,771,746,735
B,939,874,828,762,799,779,739,774,745,734
B,941,874,829,762,800,780,738,774,745,734
B,941,874,829,763,799,781,738,773,743,735
B,938,876,830,762,800,781,738,774,745,735
B,941,874,828,761,800,780,739,772,744,735
B,941,876,829,761,799,780,738,774,745,735
B,941,874,828,763,799,781,738,774,746,735
B,941,876,829,762,796,781,739,774,747,735
B,941,876,828,763,798,781,739,774,746,734
B,941,878,827,764,798,781,738,774,744,733
B,941,875,829,762,797,783,740,774,746,734
B,941,873,830,760,798,780,739,774,744,734
B,939,876,828,762,798,780,739,772,745,735
B,941,872,829,763,797,781,738,773,745,734
B,941,875,828,762,798,781,738,772,744,733
B,938,874,829,762,797,780,738,774,746,735
B,938,874,830,762,800,780,739,774,745,733
B,940,874,829,762,797,782,739,774,744,733
B,942,876,829,763,798,779,738,774,745,733
B,940,874,828,762,799,780,738,775,744,735
B,936,870,829,761,800,780,737,774,746,734
B,940,876,828,761,798,780,739,775,746,734
B,936,875,828,763,798,780,739,775,745,735
B,939,873,828,762,799,781,738,774,746,734
B,939,873,827,760,799,782,738,775,745,733
B,940,874,828,761,799,780,739,774,747,734
B,938,874,829,762,798,780,738,773,745,733
B,941,875,830,761,798,780,740,774,745,734
B,938,873,829,762,797,780,739,773,745,735
B,941,875,830,763,797,780,739,773,744,734
B,942,874,829,762,797,781,739,775,745,734
B,944,874,828,762,798,781,739,774,743,733
B,937,875,830,763,798,781,739,773,746,733
B,941,876,830,762,797,782,739,774,746,735
B,939,876,828,760,797,780,739,774,744,734
B,941,874,829,762,798,781,739,774,745,734
B,941,875,829,763,799,783,738,775,746,735
B,939,874,829,761,798,781,739,774,747,736
B,939,872,830,762,798,780,738,773,747,734
B,938,874,830,762,800,782,737,775,746,735
B,941,872,830,763,801,782,738,774,743,735
B,942,873,829,762,799,781,739,774,745,735
B,940,874,830,762,799,781,738,774,746,734
B,939,874,830,761,799,779,739,775,745,736
B,940,876,830,761,799,781,739,774,746,735
B,938,873,830,762,798,781,738,775,744,734
B,941,876,830,762,798,781,738,775,746,735
B,938,874,829,762,797,780,739,773,744,734
B,939,872,829,762,798,781,739,775,746,734
B,940,875,829,762,799,781,740,774,747,735
B,942,875,829,763,798,780,738,774,745,734
B,939,877,828,762,797,781,740,773,745,735
B,942,877,829,763,797,780,739,774,745,735
B,943,877,829,762,798,781,739,775,745,734
B,939,874,829,761,797,781,739,775,746,734
B,937,876,830,761,799,780,739,774,745,735
B,940,876,829,762,799,781,738,773,747,735
B,939,875,829,762,797,781,739,775,746,733
B,937,874,827,762,798,780,738,773,744,735
B,939,875,830,762,799,782,739,775,747,735
B,940,874,830,762,797,781,739,774,745,733
B,940,873,830,762,797,781,738,775,745,735
B,942,876,830,763,797,780,739,773,745,734
B,936,875,830,762,799,781,737,774,744,734
B,940,876,829,762,798,781,739,774,746,734
B,939,875,830,761,798,781,739,774,745,734
B,941,875,830,763,797,781,739,774,747,735
B,940,874,830,762,798,780,738,774,746,735
B,941,875,829,763,797,781,739,773,745,732
B,938,875,829,762,798,781,739,773,746,735
B,938,875,830,762,796,780,738,773,744,735
B,942,874,830,761,797,781,739,773,746,735
B,941,876,828,761,797,781,739,775,744,735
B,942,872,829,762,797,781,738,774,746,734
B,940,874,830,762,797,779,739,773,746,735
B,939,873,831,760,797,781,738,773,744,734
B,936,878,830,762,797,782,737,774,746,733
B,939,875,829,760,795,779,737,776,745,734
B,940,875,830,762,797,781,738,774,745,732
B,940,874,829,762,797,780,739,773,746,734
B,943,873,827,762,797,779,739,774,746,734
B,937,874,829,761,798,782,740,774,745,734
B,938,876,829,763,797,780,738,775,747,734
B,942,873,830,762,796,782,737,773,746,734
B,940,874,829,763,796,781,738,774,745,734
B,943,872,831,764,797,781,739,773,744,734
B,938,875,828,762,798,780,738,774,746,734
B,938,875,829,762,797,780,738,773,745,735
B,940,874,828,761,795,781,738,774,747,735
B,939,874,829,762,799,780,739,773,745,737
B,938,878,829,763,798,782,739,775,746,733
B,941,872,829,762,797,782,738,773,746,734
B,941,873,830,763,797,782,738,774,747,734
B,937,876,830,760,797,781,739,775,746,734
B,942,872,830,761,796,782,739,774,745,734
B,939,876,830,761,797,782,738,775,745,736
B,940,874,830,761,797,781,739,775,745,733
B,941,875,830,763,797,782,739,774,746,734
B,939,873,827,761,798,781,739,773,745,735
B,940,873,828,762,795,782,740,773,747,735
B,942,873,830,761,795,780,738,772,746,733
B,938,872,829,762,797,781,740,774,747,734
B,938,873,829,762,797,782,739,773,747,734
B,939,874,830,762,796,780,739,774,745,734
B,937,873,829,761,796,780,738,776,744,734
B,941,876,830,763,795,781,738,774,744,735
B,939,874,827,762,795,779,738,773,746,734
B,942,874,830,762,795,781,739,775,746,733
B,938,875,830,761,797,781,738,775,746,734
B,939,876,830,761,796,781,739,774,746,733
B,939,873,829,761,795,779,738,774,745,736
B,938,873,830,762,797,781,739,774,746,734
B,939,875,829,761,796,781,739,775,745,735
B,939,875,829,763,797,781,738,775,746,734
B,940,875,830,762,797,780,738,774,744,735
B,938,875,828,763,796,781,739,773,746,735
B,942,875,829,762,796,782,739,774,747,734
B,940,875,831,761,797,780,738,774,747,735
B,938,874,830,762,798,780,738,774,747,734
B,942,874,829,762,796,780,738,774,748,734
B,941,874,830,762,797,781,739,773,743,734
B,939,875,831,763,797,780,737,775,744,733
B,937,873,830,761,797,782,739,773,746,733
B,940,873,830,761,796,781,740,774,745,733
B,937,877,830,761,795,781,738,774,745,733
B,938,873,829,762,797,781,739,773,746,734
B,938,874,830,764,796,781,738,772,746,735
B,937,876,829,760,796,780,738,773,745,733
B,939,875,831,762,795,780,740,772,746,735
B,936,872,828,761,795,781,739,774,745,733
B,938,872,830,762,797,780,739,775,746,735
B,940,875,829,763,795,781,738,775,745,734
B,940,874,830,762,798,779,739,774,746,735
B,941,876,829,761,797,779,738,774,744,734
B,936,876,829,764,797,782,738,775,745,735
B,941,875,829,762,797,780,739,774,746,737
B,941,875,829,762,796,782,737,774,746,735
B,941,874,830,762,797,780,740,774,745,734
B,940,875,829,761,796,782,739,775,745,734
B,939,873,829,763,798,779,739,773,745,733
B,938,876,831,761,798,781,738,775,747,735
B,938,872,829,761,796,780,738,774,746,735
B,940,874,830,762,798,782,739,773,746,733
B,938,875,829,761,797,781,739,774,747,734
B,939,873,829,762,797,780,738,774,744,736
B,939,876,830,763,796,782,739,775,747,735
B,940,872,830,761,796,781,738,774,746,734
B,939,874,830,762,798,780,740,775,747,734
B,938,876,831,761,796,780,739,774,745,734
B,937,875,829,762,798,780,739,775,746,733
B,937,875,828,763,797,779,739,774,746,735
B,939,876,829,763,798,780,739,775,744,734
B,940,871,829,764,795,780,738,773,745,735
B,940,874,830,761,797,780,738,774,746,733
B,938,874,829,761,797,781,739,774,746,735
B,940,873,831,762,796,781,738,774,745,735
B,937,876,829,763,797,781,739,775,745,732
B,941,875,830,761,798,782,739,775,747,734
B,939,873,827,761,796,781,739,774,747,734
B,939,873,829,762,797,781,738,774,747,734
B,938,872,830,762,797,780,739,775,745,734
B,940,874,830,763,797,779,739,775,745,734
B,940,873,829,762,797,780,739,774,747,735
B,937,876,830,763,798,782,739,775,747,735
B,942,874,829,763,799,780,739,775,748,734
B,937,875,831,762,798,780,738,773,747,735
B,941,874,830,763,799,781,738,775,747,735
B,938,875,828,761,796,782,740,774,747,735
B,940,874,829,762,798,781,739,774,746,735
B,940,872,830,763,798,782,740,775,747,736
B,939,876,831,762,799,780,739,775,748,734
B,940,873,829,763,797,781,739,774,746,735
B,940,876,830,761,798,780,739,775,745,735
B,939,873,829,761,797,781,739,774,747,733
B,940,876,830,762,797,780,739,773,745,736
B,939,874,829,761,799,782,738,774,747,735
B,941,873,829,761,799,781,738,775,746,734
B,940,871,830,762,797,780,739,774,747,735
B,938,876,831,761,799,782,740,773,744,734
B,940,872,830,761,799,781,739,774,745,735
B,938,872,830,761,801,780,739,774,748,735
B,939,872,829,761,800,781,738,774,745,733
B,939,873,830,763,798,781,740,775,746,735
B,939,875,831,762,799,782,739,774,747,734
B,939,875,829,762,801,782,739,772,746,735
B,938,874,830,761,797,780,738,774,747,733
B,938,874,830,762,798,780,739,776,748,737
B,941,872,829,762,799,780,739,775,746,733
B,941,872,828,763,799,782,739,774,745,735
B,941,876,831,763,797,782,738,774,745,733
B,938,873,831,762,797,782,740,774,748,737
B,938,875,831,762,799,781,739,774,746,735
B,938,873,829,761,795,782,740,774,745,736
B,941,876,830,762,799,780,739,773,746,735
B,941,873,831,763,797,781,738,775,746,735
B,941,875,830,762,797,782,738,774,747,735
B,936,871,831,763,799,782,738,774,748,735
B,938,874,830,762,798,780,739,772,745,735
B,939,872,829,762,797,780,740,774,746,735
B,940,874,830,763,799,781,740,775,748,733
B,940,874,830,762,798,781,739,775,748,733
B,940,872,830,762,797,781,739,774,748,735
B,939,874,829,761,797,780,739,773,746,734
B,939,874,830,762,797,783,739,774,747,735
B,939,872,831,762,798,781,740,774,747,734
B,941,873,830,763,799,781,738,773,748,733
B,937,876,830,762,797,781,739,775,748,733
B,938,873,829,762,799,782,739,774,748,733
B,939,874,829,761,799,781,740,773,748,734
B,937,872,830,762,797,781,740,773,748,734
B,940,875,829,761,799,781,739,775,747,733
B,941,875,831,762,798,782,739,774,745,736
B,938,873,828,761,798,780,738,775,747,733
B,940,873,831,761,799,781,739,774,747,734
B,943,872,829,763,798,780,739,775,745,734
B,937,875,831,762,799,781,740,775,747,735
B,938,874,831,762,798,780,740,773,745,734
B,939,872,831,762,799,782,738,775,747,733
B,939,874,830,762,799,781,740,774,748,735
B,937,874,830,762,799,781,738,774,746,735
B,939,873,829,763,797,782,740,774,747,732
B,937,872,829,761,797,784,739,774,747,733
B,941,875,831,762,797,780,739,774,747,734
B,937,874,831,762,798,782,738,775,745,733
B,941,874,830,763,798,780,739,774,747,734
B,941,875,830,762,798,780,739,773,746,736
