X,927,887,918,752,899,818,880,833,878,782
X,927,888,918,753,897,818,880,834,880,781
X,929,885,917,752,897,818,880,833,878,780
X,926,886,917,752,896,817,879,834,880,780
X,928,887,916,753,896,818,878,835,880,781
X,928,887,917,752,895,819,879,834,880,781
X,926,885,917,753,897,818,879,833,878,780
X,925,887,915,753,898,818,880,834,878,780
X,926,885,915,753,898,818,880,835,877,781
X,924,886,915,752,899,817,879,835,879,781
X,929,887,915,753,897,818,879,832,878,782
X,925,888,915,753,897,818,880,833,880,781
X,927,888,914,752,897,818,879,835,878,780
X,929,886,915,752,896,818,880,833,879,780
X,927,887,914,752,899,819,879,835,878,780
X,926,885,914,753,897,817,879,834,877,781
X,928,886,913,752,895,818,880,832,877,781
X,934,886,912,751,895,818,879,835,878,780
X,924,888,913,753,897,817,879,834,878,781
X,930,886,913,752,895,818,880,835,878,781
X,929,886,914,751,897,818,879,831,875,782
X,932,886,913,751,898,819,880,833,881,781
X,926,888,913,753,896,819,880,835,877,780
X,930,885,912,752,895,817,879,834,880,780
X,930,887,912,751,897,818,880,832,880,780
X,928,886,912,752,895,817,879,834,876,780
X,925,889,912,752,896,819,879,835,874,780
X,927,886,912,751,895,819,878,837,880,780
X,930,886,912,752,896,819,879,833,880,780
X,928,886,910,753,898,818,879,835,880,780
X,922,885,911,754,895,817,879,834,877,781
X,926,888,912,753,896,816,880,833,881,779
X,929,885,912,752,895,819,879,833,880,780
X,926,885,913,753,897,818,880,833,877,779
X,924,888,913,751,898,817,878,834,879,780
X,928,887,912,752,897,818,880,834,878,780
X,927,887,913,753,898,818,878,833,878,780
X,929,886,912,751,897,817,880,832,880,779
X,929,884,913,752,897,817,879,833,880,779
X,927,884,912,753,895,818,878,831,877,782
X,928,886,911,753,896,818,879,833,879,781
X,929,886,912,751,896,817,879,833,879,780
X,929,886,912,752,897,818,880,835,878,781
X,926,885,912,753,896,818,878,833,882,781
X,929,886,912,753,895,818,878,830,879,781
X,929,883,911,751,897,818,878,835,881,779
X,924,886,912,751,898,818,880,835,881,779
X,925,888,912,751,896,817,878,834,878,780
X,926,886,912,752,896,817,879,835,880,779
X,930,885,911,751,896,818,880,833,880,779
X,930,886,912,751,896,818,878,833,883,781
X,928,887,912,751,897,817,880,832,882,779
X,928,886,912,752,895,817,878,833,881,780
X,928,886,911,752,896,817,879,834,878,779
X,924,887,912,752,895,817,879,834,878,781
X,924,885,913,751,898,818,876,833,878,781
X,927,883,912,751,900,820,879,836,878,778
X,926,887,912,752,897,817,879,833,881,780
X,927,885,912,751,897,817,879,835,880,780
X,923,884,912,750,898,818,879,834,881,781
X,925,885,912,752,897,817,879,833,878,780
X,927,886,911,751,898,818,880,832,879,781
X,926,885,912,751,896,817,878,833,881,782
X,928,886,910,751,898,817,879,834,881,780
X,925,886,912,750,897,818,879,834,880,781
X,928,885,912,751,900,817,881,835,879,780
X,927,885,911,751,900,817,879,834,881,781
X,926,886,912,751,898,818,879,833,881,781
X,929,885,910,749,899,817,878,832,879,780
X,927,884,911,751,898,817,879,833,883,780
X,928,883,912,751,897,817,880,833,881,782
X,929,886,911,750,896,816,879,832,881,782
X,925,886,912,750,896,818,879,833,882,780
X,932,885,911,748,898,817,880,833,882,780
X,928,886,912,750,898,818,880,831,879,779
X,926,883,911,748,899,817,881,833,881,780
X,927,884,912,749,897,818,881,833,882,779
X,926,886,911,750,897,816,879,832,881,780
X,927,884,911,750,897,817,880,834,884,780
X,927,884,912,749,897,817,880,834,883,779
X,925,884,912,749,896,817,879,834,882,778
X,931,884,911,749,895,818,880,832,883,781
X,927,884,911,748,898,816,880,835,882,779
X,928,884,912,750,896,817,880,832,881,778
X,924,884,912,749,898,816,881,834,884,780
X,925,885,910,749,897,816,879,832,880,780
X,930,882,912,748,894,817,880,832,881,779
X,926,885,911,749,898,817,880,834,884,780
X,923,886,910,750,897,817,880,833,881,779
X,926,884,911,749,896,817,879,832,883,779
X,928,885,911,749,897,817,881,831,881,780
X,928,883,911,748,899,820,883,832,885,780
X,926,885,911,749,897,817,878,832,882,779
X,926,885,911,751,898,816,879,831,881,781
X,924,883,911,750,896,817,880,832,883,778
X,925,881,910,749,895,815,879,833,882,779
X,927,884,911,748,897,817,880,831,880,778
X,928,884,910,748,896,816,880,834,881,779
X,924,885,911,749,897,817,879,831,885,781
X,924,882,913,748,897,816,879,833,884,779
X,924,885,911,748,897,816,880,833,883,779
X,928,885,911,750,897,816,879,833,880,781
X,925,885,911,748,898,816,880,832,882,779
X,923,883,911,750,894,818,878,832,881,779
X,925,884,911,750,898,816,878,832,882,778
X,925,883,912,749,896,816,879,834,882,778
X,924,883,911,749,898,817,880,832,883,780
X,929,880,911,749,897,816,879,833,884,778
X,927,882,912,749,898,816,879,834,882,779
X,929,888,912,751,899,815,880,833,884,780
X,926,883,911,749,896,817,878,833,882,779
X,925,882,911,748,896,816,880,833,883,781
X,924,882,912,749,896,816,879,833,883,779
X,924,884,911,750,897,815,880,833,882,780
X,924,882,912,748,898,816,880,831,882,779
X,925,885,909,749,894,816,878,834,882,779
X,926,882,910,748,897,816,878,833,884,781
X,932,878,911,749,895,816,879,834,884,781
X,926,884,911,749,896,816,880,833,883,781
X,927,883,910,749,895,816,879,832,884,781
X,925,885,910,749,896,816,880,831,878,785
X,929,882,912,749,895,815,880,833,881,784
X,928,882,910,750,895,816,880,833,883,785
X,928,883,910,748,895,816,878,833,884,782
X,928,883,910,749,896,815,878,832,884,783
X,922,882,911,748,893,816,879,832,883,785
X,923,882,910,748,895,817,880,832,883,783
X,927,884,910,749,897,816,879,834,882,783
X,927,884,912,748,895,817,880,833,881,783
X,924,884,911,748,895,815,878,834,883,781
X,925,883,910,749,894,815,880,832,882,783
X,923,884,910,749,896,816,879,832,882,783
X,929,879,910,748,897,816,878,833,883,785
X,928,882,911,750,895,815,878,834,880,785
X,929,882,909,748,895,817,879,833,881,784
X,929,883,910,748,895,816,879,832,881,783
X,930,880,912,749,896,816,879,833,883,780
X,924,884,910,749,896,816,878,833,883,779
X,928,882,911,749,894,816,878,832,883,780
X,924,882,910,749,893,816,880,832,883,778
X,928,884,911,749,896,815,879,831,886,777
X,922,883,910,748,895,816,880,833,883,778
X,927,880,913,747,895,816,879,834,882,778
X,929,884,910,747,894,814,878,832,883,779
X,924,882,911,749,896,816,878,833,883,780
X,928,884,912,750,896,816,878,832,884,778
X,925,883,910,748,895,816,879,831,883,779
X,922,882,910,749,898,817,880,832,883,780
X,924,882,909,748,895,815,878,833,881,778
X,925,885,910,749,895,815,877,832,884,778
X,925,882,910,749,897,817,879,830,882,780
X,928,882,910,748,894,815,880,830,883,776
X,924,885,910,748,895,815,878,831,882,778
X,927,882,911,750,896,815,878,833,879,779
X,924,881,910,749,895,817,877,831,881,777
X,927,884,911,747,894,816,878,832,880,779
X,926,882,909,749,896,817,879,833,882,778
X,926,882,911,748,895,815,878,833,883,780
X,926,880,909,748,895,817,879,832,883,780
X,925,882,909,749,895,816,878,834,880,779
X,923,881,910,748,896,816,878,832,884,779
X,927,880,908,749,896,814,876,832,882,779
X,925,884,910,749,895,816,877,831,880,779
X,922,882,910,748,895,815,878,833,885,779
X,922,884,910,748,895,816,878,831,883,777
X,924,883,911,749,895,815,878,833,883,779
X,925,880,910,748,896,816,878,832,881,779
X,923,883,910,749,897,816,878,831,883,778
X,925,883,909,747,895,816,877,833,883,779
X,926,881,909,748,896,816,879,833,884,778
X,927,880,909,748,896,815,877,832,882,777
X,927,882,911,748,895,815,877,833,881,778
X,923,881,910,748,895,813,880,833,885,779
X,926,882,910,748,894,815,878,834,877,781
X,925,882,909,749,896,816,878,833,884,779
X,925,882,909,749,894,815,878,833,882,779
X,923,883,910,748,894,816,879,832,885,778
X,924,883,909,748,894,817,879,831,882,779
X,928,883,909,749,896,816,878,833,883,777
X,927,883,911,749,895,816,879,830,883,779
X,926,882,910,749,895,815,879,831,879,779
X,926,882,909,750,894,815,879,833,884,778
X,924,883,909,748,894,815,878,834,884,779
X,924,881,910,749,897,815,877,833,883,778
X,925,878,911,749,893,816,878,833,883,779
X,927,880,910,749,893,816,878,832,883,778
X,926,878,913,747,896,815,879,833,880,779
X,928,882,909,748,894,816,877,831,880,779
X,925,882,910,749,895,816,878,831,880,778
X,922,880,909,749,896,816,879,833,881,779
X,927,883,910,748,896,814,877,831,881,778
X,925,882,910,750,894,816,878,831,880,780
X,925,879,909,749,895,814,879,830,884,778
X,922,883,909,750,895,816,878,831,883,777
X,924,882,911,749,895,816,879,831,881,778
X,928,882,909,749,893,815,877,831,882,780
X,925,880,911,747,893,814,878,831,880,777
X,926,882,910,749,892,815,877,833,883,778
X,925,881,908,750,893,815,879,831,881,777
X,921,883,910,747,894,815,878,833,884,779
X,926,882,910,749,895,815,880,831,885,780
X,925,881,910,749,894,815,878,831,882,777
X,925,883,910,749,892,815,877,831,882,779
X,923,880,910,748,893,814,878,831,882,777
X,930,881,909,748,894,814,878,831,881,779
X,924,880,910,750,894,814,879,831,883,777
X,926,880,910,750,896,815,877,833,885,778
X,925,882,909,749,895,814,878,832,883,779
X,928,883,910,750,895,815,879,832,882,778
X,923,880,910,749,893,815,876,832,883,779
X,923,882,910,749,894,813,878,832,882,779
X,924,880,910,750,894,815,877,833,881,779
X,927,881,909,750,898,813,879,831,882,779
X,924,882,909,750,895,816,879,832,881,779
X,925,882,909,749,896,815,877,833,884,777
X,927,880,911,751,894,815,878,833,880,778
X,925,881,910,750,895,815,878,832,881,780
X,923,881,910,750,893,814,879,831,884,779
X,928,881,910,749,891,813,878,831,882,777
X,925,880,909,748,886,813,878,831,881,776
X,927,879,910,749,892,814,877,832,879,776
X,922,881,910,750,894,813,878,830,883,779
X,925,881,910,750,894,815,877,831,876,778
X,926,880,910,749,892,814,879,831,882,777
X,927,882,909,750,893,814,877,832,882,779
X,927,881,909,749,894,814,877,830,884,778
X,925,881,909,749,893,813,878,830,880,778
X,925,882,910,750,893,814,879,830,880,780
X,928,879,911,749,894,815,878,830,882,778
X,925,882,909,749,893,814,878,832,883,778
X,927,882,908,749,892,814,877,829,881,779
X,926,881,910,750,893,814,877,832,885,778
X,923,881,909,751,893,815,879,830,883,778
X,928,880,909,749,894,813,877,830,882,778
X,924,877,909,749,892,813,877,830,883,777
X,927,879,911,750,893,814,878,831,884,778
X,928,881,911,749,892,814,879,832,881,778
X,927,882,910,750,893,813,878,832,882,778
X,926,879,911,750,893,813,878,830,884,780
X,924,880,909,751,894,814,877,833,881,778
X,923,880,910,749,891,814,877,833,883,778
X,924,881,910,750,892,812,876,832,883,779
X,927,882,910,749,893,813,877,832,883,779
X,922,882,911,750,893,814,879,832,881,776
X,927,881,910,750,889,813,877,830,883,778
X,929,881,909,749,892,814,877,832,881,777
X,923,881,911,749,893,814,877,831,884,777
X,926,881,911,749,891,816,879,833,878,777
X,928,882,911,749,889,814,878,831,882,778
X,921,882,908,751,892,814,876,831,884,778
X,919,880,909,749,890,813,877,831,883,778
X,924,883,910,751,894,814,876,831,881,779
X,922,880,911,750,891,813,877,830,882,777
X,926,881,910,750,891,812,877,830,882,778
X,925,881,909,748,895,812,880,830,879,778
X,924,881,909,750,893,813,877,833,889,778
X,926,881,908,750,892,814,878,831,884,778
X,924,879,909,749,892,814,879,832,884,778
X,924,880,911,748,892,814,878,829,884,778
X,926,880,909,749,891,814,878,831,880,779
X,917,883,910,750,894,813,877,831,881,777
X,922,880,909,750,893,813,878,832,884,778
X,924,879,910,750,894,814,877,833,883,778
X,927,881,910,750,893,814,877,831,880,778
X,927,881,910,751,893,814,878,831,881,777
X,927,882,909,750,893,812,877,830,883,778
X,926,880,910,751,889,813,877,833,882,777
X,924,880,910,750,890,814,878,831,882,778
X,927,880,909,750,891,812,878,830,884,779
X,924,880,909,749,890,814,878,831,878,777
X,927,879,910,750,892,813,878,831,884,778
X,922,879,911,750,891,813,876,831,884,778
X,925,880,909,750,892,811,876,830,882,777
X,925,880,910,749,894,813,879,832,873,780
X,925,877,909,750,891,814,876,831,881,779
X,926,880,909,751,892,814,879,831,880,777
X,922,881,909,751,893,814,878,830,884,779
X,926,882,909,750,893,814,878,831,881,777
X,925,880,910,751,892,814,878,831,883,778
X,927,879,909,751,893,814,876,829,880,777
X,925,880,910,749,892,813,877,833,884,778
X,923,881,909,749,891,814,877,829,884,779
X,926,880,910,750,892,812,877,832,883,779
X,924,878,909,750,893,813,878,832,880,778
X,926,879,910,749,893,814,877,831,881,778
X,926,879,908,750,892,812,876,831,882,779
X,924,881,908,748,890,813,878,830,883,777
X,924,880,909,749,892,813,878,832,883,777
X,925,879,910,751,891,811,877,830,882,777
X,924,879,909,751,893,813,877,832,884,779
X,923,881,909,749,892,814,876,832,882,777
X,926,879,909,751,892,813,878,831,881,778
X,928,879,910,749,894,811,879,829,881,779
X,925,879,911,751,892,813,878,830,886,778
X,929,880,909,750,890,813,877,830,883,778
X,927,879,910,750,893,813,876,830,884,779
X,925,881,910,751,892,812,876,832,881,777
X,925,881,910,751,891,812,877,831,881,776
X,927,881,907,750,889,813,878,831,880,778
X,927,879,910,751,890,813,877,832,885,779
X,926,879,909,751,891,813,877,831,882,778
X,926,880,910,750,893,814,877,831,883,778
X,924,880,910,751,892,813,877,831,879,777
X,924,879,908,750,893,814,877,830,883,778
X,923,880,909,751,890,812,877,831,882,777
X,926,878,910,750,890,812,878,831,881,778
X,925,880,909,751,892,814,878,829,881,777
X,924,879,910,751,893,811,877,830,883,777
X,924,878,909,749,893,813,877,830,881,776
X,926,882,909,751,892,813,876,830,882,779
X,926,879,909,752,893,813,876,830,882,777
X,925,878,909,749,889,813,879,828,884,780
X,925,880,909,751,891,813,877,830,880,776
X,926,879,910,750,893,813,878,831,882,777
X,932,880,909,750,892,812,874,831,884,778
X,921,881,908,750,891,812,876,831,881,779
X,926,879,909,750,890,813,877,830,883,778
X,924,880,909,750,892,812,877,832,884,778
X,926,879,909,750,891,812,876,830,880,777
X,927,881,909,750,891,812,878,830,882,779
X,927,879,909,751,892,813,876,829,883,779
X,926,879,908,750,891,813,877,830,883,777
X,925,881,910,751,893,814,878,827,881,778
X,922,878,910,751,893,812,877,832,884,778
X,927,881,906,753,890,812,877,830,881,778
X,925,880,909,750,892,813,877,831,882,777
X,922,879,909,750,891,812,879,829,882,778
X,927,879,909,750,891,812,877,831,885,778
X,925,879,907,750,891,813,878,830,883,777
X,925,880,909,751,888,814,876,829,883,779
X,923,879,910,750,891,812,878,830,880,778
X,922,881,910,750,890,812,878,829,884,779
X,925,880,909,752,892,812,878,830,883,777
X,924,878,908,750,893,813,877,830,883,777
X,921,879,908,749,891,812,878,829,884,778
X,927,879,909,750,891,812,877,830,882,777
X,926,879,908,751,890,813,878,830,881,779
X,925,880,908,751,891,811,876,830,882,778
X,923,879,907,751,892,813,878,829,882,778
X,922,881,907,751,890,812,877,830,881,777
X,924,879,907,750,890,811,877,831,882,777
X,926,879,907,750,891,813,877,830,881,777
X,925,878,908,751,890,813,878,830,883,778
X,925,879,907,750,892,812,876,829,885,776
X,925,881,907,751,891,812,877,829,879,777
X,930,878,908,751,890,813,878,829,881,778
X,923,879,906,750,891,813,877,830,885,778
X,926,879,906,752,889,813,877,831,880,777
X,921,879,908,751,892,813,875,830,883,777
X,927,880,907,750,893,813,877,831,880,778
X,922,878,907,751,892,812,876,830,881,778
X,922,879,907,751,891,812,877,830,884,778
X,923,880,907,750,892,812,878,830,882,778
X,923,880,908,750,892,814,876,831,885,777
X,924,879,907,751,893,813,877,832,881,777
X,926,879,908,750,892,812,877,828,882,779
X,924,878,908,749,890,813,877,831,883,776
X,924,878,907,751,891,812,876,830,883,777
X,930,879,908,751,890,813,876,830,883,778
X,927,878,906,750,890,812,877,828,882,778
X,928,878,906,750,891,812,876,829,881,778
X,928,878,907,750,892,812,878,829,881,777
X,921,879,906,751,890,811,875,828,882,778
X,923,878,908,750,890,813,877,831,883,778
X,927,879,908,751,891,814,877,830,883,776
X,925,877,908,750,889,812,876,831,881,778
X,924,878,907,751,892,813,877,832,884,778
X,923,879,907,750,889,812,877,831,882,778
X,923,880,907,750,893,811,876,830,879,777
X,928,880,906,751,891,812,876,829,884,777
X,921,875,910,750,891,813,877,830,883,778
X,925,877,907,750,890,812,876,830,882,777
X,924,879,906,750,892,812,877,830,882,778
X,923,882,908,750,890,812,878,832,881,779
X,927,877,907,751,889,813,877,830,884,779
X,927,880,908,751,890,812,875,830,883,778
X,925,877,907,751,890,811,876,829,881,777
X,922,880,907,749,890,812,876,832,880,777
X,925,878,907,750,890,813,876,831,881,775
X,925,879,907,749,891,812,876,830,879,778
X,924,878,907,751,890,812,877,832,884,777
X,925,878,908,751,890,813,877,830,878,776
X,924,880,906,751,891,813,877,831,884,777
X,923,878,907,751,892,812,877,831,883,779
X,923,876,908,751,890,813,878,830,881,778
X,930,879,906,751,891,812,877,830,882,777
X,923,878,907,751,890,813,877,830,877,776
X,925,877,906,750,892,812,877,829,884,778
X,922,878,908,751,888,812,876,831,882,777
X,927,876,906,750,887,812,876,831,883,778
X,924,880,907,751,889,812,878,829,883,779
X,925,879,908,750,891,812,877,830,881,778
X,923,879,907,749,890,813,876,831,882,776
X,921,877,907,751,892,812,877,829,886,779
X,925,879,907,750,891,813,877,831,882,777
X,920,881,910,750,890,813,875,831,882,778
X,922,879,907,751,890,812,877,829,881,778
X,919,879,906,750,892,812,877,831,881,777
X,926,878,907,750,889,812,877,831,883,777
X,924,877,908,750,892,812,878,831,880,776
X,925,879,909,751,893,812,877,828,883,777
X,927,880,907,750,890,812,875,829,884,778
X,924,879,906,749,890,813,877,830,881,777
X,925,880,906,751,891,812,877,831,883,778
X,923,880,908,750,890,812,877,829,879,777
X,929,881,905,750,891,813,876,831,882,776
X,926,880,905,751,891,812,875,830,883,779
X,927,881,906,751,889,812,876,828,883,776
X,926,877,906,752,889,812,877,829,878,777
X,925,879,907,751,890,811,877,830,882,779
X,923,879,906,750,889,812,877,830,884,777
X,923,880,906,751,890,812,877,830,882,779
X,922,880,906,751,889,813,877,831,881,777
X,926,881,905,750,892,812,877,831,882,778
X,923,879,907,751,890,812,877,831,883,778
X,925,879,907,750,890,812,876,832,880,778
X,921,879,907,749,889,811,876,830,882,778
X,924,879,907,751,890,813,877,829,880,777
X,927,880,907,750,889,812,877,828,884,777
X,925,876,907,749,891,812,878,830,881,777
X,922,878,906,749,889,813,875,829,881,777
X,923,879,907,749,888,813,875,829,881,778
X,923,879,906,751,890,812,877,830,881,780
X,926,879,907,750,889,813,876,830,881,778
X,925,880,907,751,891,812,877,829,882,777
X,923,880,907,750,892,812,876,830,882,777
X,926,880,908,750,892,812,876,830,883,776
X,922,877,905,751,890,812,876,828,881,777
X,923,879,907,751,890,810,876,829,882,778
X,926,878,906,750,891,812,876,831,882,779
X,924,879,906,751,890,812,876,831,882,776
X,922,879,907,751,890,813,877,829,882,777
X,922,878,907,750,892,812,877,830,885,778
X,923,876,903,752,894,811,877,830,883,777
X,927,878,906,750,891,812,878,828,884,776
X,925,878,906,751,888,812,877,831,884,776
X,925,879,906,751,890,812,876,831,885,777
X,927,879,906,752,889,812,876,831,883,775
X,924,879,907,752,890,812,875,830,884,778
X,923,878,906,751,891,812,875,831,886,778
X,924,880,905,752,888,811,877,829,882,777
X,926,878,908,752,888,810,876,829,886,779
X,926,880,907,751,891,813,876,831,883,779
X,926,876,906,752,890,812,878,829,882,779
X,927,879,908,751,890,812,877,829,884,777
X,928,880,907,752,889,812,876,831,881,777
X,923,877,906,751,889,811,878,830,886,777
X,924,877,906,752,890,812,876,828,883,778
X,925,880,906,751,889,812,877,829,882,777
X,927,877,907,752,889,812,876,830,884,779
X,932,880,906,753,889,812,876,829,881,778
X,924,880,907,751,888,812,877,829,884,778
X,923,877,906,750,889,811,878,830,887,776
X,924,877,906,751,891,812,877,829,884,777
X,923,879,907,753,890,812,876,830,886,779
X,924,878,907,751,891,812,875,831,886,777
X,927,879,907,752,891,813,878,831,883,777
X,923,879,907,752,890,812,876,831,882,777
X,927,880,907,752,890,811,878,829,886,779
X,926,880,906,752,890,811,875,831,885,779
X,927,880,908,752,889,812,876,830,886,778
X,926,877,906,751,890,811,878,829,882,778
X,926,878,907,752,889,812,877,830,881,779
X,927,877,907,753,888,813,875,832,888,777
X,924,879,907,752,890,812,877,830,884,778
X,927,880,907,752,890,812,875,829,884,778
X,923,878,908,752,889,810,876,831,884,778
X,925,878,906,753,888,811,875,832,884,779
X,922,877,907,751,891,811,877,828,882,779
X,926,879,906,751,890,812,876,831,885,778
X,926,879,906,751,888,811,877,831,882,778
X,927,877,907,752,890,812,877,831,886,778
X,924,879,906,752,889,812,877,828,885,778
X,924,879,907,751,890,812,877,829,884,777
X,927,876,906,751,890,812,877,832,885,779
X,926,878,907,752,890,813,875,829,886,778
X,926,879,906,752,890,812,877,831,885,778
X,926,879,906,753,891,812,878,830,886,777
X,922,875,907,752,892,812,876,830,885,777
X,927,878,906,752,891,812,876,832,884,778
X,922,880,906,753,892,812,878,830,886,778
X,924,878,906,752,892,811,876,829,884,779
X,922,879,906,752,892,812,878,831,885,778
X,927,876,906,754,890,811,878,828,885,776
X,926,879,907,751,892,812,877,830,885,777
X,923,880,906,752,890,811,877,829,886,777
X,923,876,907,753,893,812,878,829,885,777
X,922,879,907,753,891,811,877,831,887,776
X,926,879,907,754,891,811,877,829,884,778
X,925,878,906,753,892,811,877,831,882,780
X,925,879,906,752,892,812,876,831,886,778
X,921,877,907,754,891,811,877,828,883,780
X,924,877,904,754,893,811,878,831,883,778
X,924,880,906,753,893,811,877,829,882,778
X,925,878,907,753,893,812,877,830,884,779
X,925,878,905,753,892,811,877,831,884,778
X,921,878,905,754,892,812,877,829,884,779
X,924,879,906,753,892,812,878,831,887,779
X,926,879,907,754,891,810,877,832,879,777
X,924,877,906,753,893,811,877,831,887,779
X,923,878,905,754,893,811,877,828,888,780
X,924,876,906,755,892,811,878,830,886,779
X,925,877,907,754,893,812,876,830,885,777
X,925,876,907,755,894,812,878,830,882,779
X,925,878,906,753,893,812,877,828,885,779
X,925,876,906,755,891,811,878,830,886,778
X,924,876,908,753,892,812,877,831,885,779
X,924,877,907,753,894,811,875,828,887,778
X,928,877,907,755,892,812,877,829,886,777
X,924,878,906,754,893,812,877,830,882,779
X,922,880,907,754,894,811,878,830,884,779
X,924,878,907,755,894,811,877,829,885,778
X,925,874,906,754,892,811,878,830,885,777
X,929,878,909,755,892,810,876,828,887,778
X,927,875,905,754,894,811,877,829,886,778
X,926,878,907,754,892,811,877,830,886,780
X,925,876,906,755,896,812,877,830,886,779
X,927,878,906,755,895,812,878,829,886,777
X,925,877,906,755,892,810,878,827,884,778
X,927,877,906,754,892,812,877,829,885,778
X,925,879,908,755,893,812,877,828,888,780
X,921,877,906,755,893,811,878,829,886,779
X,926,879,907,755,893,810,876,829,884,779
X,923,875,907,754,894,811,876,829,886,779
X,926,876,905,751,892,813,875,827,887,779
X,923,877,906,755,893,811,878,829,885,778
X,926,877,906,755,892,811,878,829,886,778
X,926,878,907,755,894,812,876,830,883,779
X,927,878,906,755,893,812,877,829,883,778
X,923,877,905,752,892,811,878,829,886,778
X,922,877,907,755,892,812,877,829,887,778
X,928,875,907,755,891,811,877,830,886,777
X,926,877,906,754,889,811,878,829,883,778
X,921,876,906,755,893,812,877,829,883,778
X,923,879,907,754,888,812,877,831,888,779
X,924,875,907,754,889,811,877,829,886,779
X,924,881,907,754,888,813,878,829,885,778
X,925,876,907,754,889,812,878,829,884,778
X,927,877,908,755,884,811,877,829,885,779
X,922,876,904,756,891,812,875,829,883,778
X,926,876,906,756,887,811,877,828,885,779
X,924,878,906,755,888,810,877,829,884,778
X,925,879,905,754,888,811,876,830,886,778
X,923,876,906,754,889,810,878,829,886,778
X,926,876,906,753,890,810,877,829,884,778
X,926,875,907,755,886,812,878,829,886,778
X,925,878,906,755,887,811,878,829,883,779
X,922,877,907,754,887,811,876,830,885,778
X,926,877,907,755,888,812,877,830,888,778
X,925,877,906,755,887,811,879,826,884,777
X,920,878,904,755,889,813,876,829,886,777
X,926,875,906,755,891,812,879,829,887,780
X,924,877,906,754,888,810,878,830,883,780
X,927,876,906,755,888,810,875,828,888,780
X,926,875,907,755,889,811,876,830,885,779
X,922,875,906,756,887,810,877,830,883,778
X,926,876,907,755,888,812,878,830,883,777
X,924,876,908,756,887,812,877,829,885,779
X,923,875,909,755,886,812,879,827,884,779
X,924,875,905,755,886,811,876,827,887,779
X,925,875,907,755,889,809,876,830,883,780
X,922,875,905,755,888,812,877,830,886,779
X,924,874,907,755,888,810,876,830,886,779
X,922,877,908,755,886,812,878,830,887,779
X,924,877,906,754,886,810,876,828,887,781
X,925,876,906,755,887,811,877,830,885,780
X,925,875,907,757,889,811,877,828,884,780
X,924,876,908,756,889,812,878,828,886,781
X,921,874,906,755,888,810,876,829,886,783
X,924,875,907,755,889,810,876,830,884,780
X,927,875,907,756,889,811,878,827,887,781
X,922,879,905,754,887,811,878,830,882,780
X,925,876,907,756,888,811,877,830,886,781
X,924,873,906,755,886,811,876,828,883,781
X,926,877,906,755,888,811,876,829,886,779
X,922,876,908,756,887,811,877,830,888,779
X,925,875,906,755,887,810,876,830,883,779
X,925,874,907,756,886,812,877,829,887,778
X,926,874,906,756,885,811,877,828,885,780
X,927,876,907,755,885,810,878,827,884,780
X,927,876,906,755,886,810,877,829,882,779
X,921,878,906,758,885,812,876,828,886,779
X,923,877,906,757,887,811,877,829,887,781
X,924,875,906,756,886,812,876,829,886,779
X,919,880,906,756,887,811,877,829,884,780
X,925,875,907,756,888,811,876,830,883,780
X,924,876,906,755,887,811,877,830,883,779
X,922,875,906,755,882,810,876,827,887,779
X,923,874,906,756,888,811,876,827,884,779
X,924,874,907,754,886,811,876,829,883,781
X,921,874,906,755,886,812,879,830,885,779
X,924,877,908,756,887,812,876,828,883,779
X,922,876,905,756,885,810,876,828,885,780
X,924,873,906,756,887,811,876,829,886,778
X,927,877,906,754,888,811,876,831,888,779
X,927,876,906,755,888,811,877,829,886,780
X,924,874,907,755,888,812,877,828,884,778
X,926,875,907,755,886,811,877,830,883,779
X,925,876,906,756,887,811,877,829,886,778
X,928,875,906,755,887,812,877,829,882,779
X,924,876,906,756,887,811,877,828,883,780
X,925,876,905,755,887,812,877,829,886,779
X,928,876,907,755,886,810,878,830,885,780
X,922,874,906,756,887,811,877,831,882,779
X,925,876,907,756,891,811,876,830,883,778
X,925,874,906,756,885,812,876,830,884,779
X,923,876,906,755,886,811,877,831,886,778
X,925,875,907,755,888,811,877,830,887,781
X,925,873,906,757,884,811,877,828,883,780
X,923,876,905,756,887,811,877,829,881,779
X,923,875,907,756,886,811,877,829,885,778
X,924,872,906,757,888,811,877,830,884,779
X,922,876,906,754,887,811,877,828,885,779
X,925,875,906,756,887,811,877,829,886,780
X,927,875,907,755,886,812,876,830,886,778
X,925,876,906,755,888,812,877,830,885,779
X,925,876,907,756,889,810,875,833,882,778
X,926,875,903,755,887,811,877,830,885,779
X,925,877,906,755,887,811,877,831,886,780
X,925,875,906,755,886,810,877,829,885,781
X,923,875,905,755,886,810,876,829,887,779
X,924,877,907,754,886,812,877,828,882,780
X,923,875,906,755,887,811,874,830,886,780
X,924,876,906,755,888,813,878,829,882,779
X,926,877,905,754,885,814,874,831,886,779
X,926,877,906,756,886,811,876,830,885,779
X,924,875,907,754,888,810,877,827,888,780
X,923,876,905,754,886,810,876,831,883,780
X,927,876,906,755,887,811,876,830,883,780
X,926,874,906,755,887,810,876,828,887,781
X,926,877,907,756,886,810,876,829,887,780
X,924,877,907,756,886,812,876,828,886,779
X,932,877,905,754,887,811,876,828,884,779
X,922,875,905,756,885,812,876,831,886,780
X,924,876,906,755,884,810,875,827,884,779
X,923,875,907,754,886,812,876,830,882,777
X,924,876,906,754,887,810,877,829,887,779
X,923,875,906,755,886,812,876,831,883,778
X,926,875,906,755,886,812,876,828,883,779
X,926,876,904,754,886,812,878,828,883,779
X,925,876,906,754,885,810,876,829,886,777
X,925,874,906,755,886,812,876,828,884,778
X,926,874,905,754,885,811,875,829,882,778
X,922,874,906,755,886,811,875,829,885,780
X,924,876,907,755,886,811,877,828,883,780
X,923,873,905,754,886,811,875,828,882,778
X,928,877,906,755,887,810,876,828,882,779
X,925,875,906,755,887,810,877,828,883,778
X,924,874,906,755,887,811,876,829,885,777
X,924,877,906,756,885,811,877,830,885,779
X,925,875,905,754,885,811,877,829,885,780
X,926,875,907,754,886,811,877,829,886,781
X,924,875,906,755,888,811,876,829,885,778
X,920,877,905,754,885,810,876,829,885,778
X,919,874,905,753,886,810,876,828,885,779
X,925,877,906,754,887,812,877,828,884,778
X,922,874,905,753,885,811,875,829,886,780
X,923,875,905,753,887,811,877,829,886,780
X,925,876,906,752,888,811,877,829,887,780
X,921,876,905,753,885,810,877,829,885,780
X,922,876,905,754,887,810,876,829,888,781
X,924,874,906,752,884,810,876,827,884,778
X,925,874,905,754,886,810,876,828,884,778
X,923,876,905,754,885,810,879,831,885,779
X,924,875,905,753,885,810,876,830,886,779
X,926,876,905,754,887,811,877,830,884,779
X,924,877,906,754,887,811,876,827,883,780
X,925,875,905,755,887,811,876,829,885,779
X,927,878,905,754,887,811,876,828,884,778
X,925,876,904,754,888,811,876,830,886,778
X,924,874,905,753,886,810,876,829,883,779
X,925,875,905,754,886,810,876,829,885,780
X,923,877,905,754,884,811,877,830,886,779
X,922,877,906,753,885,809,875,830,885,779
X,920,875,906,753,884,810,876,826,886,778
X,923,875,905,754,885,810,877,831,889,781
X,922,875,904,752,883,810,875,829,882,778
X,925,874,904,754,885,810,876,829,884,780
X,922,877,904,754,884,810,876,828,888,780
X,924,873,906,753,885,811,877,828,885,778
X,919,874,906,754,886,809,876,829,886,779
X,925,875,907,754,886,812,876,831,883,778
X,921,876,905,753,887,810,876,829,882,778
X,922,876,905,753,887,810,877,830,885,779
X,923,876,906,754,887,810,876,827,883,779
X,922,875,906,754,885,812,877,830,883,779
X,926,874,906,754,885,810,877,828,881,778
X,925,875,906,754,885,811,877,829,883,780
X,918,875,905,753,885,810,876,831,886,778
X,922,876,906,753,886,810,876,829,886,779
X,924,877,906,754,887,810,877,830,884,778
X,923,875,905,754,886,811,876,830,882,780
X,922,874,905,754,885,811,876,830,886,778
X,923,875,906,754,885,809,876,828,885,779
X,921,875,906,754,887,811,878,829,886,778
X,923,876,905,753,886,811,875,830,885,780
X,923,875,906,752,886,811,878,828,887,778
X,923,874,904,754,886,810,878,829,882,780
X,922,875,905,754,884,811,877,828,885,778
X,923,875,905,753,888,809,873,828,883,778
X,925,873,904,752,886,809,876,828,886,778
X,923,876,905,753,886,811,877,830,883,778
X,923,875,905,753,886,810,876,830,880,781
X,924,873,905,754,886,810,876,828,888,778
X,926,874,905,753,886,811,876,830,883,779
X,922,874,906,753,884,811,876,830,882,779
X,922,875,906,753,888,811,876,828,886,778
X,927,875,906,754,885,810,877,829,884,779
X,920,876,906,751,885,810,876,830,887,777
X,922,876,905,752,885,811,877,828,881,777
X,924,876,905,753,887,809,877,827,887,780
X,925,876,906,753,885,811,877,829,886,777
X,926,874,903,753,885,809,875,830,885,778
X,918,875,905,753,886,809,875,828,883,780
X,924,876,906,752,886,810,876,830,882,777
X,927,876,905,753,887,810,876,829,885,777
X,924,875,906,752,883,810,877,829,885,780
X,925,875,906,754,886,810,878,830,884,778
X,922,875,906,752,887,811,876,828,883,778
X,922,874,905,754,887,810,876,829,887,780
X,921,874,907,755,888,812,875,827,885,779
X,926,875,907,755,889,810,876,827,882,779
X,925,874,905,753,885,810,877,830,887,779
X,922,876,906,754,885,811,875,830,882,778
X,926,876,905,755,886,811,877,828,884,778
X,926,875,905,753,886,810,875,829,886,778
X,922,875,905,753,886,810,877,830,886,777
X,927,876,905,753,885,810,877,827,885,779
X,919,874,905,754,884,811,876,829,886,779
X,924,874,906,752,885,810,876,829,883,779
X,921,874,906,754,885,811,877,830,883,779
X,922,875,904,754,886,810,876,828,883,779
X,925,874,904,754,885,810,877,830,883,779
X,921,877,905,751,884,810,875,830,885,779
X,923,873,905,753,886,810,877,828,885,779
X,923,874,905,754,885,810,876,828,884,778
X,924,873,905,752,885,810,877,830,885,779
X,923,875,904,752,885,811,876,828,887,778
X,924,877,906,753,884,811,875,828,884,778
X,921,877,904,754,883,811,875,827,882,777
X,924,874,906,754,885,810,875,830,886,778
X,924,877,906,753,886,811,876,828,885,778
X,921,874,906,752,884,809,877,830,885,778
X,926,875,905,753,886,811,876,828,881,778
X,924,873,904,754,886,811,876,828,884,777
X,923,875,906,753,887,809,876,827,883,778
X,923,874,905,754,885,809,875,828,885,778
X,922,874,906,752,886,810,876,830,884,779
X,924,875,905,753,886,810,876,829,884,779
X,922,874,905,752,884,809,876,829,881,779
X,924,875,905,753,885,810,875,828,885,778
X,926,874,906,754,886,809,876,827,887,778
X,925,872,905,752,885,809,877,828,886,779
X,920,871,905,753,886,809,876,828,886,780
X,923,873,905,752,886,811,877,830,886,779
X,927,876,904,753,884,811,876,829,885,778
X,922,877,905,754,888,811,876,827,886,777
X,920,871,905,753,884,811,876,828,885,777
X,922,873,905,752,884,810,877,828,886,778
X,922,875,904,754,886,810,877,828,882,779
X,922,874,905,754,886,811,875,828,887,777
X,924,875,905,755,888,808,876,827,883,777
X,924,876,904,752,886,810,876,828,886,779
X,926,874,904,753,884,811,876,829,883,778
X,923,874,906,754,884,810,876,829,883,777
X,926,878,905,753,887,810,875,828,885,778
X,925,876,905,753,886,809,875,828,883,778
X,922,874,904,752,886,810,877,828,885,777
X,923,876,905,752,887,811,877,828,885,779
X,925,876,905,753,885,811,877,827,887,779
X,922,874,904,752,886,810,877,827,886,778
X,925,875,905,753,886,810,876,828,886,778
X,925,876,906,754,884,810,876,829,885,778
X,924,877,905,753,884,809,875,830,881,776
X,924,875,905,752,884,809,876,829,884,779
X,926,875,903,751,886,810,877,830,884,779
X,923,876,904,753,886,809,876,828,884,779
X,922,874,906,751,883,810,876,827,882,780
X,921,877,904,753,884,810,876,827,883,779
X,922,875,907,750,884,811,878,828,885,779
X,923,873,905,753,887,810,876,829,883,778
X,924,876,904,754,884,810,876,829,883,778
X,924,878,905,751,887,810,876,828,886,777
X,920,876,906,753,886,810,876,829,887,777
X,920,876,905,753,885,809,876,829,883,778
X,924,877,905,753,886,810,876,828,887,777
X,922,877,905,752,885,809,876,827,883,778
X,925,876,904,753,885,809,876,827,885,777
X,923,877,906,753,886,811,874,828,882,778
X,923,877,906,753,887,810,876,830,883,777
X,925,875,906,752,886,809,876,829,884,779
X,922,874,905,754,886,810,876,827,883,778
X,925,873,907,754,886,811,876,827,882,778
X,923,874,904,753,886,809,875,829,884,777
X,923,873,906,753,885,809,876,827,883,779
X,924,875,906,753,885,810,875,827,882,776
X,922,875,905,752,885,811,876,828,886,778
X,921,876,904,753,886,809,878,829,885,777
X,924,874,906,752,885,809,876,825,885,778
X,926,879,907,755,887,810,876,829,881,778
X,923,876,905,753,885,809,875,830,883,777
X,926,875,904,754,885,811,878,828,883,778
X,921,876,906,752,886,808,875,829,886,779
X,927,874,905,752,885,809,876,827,885,777
X,922,877,906,754,885,810,875,829,886,777
X,925,875,905,753,885,809,875,830,884,778
X,924,877,903,753,886,811,875,830,886,777
X,924,874,904,753,885,810,875,829,882,779
X,926,877,906,752,887,811,877,828,883,777
X,923,875,901,752,882,810,877,827,882,779
X,922,876,905,754,886,811,876,829,883,777
X,924,875,905,753,886,809,877,828,884,777
X,920,874,905,752,885,810,877,827,881,778
X,921,874,904,754,886,811,876,827,886,777
X,921,875,903,753,886,810,876,828,886,777
X,925,876,904,753,886,810,876,828,883,777
X,924,876,904,752,884,810,877,830,887,780
X,927,875,904,752,886,809,876,830,885,778
X,921,874,905,755,882,811,875,827,883,777
X,921,874,906,754,887,810,876,827,886,776
X,924,877,904,754,887,809,876,828,883,779
X,923,874,904,753,886,809,877,828,885,778
X,926,876,903,751,887,810,875,829,885,778
X,925,875,906,752,885,810,876,828,883,778
X,926,874,905,754,885,810,877,829,882,778
X,922,876,905,752,885,810,875,830,886,778
X,923,875,905,754,885,809,876,828,885,778
X,921,877,906,754,887,810,876,826,885,778
X,921,874,905,752,885,810,876,828,885,778
X,917,875,904,753,885,809,876,828,885,779
X,922,874,905,753,885,810,875,829,887,779
X,926,876,905,753,886,809,876,829,884,777
X,920,875,905,752,886,809,876,828,885,778
X,923,874,904,753,886,810,876,829,881,777
X,922,875,905,753,886,809,875,828,883,777
X,926,876,905,753,884,810,876,829,884,778
X,923,875,904,752,884,810,874,829,886,778
X,920,876,903,753,886,810,875,829,886,779
X,920,876,905,752,885,809,877,827,882,778
X,925,874,905,753,885,810,876,825,883,780
X,926,878,904,752,887,810,876,828,885,777
X,921,876,905,753,883,809,877,827,885,777
X,923,875,905,752,884,809,877,830,885,777
X,924,875,905,752,884,810,876,828,885,775
X,920,877,904,752,884,810,876,827,886,777
X,920,874,905,753,886,810,877,828,881,778
X,923,876,905,751,887,809,875,830,885,775
X,921,874,906,754,886,809,878,829,884,779
X,923,876,903,751,886,811,877,829,885,778
X,926,875,905,753,884,811,875,828,884,779
X,924,875,903,755,885,810,876,829,884,779
X,924,875,905,752,884,810,875,827,884,778
X,924,876,904,753,886,810,876,827,884,778
X,924,876,905,753,885,809,876,828,883,777
X,922,874,905,751,885,809,875,829,883,777
X,922,874,904,752,885,810,876,829,885,777
X,920,876,905,753,886,810,876,829,883,778
X,917,876,905,753,885,810,877,827,884,777
X,925,874,905,753,886,809,874,828,884,777
X,923,876,905,753,886,810,876,829,884,778
X,926,876,905,752,887,810,876,829,882,776
X,925,875,904,751,884,809,875,828,886,778
X,925,875,904,752,886,810,875,826,882,779
X,926,876,904,752,885,810,876,829,883,778
X,920,874,905,752,884,810,876,828,885,776
X,922,878,904,753,885,810,876,829,882,776
X,925,876,905,752,886,810,876,826,887,777
X,924,875,904,753,886,810,876,826,887,778
X,924,874,905,752,885,809,876,828,885,777
X,922,876,904,753,886,810,876,829,882,777
X,920,876,904,752,884,810,876,827,885,777
X,922,875,904,754,885,809,876,827,886,779
X,921,876,904,752,883,810,876,828,883,777
X,924,874,904,752,885,809,875,828,883,779
X,922,875,904,752,886,810,878,827,885,780
X,926,873,904,752,884,809,877,828,886,777
X,922,876,904,752,886,810,877,830,883,777
X,924,877,905,751,884,811,876,828,887,778
X,924,876,904,753,887,810,875,830,884,778
X,919,874,902,753,885,809,875,828,883,777
X,927,876,905,753,886,810,876,828,884,778
X,925,875,905,752,883,810,876,829,883,779
X,924,873,905,752,886,809,876,828,885,777
X,925,875,904,752,884,809,875,827,884,777
X,922,874,904,753,886,809,875,828,883,778
X,921,875,904,753,886,809,876,828,886,779
X,925,875,903,752,886,810,876,827,886,778
X,921,874,905,752,886,810,876,827,883,779
X,923,878,903,752,884,809,876,829,886,777
X,922,875,903,753,884,810,876,828,882,777
X,921,874,904,753,884,810,877,828,886,777
X,920,873,905,754,886,810,875,826,885,777
X,923,873,904,752,885,809,875,827,884,777
X,925,877,906,752,886,809,877,828,884,778
X,924,876,905,751,883,808,876,828,884,779
X,920,874,904,753,887,809,876,828,887,779
X,926,876,904,752,885,810,876,829,886,776
X,924,877,906,752,880,809,877,829,883,778
X,923,876,904,753,884,812,873,826,882,778
X,924,876,905,752,886,810,876,829,889,777
X,920,875,906,753,887,809,874,829,886,778
X,924,875,905,753,886,809,876,828,884,778
X,924,876,905,753,885,809,875,827,886,776
X,922,876,904,752,886,810,877,828,886,778
X,921,873,905,752,886,810,876,828,881,777
X,925,874,904,752,887,811,876,828,883,777
X,924,878,905,752,884,810,875,828,883,778
X,923,875,904,752,887,808,875,827,885,776
X,925,876,904,752,884,810,876,828,884,777
X,923,875,904,752,888,808,875,829,885,778
X,924,874,904,753,886,809,878,825,889,779
X,917,876,905,752,884,810,876,828,884,777
X,925,874,905,753,885,809,876,826,883,777
X,920,875,904,752,890,810,876,827,887,779
X,924,875,903,753,886,810,876,828,886,775
X,924,876,905,753,885,810,876,826,884,777
X,921,874,905,752,885,810,876,828,885,778
X,922,875,906,752,881,811,874,827,885,777
X,921,874,905,752,884,810,876,827,885,777
X,923,874,905,753,883,810,876,826,887,779
X,923,877,904,752,884,810,877,827,886,777
X,921,875,904,754,887,809,876,828,885,778
X,921,875,903,751,884,810,876,828,885,777
X,919,875,903,751,885,809,874,828,883,777
X,924,873,905,753,885,810,875,826,885,778
X,925,876,902,752,887,808,875,828,882,779
X,921,876,903,751,883,810,877,829,885,778
X,924,874,903,752,886,811,875,827,885,776
X,923,875,905,752,885,810,876,827,884,777
X,922,874,903,753,884,811,876,828,884,777
X,922,876,903,752,886,809,876,827,881,776
X,922,876,904,752,884,810,876,828,884,779
X,923,874,903,751,886,809,875,827,884,776
X,924,875,904,752,887,809,875,829,884,777
X,925,876,904,752,885,810,876,830,887,776
X,916,876,903,751,884,810,877,829,883,778
X,923,874,904,751,886,810,876,828,888,778
X,923,874,904,752,885,809,875,829,883,777
X,922,874,905,752,884,810,877,829,885,778
X,921,876,904,753,886,809,876,827,885,777
X,926,873,905,752,886,810,876,829,883,778
X,923,877,905,752,884,811,875,828,884,777
X,922,877,904,753,886,810,875,827,883,777
X,923,873,905,751,884,811,876,826,881,777
X,924,875,902,752,884,810,875,828,886,778
X,924,876,905,752,885,810,875,828,882,778
X,921,875,905,752,886,810,876,828,885,778
X,924,876,904,751,884,810,877,827,885,778
X,924,876,905,752,885,811,874,826,885,777
X,923,874,905,753,884,810,875,828,884,778
X,926,876,904,753,883,810,875,828,886,779
X,923,876,904,753,884,808,875,828,882,776
X,919,875,903,751,885,809,875,826,885,778
X,926,874,904,753,884,810,876,828,884,778
X,921,876,904,752,888,811,875,828,885,776
X,924,875,903,752,885,811,875,827,883,777
X,923,876,904,751,883,808,876,825,881,778
X,922,874,904,753,885,809,875,828,884,777
X,924,875,904,752,885,810,876,828,886,778
X,924,875,904,753,887,809,876,829,883,777
X,925,876,905,753,884,809,876,828,883,778
X,924,876,904,753,886,809,875,828,884,776
X,922,876,903,752,885,810,875,828,885,778
X,922,873,904,752,885,810,876,828,884,777
X,924,873,904,753,887,811,876,827,885,777
X,922,874,903,753,885,809,876,829,885,778
X,926,874,905,752,886,809,876,827,881,778
X,921,877,904,752,885,810,876,828,884,777
X,920,876,904,752,881,810,875,828,884,777
X,921,876,904,752,885,810,876,827,885,777
X,926,875,904,752,886,811,877,827,887,777
X,921,876,903,751,885,810,875,827,883,778
X,926,876,903,753,884,810,875,826,885,777
X,924,876,904,750,884,809,875,826,880,777
X,922,876,904,752,885,810,877,828,885,778
X,923,874,902,753,886,809,875,828,883,777
X,922,876,903,752,884,810,876,827,882,777
X,926,873,903,751,884,810,875,828,884,778
X,923,875,903,752,885,810,875,827,884,778
X,924,875,904,752,885,809,875,827,881,776
X,924,873,904,753,884,810,876,826,882,777
X,923,874,904,751,883,811,875,828,884,777
X,923,874,902,753,886,810,876,826,884,778
X,926,873,904,752,885,810,875,830,885,776
X,922,873,904,752,886,809,875,826,885,776
X,922,875,904,751,885,809,876,826,888,775
X,922,879,903,755,887,811,876,828,883,778
X,924,876,904,752,886,810,876,827,883,777
X,921,874,903,751,882,811,877,827,884,777
X,923,876,903,751,884,810,875,827,883,777
X,921,875,902,752,887,809,876,826,885,776
X,923,874,904,753,885,810,875,828,886,777
X,924,874,904,752,885,810,876,829,886,779
X,922,875,903,754,886,810,876,827,886,778
X,925,874,903,752,887,810,875,828,883,777
X,924,875,904,752,885,810,875,828,884,776
X,919,875,904,753,884,810,876,828,885,777
X,924,875,903,752,884,808,877,827,881,777
X,924,876,902,752,886,810,874,827,885,778
X,920,874,903,751,886,809,876,827,884,778
