F,867,833,856,794,825,778,782,760,784,716
F,871,833,856,793,823,778,782,759,784,715
F,870,833,856,791,822,779,781,759,784,716
F,871,836,856,791,824,778,782,760,785,715
F,866,833,857,792,824,777,781,760,786,714
F,867,834,856,793,822,779,782,759,784,717
F,866,836,856,792,829,779,782,759,784,715
F,867,835,859,791,827,779,782,760,784,716
F,865,833,860,791,826,779,782,760,786,716
F,868,835,861,790,826,778,782,759,785,715
F,871,833,859,789,825,778,781,760,786,716
F,869,833,863,791,822,778,781,759,787,714
F,868,833,862,790,818,779,783,760,785,716
F,869,835,862,789,819,778,782,760,784,716
F,870,832,861,789,816,777,782,759,786,715
F,863,833,860,787,818,777,781,760,786,716
F,867,834,862,788,817,778,782,759,786,713
F,869,836,861,790,817,778,783,759,785,714
F,864,833,862,790,817,778,782,760,785,715
F,865,837,862,789,818,777,782,759,785,713
F,869,834,861,788,815,777,782,759,787,715
F,863,834,861,787,818,778,781,760,787,714
F,869,836,861,789,818,777,782,759,787,714
F,870,834,858,789,815,778,782,760,785,716
F,870,835,858,788,815,777,783,760,785,714
F,866,837,859,789,818,778,781,760,784,714
F,863,836,857,788,817,777,783,758,787,714
F,865,836,858,788,818,776,781,758,785,716
F,867,834,860,786,816,778,782,760,786,715
F,868,836,858,787,817,777,782,758,786,714
F,865,838,858,787,815,778,781,758,786,715
F,867,835,860,787,816,775,781,759,784,716
F,868,836,858,788,817,778,781,760,785,715
F,868,837,859,787,816,778,782,759,787,714
F,869,836,859,788,816,777,782,759,783,714
F,869,834,859,788,818,777,780,759,785,714
F,868,836,858,789,818,776,782,759,785,714
F,867,837,859,790,816,778,782,757,784,716
F,862,833,859,787,817,777,781,759,787,714
F,869,834,860,787,817,776,782,759,786,716
F,869,835,859,787,815,777,782,758,787,714
F,868,834,858,787,817,775,783,758,785,717
F,868,835,859,788,816,777,782,759,785,713
F,866,834,857,786,816,778,782,758,786,714
F,866,834,860,787,816,776,781,760,786,715
F,863,836,860,788,816,777,782,758,786,714
F,865,836,858,789,817,778,782,760,787,714
F,871,836,858,789,817,777,781,760,786,716
F,870,834,857,787,815,777,781,758,784,715
F,866,837,859,789,816,777,782,758,786,713
F,867,833,858,788,816,777,782,758,785,714
F,867,835,858,789,816,778,781,759,786,715
F,870,834,858,788,815,777,779,759,787,716
F,870,834,859,788,817,777,782,760,785,715
F,863,834,860,787,817,776,781,760,784,716
F,866,835,857,789,815,777,783,762,786,715
F,865,837,860,788,814,777,781,759,785,715
F,868,835,860,789,817,777,782,758,786,716
F,867,832,859,787,816,778,781,759,785,716
F,868,836,860,787,817,776,782,759,786,716
F,868,834,858,789,817,778,781,758,785,715
F,867,835,860,786,817,778,782,758,787,715
F,871,836,857,790,815,778,781,760,786,717
F,865,834,859,788,815,776,780,760,785,716
F,865,834,857,789,818,777,781,760,785,715
F,866,836,857,789,822,777,781,760,787,716
F,871,833,856,789,818,777,779,759,785,715
F,873,837,855,789,815,774,780,759,787,716
F,870,835,858,790,817,778,782,759,787,716
F,864,834,858,789,818,778,780,760,786,715
F,870,834,856,789,816,776,780,758,786,716
F,866,834,855,790,819,777,780,759,787,715
F,869,830,855,789,821,776,780,759,787,717
F,866,832,856,790,820,777,780,760,786,714
F,867,833,855,790,817,776,781,760,786,717
F,871,831,857,791,818,778,781,760,786,716
F,865,830,856,788,818,777,780,759,785,717
F,871,831,857,789,817,776,780,759,785,716
F,874,836,858,789,816,775,780,761,786,715
F,869,831,855,791,818,777,780,759,787,716
F,867,831,856,789,817,777,780,759,786,716
F,870,831,855,789,817,778,781,760,788,716
F,868,833,854,790,817,776,780,759,787,717
F,870,833,854,790,817,776,780,758,786,717
F,870,834,856,788,816,777,780,760,787,718
F,871,833,856,788,817,777,780,760,785,717
F,871,835,856,790,817,777,780,759,786,716
F,864,834,857,789,815,777,779,760,787,716
F,867,833,854,788,816,778,781,759,787,717
F,869,831,856,789,817,777,781,759,787,716
F,871,834,854,790,817,778,779,759,786,717
F,868,832,854,788,817,777,780,760,786,715
F,871,832,857,789,818,777,780,760,786,716
F,871,835,858,787,815,777,780,760,786,716
F,872,833,862,788,817,776,780,761,785,717
F,866,835,862,788,816,776,779,759,785,716
F,865,834,861,785,817,777,779,760,784,717
F,870,836,863,786,815,778,779,760,786,717
F,871,836,863,787,815,777,779,761,784,716
F,868,834,862,785,815,777,779,760,786,716
F,869,833,863,787,814,776,777,761,785,715
F,867,834,862,785,815,776,779,761,783,716
F,869,837,868,786,815,776,778,760,785,717
F,872,836,871,783,815,777,779,761,784,717
F,876,839,874,781,815,778,779,760,783,716
F,871,836,875,779,817,777,778,760,785,717
F,876,836,879,778,824,777,777,760,784,716
F,874,840,880,778,826,777,778,762,783,717
F,875,839,883,777,819,778,777,760,785,714
F,873,839,884,775,818,778,777,762,785,717
F,874,838,884,773,818,777,777,761,783,717
F,874,838,889,774,818,778,777,761,784,716
F,874,838,888,773,819,778,777,760,784,715
F,876,837,888,772,820,775,776,761,783,717
F,872,836,889,770,817,778,776,760,784,716
F,870,836,887,769,818,779,777,762,783,717
F,872,839,887,772,818,779,777,761,786,718
F,873,837,888,771,818,778,776,762,785,717
F,873,839,885,772,819,778,776,762,785,716
F,874,838,888,770,819,777,778,760,782,718
F,870,838,888,770,817,778,776,759,783,717
F,870,834,889,770,819,778,777,761,783,716
F,870,839,886,772,817,778,776,761,783,716
F,874,840,884,772,818,779,777,762,785,715
F,871,836,885,770,819,777,776,760,783,716
F,868,837,884,771,818,777,776,761,783,717
F,873,837,884,771,817,778,776,762,785,718
F,869,838,885,770,820,777,775,761,784,718
F,872,840,882,772,819,777,777,760,784,718
F,867,836,882,772,819,777,776,761,785,717
F,872,839,883,771,820,778,776,761,783,717
F,873,840,882,770,816,776,776,760,785,717
F,871,839,880,772,818,778,776,761,784,716
F,873,836,879,770,817,776,777,759,786,716
F,869,838,881,771,817,777,776,760,784,716
F,874,839,882,772,817,776,775,761,784,718
F,873,839,880,772,818,777,775,760,786,716
F,870,838,879,770,818,777,776,760,783,716
F,870,838,880,771,817,777,776,760,784,717
F,868,838,879,772,817,779,776,761,784,717
F,870,834,879,773,817,777,777,761,783,717
F,872,840,880,772,820,775,776,762,783,715
F,869,838,881,772,820,778,775,761,781,718
F,870,838,880,771,819,777,775,761,781,715
F,871,838,880,772,820,779,776,760,780,717
F,870,836,882,771,820,777,775,759,781,720
F,869,838,882,771,820,777,775,762,781,721
F,869,839,882,772,821,778,776,760,779,720
F,870,841,884,772,816,777,776,761,778,718
F,871,837,883,770,815,778,775,760,778,716
F,867,840,882,773,815,778,775,760,777,716
F,872,838,882,772,815,776,773,760,777,715
F,870,838,882,771,817,778,775,762,776,716
F,871,838,881,771,815,779,774,760,775,715
F,872,839,883,773,815,777,773,760,774,715
F,868,840,882,772,816,778,774,760,775,714
F,872,838,881,773,815,777,773,760,775,717
F,870,842,882,770,813,777,774,761,775,717
F,870,837,882,773,816,778,774,760,777,716
F,871,841,882,772,815,777,773,760,774,715
F,873,839,883,773,814,778,773,760,776,715
F,869,839,886,771,814,777,773,761,776,716
F,868,838,884,772,816,777,773,761,776,717
F,870,838,882,771,814,779,773,761,775,715
F,870,840,882,772,816,777,773,761,775,716
F,874,838,882,773,814,779,773,760,774,716
F,872,839,883,774,813,778,772,760,773,716
F,874,839,883,771,815,778,773,761,774,717
F,870,840,882,770,816,776,773,761,774,715
F,872,838,881,771,814,777,773,760,775,716
F,870,841,882,770,814,778,773,760,773,717
F,873,842,881,771,816,778,775,759,774,716
F,871,839,883,772,817,777,774,760,774,715
F,871,842,880,770,817,779,774,761,774,716
F,874,838,883,771,817,777,774,760,772,716
F,869,839,882,772,815,778,774,760,774,715
F,870,840,883,771,816,777,774,761,773,715
F,871,839,883,771,818,778,774,761,772,715
F,872,839,882,772,817,778,774,761,773,717
F,872,839,881,771,817,778,773,761,770,717
F,870,840,881,772,817,779,773,759,772,715
F,872,841,882,772,816,778,774,760,770,717
F,876,840,879,771,815,778,772,760,770,716
F,870,839,881,772,817,779,773,761,773,714
F,871,843,884,773,817,775,772,759,771,715
F,871,839,883,772,815,778,773,760,772,715
F,871,841,881,772,816,776,774,761,771,717
F,871,840,881,771,816,779,773,759,770,715
F,872,842,882,772,816,778,774,761,770,716
F,871,839,882,771,818,778,772,761,770,717
F,873,838,883,773,815,776,774,760,770,716
F,871,838,881,773,815,778,772,760,770,715
F,872,841,882,773,817,778,772,761,771,717
F,873,842,882,773,817,778,773,760,770,716
F,873,838,881,772,815,779,773,760,772,716
F,876,842,882,773,816,777,773,761,769,716
F,875,842,881,773,816,778,774,760,771,716
F,874,839,882,774,815,778,773,760,770,716
F,878,839,881,773,817,777,773,761,769,717
F,873,840,880,774,815,777,773,760,772,716
F,874,841,882,773,817,778,773,759,773,718
F,874,840,883,772,816,778,773,761,775,718
F,874,839,881,773,817,776,774,762,776,718
F,870,840,883,772,815,779,773,760,776,718
F,870,840,880,772,816,777,774,761,775,718
F,875,842,881,772,817,777,775,760,773,717
F,872,840,882,773,817,777,775,760,773,716
F,870,842,881,772,814,776,775,760,774,720
F,870,842,880,771,816,776,775,761,776,721
F,873,840,881,773,821,776,776,760,775,721
F,870,840,882,772,821,776,776,761,776,722
F,873,841,881,773,824,777,776,759,778,720
F,874,841,881,772,822,777,777,760,776,721
F,872,838,883,774,827,777,775,760,777,721
F,872,839,881,773,822,777,776,759,777,721
F,871,839,881,774,822,776,775,760,776,717
F,871,842,883,771,820,776,776,761,778,717
F,873,841,881,773,821,776,775,759,779,718
F,871,838,879,772,826,776,775,759,775,720
F,868,841,880,772,818,775,775,760,777,719
F,869,841,882,774,822,776,777,760,779,718
F,870,842,882,773,818,775,775,761,777,715
F,868,842,882,774,817,776,776,760,777,717
F,874,838,882,772,818,774,775,762,777,715
F,872,839,882,772,819,776,775,761,777,715
F,875,839,879,774,817,773,775,760,776,716
F,870,841,882,771,817,775,775,761,778,717
F,874,838,881,773,818,774,774,761,776,716
F,872,842,882,774,816,774,774,761,778,716
F,875,841,882,774,815,776,774,758,778,718
F,873,841,882,774,813,774,775,759,778,715
F,871,840,882,773,813,774,775,760,779,715
F,874,840,881,772,815,775,774,761,777,716
F,870,839,882,772,814,775,775,759,776,716
F,870,843,882,772,813,773,774,760,778,717
F,871,838,880,772,816,775,776,761,778,717
F,873,842,883,775,813,774,774,759,778,715
F,870,840,882,773,814,774,775,760,779,716
F,870,838,881,773,815,775,774,759,779,715
F,869,842,883,772,814,775,776,760,776,715
F,872,840,883,772,814,773,775,760,779,714
F,873,840,881,773,814,774,774,761,779,716
F,875,840,880,772,814,775,775,759,777,716
F,872,840,882,771,815,776,775,760,778,717
F,874,838,882,773,814,775,773,759,778,716
F,873,837,882,773,813,774,775,759,778,715
F,871,840,882,774,812,776,775,760,778,716
F,874,837,882,773,815,773,774,761,777,717
F,870,840,882,772,814,775,775,759,779,715
F,873,837,881,773,813,775,775,761,778,716
F,872,840,882,774,815,775,775,760,778,716
F,873,840,883,772,814,775,774,760,778,716
F,868,838,881,773,813,775,775,761,780,716
F,874,840,880,771,815,775,775,761,779,715
F,869,840,882,771,814,774,774,760,779,717
F,873,842,882,774,813,774,775,760,778,717
F,873,839,882,773,815,774,774,761,778,716
F,870,837,880,771,814,776,773,759,779,715
F,873,842,883,772,815,775,774,760,779,717
F,874,840,882,772,814,775,774,761,778,715
F,871,842,881,773,812,775,775,760,778,717
F,873,838,881,772,816,773,774,760,777,717
F,871,841,882,772,815,775,774,759,780,717
F,867,839,882,773,815,775,775,760,778,715
F,871,839,880,773,814,773,775,760,776,716
F,871,841,882,773,815,776,775,761,779,716
F,869,838,881,772,814,775,774,760,778,717
F,869,837,878,774,812,776,774,759,779,716
F,870,842,879,772,814,775,775,760,779,715
F,871,838,881,773,813,775,774,761,778,717
F,870,839,881,773,814,775,775,761,779,716
F,874,839,881,773,815,776,775,759,778,715
F,871,839,883,772,813,776,774,760,778,715
F,872,840,882,773,813,775,775,760,778,717
F,868,841,880,772,816,775,775,761,777,715
F,872,837,881,774,817,774,775,760,778,716
F,869,839,881,772,814,775,776,760,778,715
F,869,840,883,772,814,774,774,760,780,717
F,873,841,882,773,815,774,773,761,778,716
F,872,841,882,773,815,776,776,758,777,716
F,872,841,882,773,814,774,776,759,778,717
F,871,842,881,774,813,774,774,760,779,717
F,876,839,880,772,815,775,775,759,779,715
F,872,839,882,774,816,775,774,760,779,716
F,870,841,879,771,814,775,774,759,778,717
F,867,839,881,773,814,774,774,760,779,716
F,874,839,879,771,814,774,774,759,778,716
F,870,841,881,772,815,774,775,761,778,715
F,872,839,880,772,812,776,776,760,779,717
F,875,838,881,773,814,774,777,761,779,716
F,873,842,882,773,815,774,775,759,778,717
F,869,838,882,772,815,774,775,762,779,716
F,871,839,882,772,815,776,775,761,778,716
F,874,838,883,772,816,774,776,761,777,717
F,872,842,882,772,815,774,777,759,779,715
F,871,839,882,772,815,775,776,759,778,716
F,872,839,882,773,814,775,777,760,777,717
F,872,840,880,775,813,775,776,761,779,718
F,871,840,882,773,815,774,777,760,778,717
F,873,840,879,774,815,774,777,761,780,716
F,868,842,880,772,814,774,777,760,775,715
F,872,839,881,775,816,774,776,761,777,716
F,872,842,881,773,815,774,778,761,777,715
F,873,842,880,774,813,776,777,760,779,715
F,871,840,881,773,815,776,778,761,778,716
F,874,839,882,774,815,775,778,761,777,717
F,873,842,881,775,816,774,778,761,778,717
F,872,841,880,774,816,775,778,760,779,716
F,873,843,880,773,811,776,779,762,779,718
F,868,839,882,773,815,774,782,761,778,715
F,864,836,881,773,814,775,764,760,778,717
F,874,841,882,773,815,774,764,761,778,716
F,870,839,880,773,813,775,766,760,778,716
F,873,836,880,772,817,774,766,760,778,716
F,873,840,881,773,814,774,767,759,777,718
F,873,839,881,773,814,776,763,762,778,715
F,870,840,882,774,815,775,765,762,779,716
F,867,842,882,776,815,774,764,759,779,717
F,872,841,881,772,817,775,764,761,779,716
F,870,840,880,774,816,775,764,761,779,717
F,873,842,881,773,816,774,766,760,778,715
F,871,842,882,773,816,774,764,760,778,717
F,874,838,881,774,815,775,765,761,779,716
F,872,841,881,774,816,775,764,760,779,715
F,869,841,879,774,816,775,766,759,780,716
F,877,842,880,772,815,774,765,760,779,716
F,872,842,881,772,816,774,765,761,780,717
F,873,841,880,773,817,775,764,761,777,715
F,870,836,881,774,815,774,765,761,779,717
F,876,838,881,773,816,774,765,760,778,716
F,872,840,879,775,816,775,763,761,779,717
F,874,837,881,772,816,775,765,761,778,716
F,874,839,882,771,816,775,763,760,780,717
F,876,843,880,773,814,775,764,762,778,716
F,871,840,880,774,816,774,763,760,776,717
F,870,839,881,774,815,774,764,761,779,717
F,871,838,880,771,817,773,764,761,779,715
F,871,841,880,775,816,775,763,761,779,716
F,868,841,880,773,817,774,764,762,780,718
F,871,840,881,774,816,775,764,761,780,715
F,866,843,882,774,817,775,764,761,779,715
F,875,840,880,773,817,775,765,761,780,717
F,872,840,881,773,816,775,764,760,778,716
F,871,839,881,774,815,775,764,760,777,718
F,871,840,880,775,813,775,765,762,779,717
F,875,840,881,773,815,776,763,762,779,716
F,871,842,880,773,818,775,765,762,780,717
F,876,838,881,774,817,775,764,761,779,716
F,870,842,880,774,818,774,764,761,778,717
F,871,840,880,773,817,775,765,760,777,717
F,877,840,881,771,818,774,763,761,779,717
F,871,841,880,773,818,774,765,761,780,718
F,874,839,881,773,818,775,764,761,779,716
F,870,842,881,774,817,775,764,760,777,716
F,873,842,880,774,819,775,765,763,778,716
F,871,841,881,773,816,774,763,762,778,716
F,872,841,880,775,816,775,763,762,780,715
F,871,838,880,773,817,775,763,759,778,716
F,871,838,879,775,817,774,764,762,777,716
F,868,841,884,773,817,776,764,760,777,718
F,872,840,881,774,816,774,763,760,780,717
F,871,840,881,773,814,774,763,762,778,717
F,873,837,880,776,814,776,763,760,777,716
F,873,840,882,775,813,776,764,760,777,715
F,873,840,882,775,815,774,762,761,779,717
F,873,837,881,775,815,775,765,761,780,716
F,875,838,881,776,813,775,763,761,779,717
F,869,837,880,775,815,775,764,760,779,717
F,870,839,881,775,814,775,763,761,779,717
F,870,836,880,776,815,774,763,761,778,717
F,875,838,881,774,816,776,762,760,779,716
F,874,840,881,775,815,775,763,761,778,717
F,873,839,881,774,815,774,764,762,779,718
F,868,839,881,775,814,776,763,760,779,716
F,869,840,880,774,813,774,764,761,780,717
F,870,837,881,773,816,774,765,760,779,716
F,874,835,882,775,813,775,763,761,778,717
F,871,838,880,775,814,775,762,762,776,716
F,871,839,881,776,815,776,763,761,779,718
F,873,837,883,775,814,775,763,762,778,716
F,871,839,879,775,815,773,764,761,778,717
F,873,840,880,774,814,775,762,761,779,716
F,870,839,880,774,815,774,763,760,778,717
F,867,839,882,776,814,774,764,760,779,717
F,873,838,881,774,816,775,764,760,777,718
F,878,836,880,777,816,775,764,762,778,716
F,875,838,879,776,817,775,763,761,778,716
F,871,840,879,774,817,775,764,762,777,717
F,871,838,881,774,816,775,763,760,778,716
F,874,839,881,776,818,776,764,761,779,715
F,872,840,881,775,818,774,763,762,778,718
F,875,837,881,774,819,775,764,762,777,718
F,871,838,880,774,819,774,763,761,780,717
F,875,835,881,773,820,774,764,760,779,716
F,871,837,880,775,817,774,763,761,780,718
F,872,837,880,776,816,776,764,761,778,718
F,873,838,881,775,817,775,763,762,776,719
F,869,839,879,775,813,775,763,760,779,717
F,870,839,880,774,815,775,764,760,778,715
F,874,836,881,775,815,775,763,761,778,716
F,878,835,881,773,815,776,764,761,779,717
F,873,840,880,775,815,774,764,761,777,716
F,872,840,879,775,814,776,764,762,779,718
F,872,840,882,773,816,774,763,761,779,717
F,873,836,881,776,814,775,764,761,779,717
F,875,837,881,776,816,773,764,760,778,716
F,870,837,882,776,814,774,765,762,779,717
F,872,836,880,776,816,775,763,761,779,716
F,873,840,881,774,817,774,764,762,779,717
F,871,839,880,775,815,775,763,759,779,718
F,868,839,882,773,816,775,764,762,779,717
F,874,838,879,774,816,775,763,760,778,715
F,872,840,880,776,815,774,763,759,780,715
F,871,838,881,774,817,774,763,762,779,716
F,874,836,880,775,815,775,764,761,778,719
F,872,838,880,776,817,776,763,762,779,718
F,870,840,878,776,814,775,764,759,777,719
F,873,836,879,777,815,774,762,762,779,718
F,874,840,881,776,815,775,764,762,778,719
F,871,840,881,777,816,776,766,761,777,719
F,873,837,880,775,815,773,761,760,779,720
F,877,835,880,778,813,776,762,762,779,721
F,871,838,880,776,815,774,763,761,778,721
F,873,839,879,777,814,775,763,761,779,720
F,873,840,881,774,816,775,764,759,777,720
F,877,836,882,775,817,775,764,761,777,720
F,870,836,880,776,816,776,763,762,777,721
F,872,840,879,775,817,776,763,761,778,719
F,873,841,880,775,815,774,763,760,778,719
F,877,838,879,775,813,776,763,761,779,720
F,873,840,879,774,813,776,764,760,776,719
F,872,840,880,775,818,775,763,762,778,719
F,876,838,879,775,826,774,764,762,779,717
F,872,840,880,775,824,775,763,760,779,716
F,872,840,880,773,832,774,764,762,780,717
F,875,838,879,776,830,773,764,762,781,717
F,874,839,879,775,836,774,764,762,780,716
F,876,837,881,776,826,773,764,762,781,718
F,874,838,881,776,829,775,762,762,782,717
F,875,838,880,776,830,774,764,763,780,717
F,874,840,879,774,823,775,763,763,781,717
F,868,841,880,774,824,775,763,763,780,718
F,873,842,878,776,829,772,763,762,781,716
F,872,837,881,774,830,775,763,763,780,718
F,871,838,879,776,829,774,762,762,782,716
F,874,841,878,774,827,774,763,761,780,717
F,871,840,878,774,820,774,761,761,783,717
F,868,837,880,776,822,773,763,761,782,717
F,869,837,878,774,820,772,762,761,783,717
F,874,839,880,775,817,774,762,761,781,719
F,874,841,880,774,820,773,762,761,783,716
F,870,841,879,774,817,774,763,762,783,717
F,873,838,878,773,816,774,762,762,782,717
F,870,841,878,776,817,772,762,761,780,718
F,869,840,879,776,817,773,762,761,782,716
F,870,840,880,773,817,774,763,763,783,717
F,873,840,879,773,817,773,762,762,781,717
F,872,838,879,777,817,774,762,762,781,718
F,874,841,880,774,814,772,763,761,781,716
F,874,841,879,776,815,773,763,763,780,716
F,874,838,878,776,817,772,762,762,780,717
F,872,837,880,774,817,774,763,762,781,718
F,873,837,880,776,815,773,762,761,782,717
F,871,839,878,775,815,774,763,763,781,716
F,868,837,879,776,814,774,762,762,780,718
F,874,842,879,776,816,773,762,762,781,717
F,876,840,878,775,816,772,761,762,783,717
F,874,840,879,774,816,774,762,762,783,712
F,873,839,878,776,816,774,761,762,781,716
F,874,841,878,776,815,772,762,763,782,716
F,876,841,880,774,817,773,762,762,780,716
F,871,838,878,774,815,774,762,761,782,716
F,870,842,879,774,814,774,762,761,781,717
F,875,841,879,775,816,773,763,763,781,717
F,871,839,879,776,816,774,762,762,781,717
F,876,840,880,775,816,774,762,761,782,716
F,872,838,878,776,815,774,762,763,783,717
F,875,841,878,775,815,773,763,761,780,716
F,874,838,880,774,815,774,762,762,783,716
F,871,839,879,774,815,775,761,762,781,718
F,876,837,880,773,811,773,762,762,781,717
F,874,838,879,776,813,771,762,762,780,718
F,878,837,880,776,817,774,762,762,781,717
F,877,838,878,777,817,774,760,762,780,716
F,876,841,880,774,816,773,761,762,781,717
F,875,837,879,775,816,773,762,762,779,716
F,875,838,878,776,817,773,762,760,780,718
F,872,841,878,776,818,773,760,763,781,718
F,877,839,878,775,820,773,761,762,780,717
F,875,838,879,775,824,774,761,763,781,717
F,878,840,878,776,822,772,762,762,781,717
F,871,837,879,774,821,774,761,762,780,718
F,872,841,880,776,820,772,761,763,780,718
F,874,839,879,774,823,773,761,761,780,718
F,876,840,880,776,819,773,761,762,780,717
F,878,839,879,776,814,773,762,761,781,716
F,876,840,878,776,815,772,761,762,781,717
F,876,840,878,776,816,773,761,762,782,718
F,875,843,878,773,816,772,760,761,782,717
F,873,840,879,773,814,773,761,763,781,716
F,874,841,879,774,817,773,761,762,780,717
F,872,839,879,774,817,773,761,761,780,717
F,876,839,879,775,817,774,760,761,781,717
F,871,842,878,773,817,773,760,761,781,718
F,874,841,879,774,819,774,760,761,780,716
F,876,842,877,776,818,773,760,762,781,718
F,876,842,878,776,816,774,759,762,781,718
F,877,841,878,775,818,774,760,763,778,716
F,879,840,877,774,817,773,760,761,781,717
F,874,839,879,775,816,774,761,761,780,718
F,874,842,878,775,816,774,758,763,781,718
F,876,841,880,776,818,772,761,762,779,716
F,872,841,878,775,816,774,759,762,780,718
F,876,842,880,775,815,773,759,763,782,716
F,872,841,881,776,815,773,760,762,779,715
F,876,839,879,776,815,773,759,761,781,717
F,874,842,877,776,816,774,759,763,781,718
F,873,841,878,774,816,773,758,763,778,718
F,870,841,878,774,818,774,760,762,781,718
F,877,841,877,774,815,774,760,763,779,715
F,870,838,879,776,815,772,760,763,779,717
F,878,839,878,774,815,773,760,763,779,718
F,873,838,877,771,814,775,759,763,780,716
F,874,839,877,774,813,773,759,762,780,716
F,874,843,880,774,815,774,757,763,781,718
F,876,842,879,773,813,773,759,761,780,716
F,879,840,878,775,814,773,759,761,780,718
F,874,839,879,775,814,774,759,761,781,718
F,877,840,879,775,814,774,759,763,779,717
F,875,840,879,774,815,774,758,762,781,716
F,877,842,880,774,816,773,758,762,780,718
F,875,837,878,776,818,773,759,763,782,715
F,870,842,880,774,818,774,760,763,778,718
F,874,837,878,775,816,774,757,761,781,718
F,877,839,878,775,816,773,758,763,782,719
F,877,841,879,775,816,773,760,762,780,716
F,870,841,879,775,815,773,757,763,779,718
F,874,838,878,774,815,773,759,763,780,718
F,875,838,878,775,814,773,759,762,780,719
F,873,839,878,774,816,773,759,762,781,717
F,877,839,878,774,814,773,758,763,781,717
F,877,836,879,774,817,773,760,761,782,718
F,875,837,879,774,814,773,759,761,780,717
F,876,839,880,774,814,774,758,761,779,718
F,873,840,879,774,814,773,757,763,781,718
F,875,838,878,775,816,773,759,762,780,716
F,871,841,878,775,815,772,759,762,781,716
F,876,837,879,774,815,772,758,761,780,716
F,875,838,877,773,815,774,759,762,779,717
F,873,839,879,774,815,773,759,760,780,715
F,871,839,878,775,814,773,759,761,781,716
F,874,840,879,774,815,774,758,761,782,718
F,874,840,879,775,815,774,759,762,781,716
F,874,840,879,772,813,774,758,760,779,716
F,873,841,879,774,815,774,758,762,780,717
F,876,840,878,774,816,772,758,763,781,718
F,875,838,879,774,814,774,758,763,780,717
F,877,839,880,775,813,772,757,763,780,718
F,875,839,878,776,816,773,757,761,783,716
F,873,839,878,775,816,774,757,763,782,716
F,876,838,880,773,817,774,758,763,782,716
F,872,839,879,774,818,773,758,764,781,717
F,876,837,879,774,816,773,758,762,780,718
F,874,840,879,776,818,774,757,761,782,718
F,872,842,879,773,814,772,758,763,781,717
F,875,841,878,773,818,772,757,763,781,717
F,873,838,877,775,815,772,758,761,780,717
F,876,839,877,774,816,773,757,761,781,716
F,876,839,879,774,815,771,757,762,780,718
F,873,841,879,774,816,773,757,763,782,717
F,874,842,878,774,815,772,757,763,781,717
F,874,840,877,774,814,773,758,761,782,717
F,876,838,879,775,815,774,757,763,780,717
F,877,841,880,775,816,774,758,762,780,718
F,875,840,880,773,820,773,757,763,781,716
F,877,841,879,774,818,773,757,763,782,716
F,876,842,880,775,820,773,756,763,780,717
F,871,838,879,775,817,775,756,761,782,716
F,876,840,880,774,814,774,756,761,780,717
F,878,842,879,773,819,773,757,762,781,716
F,875,839,878,775,818,773,758,763,782,717
F,875,839,879,773,816,772,758,762,780,718
F,873,839,880,773,818,774,757,761,779,718
F,873,839,880,775,819,774,757,763,781,718
F,874,837,879,773,819,773,757,763,780,717
F,877,840,879,774,816,773,757,762,782,719
F,877,838,880,773,814,774,756,763,781,718
F,873,840,879,774,813,772,755,763,780,718
F,874,840,879,774,814,773,756,762,781,716
F,872,840,879,774,814,774,756,763,781,717
F,875,843,879,776,815,773,757,762,781,718
F,877,842,880,775,815,774,757,763,781,718
F,876,839,879,775,813,773,757,762,782,716
F,875,839,880,776,812,772,756,763,780,718
F,878,841,878,776,814,774,756,763,781,717
F,875,841,880,773,812,773,757,762,780,717
F,876,839,880,776,812,773,757,762,781,717
F,877,842,880,775,814,774,757,761,782,716
F,878,840,879,775,812,773,757,764,782,716
F,872,839,879,775,815,774,757,763,782,716
F,876,839,880,773,814,772,757,761,780,716
F,874,839,879,775,814,774,756,763,781,716
F,878,841,880,774,813,773,758,761,781,718
F,876,839,879,774,815,772,756,763,781,718
F,877,843,880,773,812,774,757,761,780,716
F,877,840,879,774,814,774,756,761,779,718
F,872,837,880,775,814,773,757,762,781,718
F,873,842,878,775,812,773,757,762,780,718
F,870,842,878,775,815,774,756,761,781,716
F,875,836,879,776,814,773,757,764,780,718
F,878,840,878,776,813,773,757,761,782,716
F,873,841,878,774,813,775,755,762,780,716
F,873,839,878,775,812,773,757,763,781,715
F,877,841,877,773,815,774,757,763,780,716
F,879,841,878,775,813,772,757,763,782,716
F,877,843,879,774,816,773,757,762,782,717
F,877,840,879,774,814,772,757,762,781,717
F,875,840,880,772,812,772,756,763,782,719
F,877,839,879,773,812,773,756,763,781,717
F,872,840,879,774,814,774,757,761,783,718
F,870,839,878,772,814,773,757,762,782,718
F,872,841,879,773,814,773,755,764,782,717
F,875,840,880,772,814,772,757,762,781,716
F,875,840,878,775,814,773,756,762,781,717
F,874,840,879,774,815,772,757,762,781,717
F,874,839,878,773,813,774,756,761,782,718
F,879,844,880,772,813,772,757,762,781,718
F,872,841,879,774,815,774,756,763,781,717
F,875,839,878,772,813,773,756,763,781,719
F,877,837,878,772,813,772,757,763,781,716
F,875,838,880,775,813,771,755,761,781,717
F,872,841,878,775,815,773,757,762,780,717
F,872,842,880,774,813,773,756,762,781,717
F,874,840,880,772,812,773,756,761,783,718
F,877,841,879,775,812,773,757,763,782,718
F,875,841,880,775,815,774,756,763,781,717
F,873,841,878,774,817,773,756,763,779,717
F,879,842,880,775,819,772,756,761,783,716
F,876,840,878,773,817,774,757,762,782,719
F,872,840,879,774,815,773,755,763,780,717
F,872,840,879,772,813,774,756,762,781,718
F,875,842,879,773,814,773,756,762,780,717
F,876,839,878,772,813,774,757,762,781,718
F,875,839,879,773,813,772,757,764,781,717
F,872,842,879,777,815,774,757,762,782,718
F,875,841,879,774,813,774,757,761,780,716
F,877,841,878,775,814,772,757,762,781,719
F,874,840,880,773,814,772,756,762,779,719
F,876,839,879,773,812,772,756,762,780,717
F,876,839,878,775,811,773,757,762,782,718
F,872,841,879,774,813,773,757,761,781,718
F,871,841,878,774,814,773,757,761,781,716
F,873,839,879,773,813,773,756,762,782,717
F,872,843,878,773,813,773,757,763,782,717
F,875,843,878,774,816,772,757,761,783,717
F,874,841,880,774,813,774,756,762,783,718
F,874,840,879,774,814,774,757,762,782,716
F,873,838,875,772,813,772,757,762,782,716
F,876,841,879,774,814,772,756,762,782,718
F,875,841,877,772,812,772,756,761,780,719
F,875,841,877,772,814,772,755,761,781,718
F,877,838,881,773,818,774,756,761,782,718
F,873,840,878,773,818,774,757,762,781,718
F,873,840,880,775,817,773,756,761,780,717
F,877,842,880,772,818,774,756,762,782,716
F,875,841,879,775,818,774,758,762,782,718
F,870,842,879,772,815,774,758,762,782,717
F,877,842,879,774,819,773,757,762,780,717
F,870,841,879,773,818,772,757,759,782,717
F,874,840,879,774,816,773,759,763,780,716
F,874,839,879,774,815,773,758,761,781,718
F,875,841,878,774,816,773,758,763,779,718
F,878,838,880,772,815,772,758,761,782,717
F,877,839,880,774,814,772,759,763,781,716
F,875,841,878,774,816,774,758,762,782,717
F,871,842,880,774,818,772,759,761,782,717
F,876,841,880,773,817,774,759,763,782,717
F,873,838,879,772,815,774,758,761,781,718
F,875,840,880,774,819,774,758,763,783,719
F,871,842,879,772,815,772,759,763,781,718
F,872,841,878,773,818,773,760,760,779,717
F,873,839,879,772,816,773,758,762,781,717
F,875,841,878,772,817,772,759,763,781,717
F,874,841,879,774,817,774,758,763,780,718
F,871,842,878,774,819,773,759,762,781,720
F,872,839,878,772,815,772,760,762,783,718
F,874,841,879,773,817,771,759,760,781,717
F,872,840,880,773,817,772,759,761,780,718
F,874,840,879,774,818,774,759,760,780,716
F,873,838,879,772,817,774,758,762,782,715
F,871,841,878,773,817,774,759,761,781,716
F,872,840,878,773,817,774,757,760,781,716
F,876,841,879,774,818,773,759,761,782,717
F,872,840,880,772,816,772,758,762,781,715
F,871,837,878,775,818,773,757,762,783,718
F,870,837,879,775,818,773,758,763,783,718
F,874,836,878,773,818,773,758,763,783,717
F,870,840,879,772,818,772,758,762,783,716
F,870,838,879,774,816,773,758,761,781,715
F,878,840,879,775,818,773,756,762,782,718
F,871,836,877,775,816,774,759,762,782,715
F,873,840,879,773,819,774,757,761,782,715
F,874,836,880,772,819,772,758,761,781,718
F,875,839,878,774,818,774,758,761,782,718
F,872,839,877,774,820,772,758,761,782,718
F,871,838,879,773,820,773,758,762,782,717
F,875,838,877,772,819,771,759,761,781,717
F,879,837,880,772,817,773,758,761,781,718
F,871,836,880,773,817,773,760,763,782,716
F,877,836,879,772,818,774,758,763,781,717
F,870,840,880,772,816,773,758,762,782,718
F,878,839,880,771,815,774,758,761,782,718
F,874,837,878,773,816,773,758,762,781,718
F,874,838,878,772,818,774,758,761,782,717
F,875,841,879,773,815,774,758,762,783,717
F,875,841,878,775,817,772,759,761,781,716
F,871,838,879,773,814,774,758,758,781,717
F,873,840,879,773,816,773,759,761,781,715
F,875,837,878,774,816,772,758,761,781,718
F,872,837,879,774,815,773,759,762,781,716
F,874,838,879,774,815,772,759,763,781,717
F,872,839,879,774,813,773,759,761,783,717
F,873,837,879,774,815,774,759,762,782,717
F,872,842,879,775,813,774,760,760,782,717
F,875,839,879,775,815,774,760,761,780,716
F,870,839,879,773,814,772,758,760,782,716
F,876,840,877,772,813,773,758,761,780,718
F,876,840,878,774,814,773,758,761,781,716
F,879,839,881,775,815,774,758,762,782,717
F,872,837,878,773,814,772,758,761,782,717
F,871,839,880,772,816,773,757,762,781,717
F,875,837,880,774,815,773,759,762,782,718
F,870,837,879,774,815,772,759,760,782,716
F,874,837,879,773,814,773,758,761,782,718
F,871,837,880,773,816,772,757,761,783,715
F,870,840,881,773,816,773,758,761,783,716
F,872,839,879,772,816,773,758,762,782,718
F,875,839,879,775,815,772,758,761,780,716
F,875,840,878,773,815,771,759,763,783,717
F,876,838,879,773,817,772,758,760,780,717
F,875,839,879,772,816,773,759,762,783,718
F,873,837,880,773,815,774,759,761,782,718
F,871,840,878,774,817,772,759,761,780,716
F,871,837,880,772,818,771,758,760,781,717
F,870,840,880,772,819,773,758,760,782,717
F,875,841,878,774,820,772,757,761,784,717
F,875,838,880,773,816,772,758,761,781,717
F,871,838,879,773,816,774,758,761,783,718
F,872,840,879,774,818,773,759,760,782,718
F,877,841,878,772,818,774,758,762,782,716
F,875,840,880,773,818,773,759,762,782,715
F,872,841,879,773,817,773,758,761,781,717
F,870,840,881,775,812,775,759,760,782,717
F,872,837,878,772,813,774,759,763,782,718
F,877,838,880,773,813,773,759,762,782,717
F,875,838,879,772,814,774,759,761,783,718
F,871,837,879,774,813,773,758,763,784,715
F,877,840,879,773,812,774,760,762,782,718
F,872,841,879,772,814,773,757,760,782,716
F,873,840,880,772,813,772,759,761,781,715
F,875,838,880,774,813,774,759,761,783,716
F,878,838,879,774,813,773,759,763,781,717
F,875,840,880,773,814,773,757,761,782,717
F,874,840,880,774,813,773,758,762,782,717
F,873,840,880,774,811,774,759,761,783,718
F,872,841,878,774,811,773,758,761,781,716
F,870,839,878,774,813,773,757,762,782,718
F,874,839,880,774,813,774,758,762,784,719
F,874,841,877,774,813,773,758,762,783,717
F,875,838,878,774,813,774,758,762,783,717
F,873,840,880,774,812,772,758,762,784,717
F,873,839,878,772,811,774,758,761,781,715
F,870,839,879,772,814,773,759,761,782,716
F,871,838,879,774,811,772,759,761,781,718
F,871,840,880,774,813,772,758,762,781,718
F,875,838,877,773,812,774,757,761,782,716
F,877,839,877,776,813,772,757,761,783,716
F,871,840,880,774,814,773,758,761,782,717
F,874,838,880,772,813,774,758,760,782,716
F,870,839,880,773,813,772,759,762,781,717
F,870,840,879,774,814,774,758,762,782,718
F,872,838,879,773,814,773,757,762,783,717
F,874,837,880,774,813,773,757,762,781,718
F,877,842,879,773,813,772,758,761,782,717
F,873,839,879,772,812,774,758,761,780,717
F,874,840,879,774,816,773,757,761,782,718
F,875,839,879,772,816,772,757,762,782,716
F,868,842,878,773,818,773,757,763,782,718
F,875,840,880,773,814,774,758,762,783,718
F,872,838,879,773,814,774,758,760,782,718
F,873,838,879,773,814,772,757,762,783,716
F,877,839,878,774,813,773,758,762,781,716
F,876,839,880,772,813,774,756,762,784,718
F,871,838,879,773,816,773,757,760,783,718
F,875,839,878,774,814,774,756,760,784,719
F,871,843,882,774,814,772,757,760,782,718
F,869,842,879,773,815,773,756,762,782,717
F,876,839,879,774,812,772,758,762,781,717
F,875,839,879,774,812,772,757,761,783,717
F,875,841,879,774,813,774,756,761,784,715
F,879,838,880,772,814,772,757,762,781,716
F,874,839,880,774,813,774,757,762,781,718
F,872,841,880,773,814,775,758,762,781,717
F,873,840,880,772,815,773,759,761,781,717
F,874,841,881,772,815,774,757,761,783,718
F,872,837,879,773,814,773,757,761,783,717
F,875,840,880,774,815,774,757,762,782,717
F,871,840,879,772,815,773,756,762,782,716
F,872,841,879,772,815,772,756,761,782,717
F,878,840,880,772,816,772,756,761,783,717
F,870,841,879,774,813,774,757,762,783,717
F,872,837,880,774,812,773,756,761,783,718
F,876,842,879,772,814,774,757,763,783,718
F,875,839,879,774,815,773,756,761,783,717
F,875,841,878,774,818,771,755,763,781,717
F,874,838,880,772,818,773,756,760,785,716
F,874,839,879,773,816,774,756,760,781,718
F,876,840,880,773,818,773,756,761,781,719
F,873,840,877,773,819,773,757,760,783,716
F,875,838,879,774,813,773,757,761,783,714
F,874,840,880,773,815,773,756,761,783,717
F,872,840,881,774,815,774,755,763,783,718
F,876,840,879,772,814,773,757,761,781,717
F,875,838,879,772,814,773,757,763,782,717
F,873,840,879,773,814,772,756,763,783,717
F,876,841,881,771,813,774,757,761,782,717
F,875,839,878,772,814,772,758,762,782,717
F,873,842,880,772,813,772,756,761,783,716
F,873,839,881,773,814,773,756,762,783,717
F,871,839,878,773,812,774,757,762,783,718
F,873,841,878,772,814,773,757,761,783,718
F,872,839,880,772,812,774,756,761,785,717
F,879,838,879,772,813,773,755,760,783,716
F,874,839,879,774,814,773,755,761,784,717
F,873,839,880,772,814,772,755,761,784,719
F,870,837,880,773,813,772,756,762,784,717
F,872,841,881,772,816,773,756,762,783,716
F,873,838,879,772,817,772,756,761,782,718
F,875,837,880,774,814,772,756,761,783,716
F,873,839,879,772,815,773,756,763,784,718
F,874,837,880,773,813,772,757,762,783,717
F,871,838,879,773,813,774,755,761,782,717
F,872,842,880,772,813,772,757,761,783,719
F,874,840,880,773,814,772,755,762,785,715
F,871,840,877,772,812,772,756,762,782,718
F,874,842,879,772,815,773,756,761,782,718
F,870,841,878,774,816,774,756,762,782,718
F,873,838,881,773,818,773,757,762,785,717
F,871,838,879,771,815,772,755,763,784,717
F,872,839,881,773,815,773,755,761,783,717
F,876,839,879,772,817,773,755,761,784,716
F,874,840,879,773,814,773,756,761,782,718
F,874,837,879,774,814,772,756,762,784,717
F,874,839,879,773,814,773,756,763,783,717
F,870,840,878,772,812,774,755,761,783,717
F,871,841,880,771,814,772,756,762,784,717
F,877,840,880,773,812,773,755,761,783,715
F,872,838,879,773,812,773,756,763,783,717
F,871,838,877,772,813,772,755,761,783,717
F,871,839,879,772,814,772,756,762,783,716
F,874,842,878,770,812,774,756,761,784,718
F,870,839,879,771,812,773,757,762,784,716
F,874,838,879,773,814,773,756,762,783,717
F,872,839,880,773,815,772,754,762,784,719
F,874,837,879,772,815,772,756,762,783,718
F,869,840,879,772,815,773,755,763,784,717
F,873,839,879,772,814,772,755,763,785,717
F,879,837,877,774,813,773,755,761,782,717
F,874,842,880,774,815,772,755,763,784,718
F,875,839,879,772,814,772,756,763,784,718
F,875,840,880,773,813,773,755,763,783,716
F,872,841,881,772,811,774,755,761,785,718
F,877,838,879,771,815,773,756,762,782,717
F,871,840,880,773,812,774,757,763,782,717
F,877,840,880,773,814,773,755,762,784,716
F,873,837,879,773,813,773,756,763,784,718
F,869,839,880,772,814,774,754,760,782,716
F,876,838,879,772,813,774,754,763,784,717
F,875,836,880,772,812,773,756,762,784,716
F,877,836,880,773,815,774,755,763,783,717
F,871,841,878,773,812,772,755,761,784,718
F,876,841,879,772,813,773,756,763,783,718
F,880,838,881,774,813,772,756,762,784,717
F,870,841,878,772,815,773,755,762,783,716
F,872,840,879,772,814,774,756,762,783,718
F,873,838,880,773,815,773,756,762,782,717
F,877,841,880,773,814,774,754,762,782,719
F,877,839,879,772,814,773,754,761,785,716
F,875,838,879,773,812,772,755,761,783,717
F,871,840,880,772,812,773,756,762,783,718
F,871,841,879,773,813,773,756,762,783,717
F,876,838,880,771,814,773,756,762,784,716
F,872,837,878,771,815,773,755,763,784,718
F,872,841,880,773,814,773,754,762,782,716
F,875,836,879,773,813,773,755,762,784,719
F,875,842,878,772,814,772,756,762,782,717
F,875,840,879,772,815,774,757,763,784,719
F,871,840,878,773,812,772,756,761,783,716
F,875,837,880,773,811,773,754,763,784,718
F,874,840,878,773,814,773,755,761,785,716
F,872,840,878,774,814,772,756,763,784,716
F,873,837,879,772,814,772,755,762,784,716
F,873,839,880,773,812,772,755,762,783,717
F,873,840,880,772,813,772,754,762,783,716
F,874,840,879,773,814,773,754,763,785,717
F,871,838,878,772,814,773,756,761,784,718
F,873,838,879,772,813,772,755,762,784,719
F,874,839,881,770,813,773,755,762,785,718
F,877,841,878,773,816,772,757,764,782,718
F,873,838,879,773,814,772,756,762,783,716
F,875,838,880,773,815,774,756,761,784,717
F,873,842,879,773,814,772,756,763,785,718
F,874,839,879,772,814,772,756,762,783,716
F,876,839,880,773,814,772,756,760,784,716
F,871,838,879,773,815,773,755,762,785,716
F,872,839,881,773,813,774,755,762,783,716
F,873,837,880,772,812,774,755,762,782,718
F,873,839,878,773,814,774,754,764,785,717
F,877,838,879,773,814,773,754,762,784,718
F,874,839,878,773,815,774,756,762,783,718
F,871,836,877,773,815,771,756,762,784,716
F,875,837,878,773,813,771,757,762,784,718
F,871,841,877,775,813,772,755,763,785,716
F,875,837,879,773,814,772,756,762,784,717
F,877,841,880,772,815,771,755,761,783,718
F,873,838,878,772,814,773,756,763,783,715
F,870,836,879,772,814,773,755,762,784,718
F,871,841,879,773,812,772,754,762,782,718
F,872,838,878,774,815,772,756,761,783,715
F,875,839,880,773,813,772,756,761,784,716
F,875,839,878,774,812,774,754,762,784,717
F,871,840,879,773,811,773,756,761,783,717
F,877,841,880,773,813,773,755,762,786,719
F,877,839,878,771,814,773,754,762,782,716
F,872,839,879,773,813,771,755,764,787,718
F,877,838,880,771,811,773,756,763,782,717
F,873,840,879,773,813,772,755,763,784,717
F,874,840,880,772,812,774,755,762,784,718
F,875,839,879,772,813,773,756,761,785,716
F,874,841,880,772,814,773,755,762,784,718
F,874,841,881,774,813,774,755,761,785,716
F,874,839,880,773,813,773,755,763,783,720
F,874,840,879,771,813,771,756,761,783,718
F,874,836,880,772,813,774,756,762,783,718
F,873,840,880,773,814,773,755,762,782,717
F,871,841,878,772,813,773,755,762,783,718
F,871,840,880,774,812,771,755,762,783,716
F,874,840,877,772,814,773,754,762,784,716
F,873,840,879,772,813,772,754,762,783,718
F,874,840,879,772,813,772,755,761,784,716
F,874,838,880,773,814,772,755,763,782,717
F,874,838,880,771,812,773,754,763,785,718
F,876,839,880,773,814,774,755,761,784,715
F,875,839,879,773,812,773,754,762,783,718
F,873,835,881,772,814,774,756,762,785,717
F,877,839,878,771,814,773,755,762,784,718
F,875,841,879,770,811,771,755,761,783,718
F,874,841,880,772,813,772,756,762,785,718
F,877,840,880,773,811,773,755,762,783,716
F,871,838,879,773,815,774,754,761,785,715
F,875,839,880,772,813,771,754,761,783,717
F,877,838,877,774,813,771,754,762,784,717
F,876,839,880,772,813,772,754,762,784,716
F,874,841,879,771,815,772,756,762,783,718
F,872,838,879,773,813,773,756,763,785,718
F,874,841,878,772,814,773,756,762,782,718
F,873,840,879,771,812,774,755,761,783,717
F,873,837,879,773,813,772,755,762,785,718
F,873,839,878,771,812,773,756,762,783,718
F,875,840,879,772,813,773,756,761,783,718
F,875,842,879,771,814,774,756,760,783,718
F,873,841,880,772,813,773,755,763,783,717
F,875,839,879,771,814,774,756,763,784,717
F,871,840,880,771,814,773,755,762,783,718
F,877,840,877,772,813,774,755,762,784,719
F,872,836,880,772,813,773,754,761,784,718
F,873,838,880,773,814,773,755,763,785,717
F,872,839,879,773,813,773,755,762,784,717
F,875,838,880,773,813,773,755,762,784,716
F,877,838,879,774,813,774,754,763,783,717
F,873,838,880,773,812,773,754,762,785,716
F,871,836,877,771,813,771,755,762,783,717
F,874,840,880,772,814,772,755,762,784,717
F,872,839,879,773,814,774,756,763,784,719
F,876,840,880,772,814,773,755,762,785,719
F,875,837,879,772,813,772,756,762,784,717
F,876,838,879,772,811,771,753,764,785,719
F,870,840,880,772,813,772,756,762,782,717
F,873,838,881,772,816,772,755,761,784,717
F,871,836,880,772,816,773,755,762,783,717
F,876,837,878,771,816,773,755,763,783,717
F,877,840,880,771,815,772,756,762,783,717
F,873,838,879,773,816,773,756,762,784,718
F,873,842,880,774,816,772,755,763,784,718
F,872,839,878,772,816,772,755,761,783,717
F,877,840,881,773,814,772,755,761,784,716
F,875,838,880,773,815,773,755,761,784,717
F,873,841,878,774,814,773,756,762,784,717
F,876,836,879,772,814,773,755,763,784,718
F,876,838,881,773,814,774,754,761,783,717
