P,943,855,786,767,787,830,831,842,865,801
P,933,854,788,767,787,829,833,841,864,801
P,942,859,787,767,789,828,832,841,864,801
P,931,856,787,767,789,828,833,840,863,801
P,937,859,786,766,787,830,831,843,865,800
P,943,858,785,766,788,829,831,842,860,799
P,933,854,787,765,786,830,832,842,864,799
P,934,855,785,766,786,825,830,843,861,801
P,946,856,786,767,786,829,834,841,861,800
P,934,856,785,766,785,829,834,842,863,800
P,939,858,787,764,786,828,833,840,862,800
P,939,858,788,765,787,827,832,843,863,801
P,934,857,787,765,786,828,834,840,862,802
P,941,854,787,765,787,828,832,840,862,797
P,941,857,787,765,787,830,834,840,863,800
P,924,856,785,768,788,828,833,839,864,800
P,933,856,787,765,787,829,833,838,864,800
P,943,857,784,765,786,829,833,841,865,800
P,933,858,787,765,787,829,832,839,865,800
P,939,856,786,767,784,829,834,842,866,800
P,936,858,786,765,787,829,833,841,865,799
P,940,858,787,765,787,828,832,839,863,799
P,940,856,787,765,787,829,833,841,862,799
P,935,857,787,764,787,828,833,842,863,799
P,937,855,787,766,790,829,833,843,864,799
P,938,858,785,766,788,827,833,839,866,799
P,942,855,787,766,790,827,834,839,867,800
P,943,857,787,764,790,828,833,840,864,800
P,941,856,786,764,789,828,833,839,863,801
P,939,855,787,766,789,828,834,841,861,801
P,938,858,786,766,790,828,833,841,864,800
P,936,856,785,765,792,827,834,841,864,801
P,934,857,786,763,787,829,833,840,864,799
P,941,857,787,765,790,826,834,838,866,799
P,936,858,786,767,792,828,834,838,866,798
P,937,858,786,765,795,827,835,839,866,799
P,942,857,786,766,799,827,836,837,867,799
P,940,855,786,766,803,825,837,839,864,800
P,942,859,786,766,796,824,835,838,866,798
P,938,858,786,767,794,826,835,837,865,799
P,943,856,785,767,795,824,835,838,867,800
P,942,858,787,766,798,825,837,839,867,800
P,934,859,784,766,800,825,837,838,866,798
P,941,857,786,766,791,825,836,838,868,799
P,942,858,786,766,786,823,838,838,864,799
P,941,860,787,765,788,823,839,838,868,798
P,941,858,787,764,785,824,837,838,865,797
P,939,855,785,766,784,825,836,837,868,797
P,942,855,784,767,783,824,839,837,869,800
P,937,855,787,764,783,823,838,835,867,799
P,937,857,786,766,784,824,837,835,867,800
P,938,858,787,767,784,825,838,838,869,800
P,939,857,786,765,784,824,837,836,866,798
P,933,854,787,766,783,824,838,837,867,799
P,936,858,785,765,781,823,837,838,868,798
P,942,857,787,765,783,823,836,836,867,799
P,943,858,786,767,796,825,836,840,866,797
P,936,857,788,767,791,826,834,839,867,800
P,931,858,790,768,792,824,829,840,865,796
P,935,856,790,767,786,828,828,838,865,798
P,941,857,789,766,788,828,825,836,864,798
P,934,855,791,765,797,828,823,837,861,798
P,931,858,791,766,800,827,822,837,861,797
P,933,855,792,766,795,828,819,837,864,796
P,931,857,789,764,794,829,819,838,866,797
P,931,858,791,763,797,828,816,838,862,798
P,931,856,793,764,793,827,817,838,863,797
P,933,858,792,765,795,829,814,838,864,797
P,926,860,789,766,791,829,812,838,865,797
P,935,854,790,762,793,829,812,839,865,799
P,935,858,792,764,796,829,813,837,866,798
P,933,855,792,763,797,828,813,838,863,798
P,927,859,791,762,795,829,812,836,865,797
P,935,853,789,763,794,829,813,839,865,797
P,925,855,792,764,791,828,812,837,863,796
P,930,858,792,763,792,829,811,836,864,797
P,924,858,793,765,792,827,810,835,863,796
P,929,855,791,765,792,827,811,836,866,796
P,930,858,792,765,790,828,812,837,866,798
P,931,857,790,764,787,828,810,836,866,797
P,928,856,790,761,785,826,812,837,866,796
P,928,854,790,764,786,827,810,837,861,794
P,932,856,791,762,786,825,811,836,863,796
P,931,857,792,765,785,828,810,833,863,796
P,931,855,792,765,787,827,811,836,863,795
P,930,856,791,762,786,828,810,836,864,795
P,929,856,791,765,785,827,811,835,865,796
P,933,856,790,762,786,828,811,835,862,796
P,935,859,793,763,784,826,810,835,865,797
P,934,858,789,764,784,827,811,836,862,796
P,927,859,791,762,787,827,810,834,865,795
P,929,857,790,762,787,828,810,835,866,796
P,933,859,791,763,787,822,809,837,863,795
P,934,856,791,765,784,827,811,836,864,797
P,932,857,790,763,787,827,811,834,863,798
P,928,853,791,764,785,826,811,835,865,795
P,924,858,791,764,784,826,811,833,866,798
P,935,859,792,762,785,825,811,836,864,797
P,929,858,792,763,784,827,810,836,864,796
P,933,856,792,764,786,825,810,835,865,796
P,933,857,792,765,785,827,811,834,861,795
P,926,857,791,762,785,826,810,836,863,796
P,928,857,792,764,785,826,810,836,865,795
P,927,855,792,765,783,827,809,838,867,798
P,929,857,792,764,785,825,811,833,866,797
P,933,857,790,762,786,825,812,834,863,797
P,931,859,790,763,784,823,809,836,863,797
P,935,855,789,765,785,826,810,833,866,795
P,929,856,791,763,787,824,811,834,863,795
P,934,857,791,764,788,827,811,835,867,795
P,933,855,790,765,788,826,810,834,865,795
P,931,856,793,763,789,825,811,834,864,794
P,929,856,791,764,790,826,812,833,862,797
P,929,855,793,764,790,827,811,833,863,796
P,934,856,792,764,789,825,810,834,865,796
P,930,857,793,761,787,824,811,835,866,797
P,933,855,791,764,788,826,812,834,864,795
P,931,855,792,764,786,826,811,833,864,797
P,938,855,791,764,786,826,809,835,863,795
P,934,855,792,764,784,825,811,834,865,796
P,931,856,791,765,789,824,810,836,860,795
P,935,857,791,764,791,826,812,834,865,798
P,931,857,790,763,795,825,811,836,865,798
P,930,857,791,763,792,825,811,836,866,798
P,936,859,790,764,791,827,812,835,865,797
P,932,854,790,762,788,826,812,836,864,797
P,934,854,789,763,790,827,812,837,864,796
P,937,855,791,765,789,827,811,838,865,796
P,935,858,791,762,788,827,811,836,863,796
P,937,855,790,764,789,825,811,838,866,798
P,933,855,791,765,790,825,810,837,865,797
P,937,857,790,763,790,826,812,836,864,797
P,940,854,789,763,788,825,813,839,864,799
P,934,857,791,765,792,826,813,838,863,799
P,929,852,791,763,795,825,814,838,864,798
P,939,858,790,765,785,824,814,838,862,799
P,932,854,792,762,788,827,815,839,866,797
P,935,858,792,764,786,823,817,838,863,797
P,938,857,791,765,796,823,817,838,866,797
P,928,858,790,762,800,822,817,839,865,797
P,927,857,792,763,782,825,819,835,867,797
P,930,858,790,764,783,823,818,836,864,798
P,937,856,791,764,784,823,818,840,867,799
P,930,854,791,763,785,823,819,837,866,797
P,934,855,791,764,784,822,820,837,864,796
P,935,855,791,763,792,820,819,837,864,796
P,933,856,790,764,791,821,820,836,864,797
P,930,858,790,764,790,821,819,837,866,795
P,942,854,790,763,788,823,820,837,864,796
P,927,857,791,761,787,822,821,834,864,797
P,937,855,790,762,794,822,821,835,867,797
P,929,854,790,764,790,822,820,837,867,797
P,934,855,791,761,786,822,822,836,867,798
P,937,855,791,763,798,821,822,836,867,797
P,930,858,792,764,793,821,823,836,869,798
P,933,855,790,764,794,819,825,836,867,796
P,926,857,790,763,785,819,828,835,873,797
P,936,855,791,763,785,818,830,837,870,797
P,932,856,790,760,786,817,831,838,873,797
P,933,857,791,762,790,818,833,836,871,797
P,937,856,791,762,792,815,833,836,872,798
P,934,854,792,761,779,815,832,835,870,796
P,935,856,790,763,780,815,832,836,872,798
P,930,857,790,761,781,815,833,835,873,797
P,930,856,789,762,780,815,832,835,870,797
P,936,854,791,761,778,816,832,835,872,797
P,934,854,791,765,779,816,832,836,869,797
P,936,854,789,761,780,814,830,834,873,796
P,927,854,790,763,780,814,832,836,870,798
P,929,855,792,762,778,815,831,836,870,797
P,931,856,791,761,777,813,831,838,869,797
P,937,854,791,762,777,813,832,834,872,798
P,930,856,791,763,777,814,832,838,872,796
P,937,857,790,764,781,815,831,836,873,798
P,935,854,792,762,777,815,831,835,873,797
P,928,856,791,763,779,816,832,835,873,798
P,933,856,790,763,787,814,831,834,871,795
P,933,856,791,762,785,818,831,839,873,798
P,929,856,790,764,791,817,830,838,874,796
P,936,858,789,763,787,818,829,838,871,797
P,930,856,791,764,789,819,830,837,873,796
P,932,856,789,760,790,820,829,837,873,799
P,934,856,791,764,788,818,826,840,872,797
P,933,858,792,763,785,818,829,841,870,796
P,922,858,791,763,784,817,829,840,872,799
P,934,856,791,762,785,818,827,837,871,798
P,932,851,790,764,789,817,828,839,868,798
P,935,853,792,763,783,817,828,840,872,798
P,929,856,790,762,785,820,827,842,867,800
P,928,858,792,763,786,818,827,838,869,800
P,919,858,791,763,787,817,829,840,873,797
P,929,856,791,763,786,818,826,838,869,798
P,928,856,792,763,785,816,827,839,871,798
P,927,857,791,763,786,816,828,840,872,795
P,931,855,791,762,784,818,827,839,868,800
P,927,856,793,764,787,816,826,837,869,798
P,933,856,791,762,785,817,828,838,872,796
P,931,855,791,761,784,818,827,839,873,798
P,931,855,792,761,783,817,828,839,871,796
P,932,856,791,762,784,817,827,839,869,797
P,934,855,791,762,783,816,828,836,869,795
P,926,854,790,762,780,816,828,838,870,797
P,926,856,792,763,781,816,828,835,872,796
P,933,852,792,762,783,816,826,837,867,796
P,933,854,792,762,782,815,826,835,870,797
P,928,857,791,762,781,816,829,838,871,795
P,937,858,792,762,780,816,828,836,872,797
P,925,855,790,763,779,815,828,839,872,797
P,928,854,791,763,780,815,827,836,869,796
P,934,855,790,761,781,816,828,838,872,796
P,926,858,791,760,781,815,828,835,870,796
P,929,856,791,763,781,816,828,837,872,795
P,930,854,791,762,780,816,829,841,869,795
P,929,858,790,763,779,815,827,837,871,798
P,928,855,792,762,781,817,830,838,871,797
P,929,857,792,762,781,817,828,838,871,797
P,935,855,792,763,779,816,828,836,871,798
P,934,855,792,762,779,816,829,839,869,795
P,933,855,792,762,781,816,829,837,870,796
P,932,855,791,761,779,815,828,838,868,796
P,932,856,792,761,779,816,828,839,872,797
P,933,855,791,764,778,815,830,835,870,797
P,934,855,790,762,780,814,829,838,869,798
P,943,857,790,761,780,816,827,836,871,796
P,934,854,791,763,780,817,828,838,868,794
P,930,856,791,762,778,815,829,835,871,797
P,931,855,792,763,780,816,828,837,869,794
P,934,856,792,762,779,816,829,838,868,796
P,931,857,791,762,779,815,828,836,868,797
P,931,855,790,763,779,815,828,838,867,796
P,930,854,791,763,777,814,827,839,868,795
P,933,857,791,762,778,814,828,841,869,795
P,932,857,792,761,778,816,825,840,867,798
P,927,856,791,763,778,815,827,840,869,795
P,931,855,791,763,777,814,826,839,869,796
P,933,856,789,766,779,816,821,842,867,795
P,926,856,789,764,781,819,819,843,866,797
P,934,861,790,762,785,819,817,844,864,796
P,927,857,791,766,787,818,816,844,866,795
P,929,857,791,765,788,823,813,844,866,796
P,932,854,792,765,787,822,812,846,864,795
P,925,857,791,765,780,825,813,846,861,794
P,924,855,791,766,785,822,810,846,861,794
P,928,857,792,764,783,823,810,848,862,795
P,927,858,791,764,783,824,809,846,862,797
P,932,858,792,766,784,823,809,843,865,795
P,924,855,792,765,782,822,809,844,864,796
P,928,855,792,763,781,822,809,844,862,795
P,920,854,790,763,781,823,809,843,863,796
P,933,855,792,764,780,821,807,842,861,797
P,929,856,791,764,780,824,806,844,865,795
P,929,857,793,764,779,823,806,843,861,795
P,922,855,790,764,781,820,807,841,859,796
P,930,852,791,764,781,821,809,841,863,794
P,924,856,792,762,780,821,807,841,859,795
P,927,858,792,764,781,821,809,841,863,797
P,925,857,790,763,783,820,807,840,863,795
P,926,858,791,764,782,820,808,843,862,794
P,934,859,790,763,781,821,807,841,860,796
P,929,855,793,763,781,820,806,840,862,796
P,932,857,792,765,782,821,807,840,861,793
P,934,855,792,764,781,821,825,844,869,794
P,936,856,791,763,781,820,827,845,868,795
P,939,857,792,763,782,820,821,843,867,796
P,928,855,791,764,780,819,812,842,866,795
P,929,853,792,763,781,820,813,840,867,796
P,934,856,791,765,781,820,812,839,865,793
P,922,860,790,765,780,818,813,841,865,792
P,932,858,792,763,779,820,813,840,865,795
P,929,856,794,763,780,819,814,840,865,795
P,926,856,792,762,782,819,813,841,867,794
P,934,857,792,764,784,821,813,837,865,796
P,929,856,792,766,794,819,815,842,865,795
P,932,858,793,764,794,818,818,840,869,794
P,933,858,793,764,791,817,820,840,869,796
P,929,856,793,762,794,816,821,840,870,794
P,935,856,791,765,783,816,823,840,872,795
P,928,856,793,764,781,816,821,837,874,796
P,928,853,792,763,782,816,823,841,870,794
P,932,855,792,766,781,817,822,838,870,795
P,932,858,792,764,779,815,824,841,872,795
P,931,856,793,764,779,816,823,838,871,793
P,935,855,794,763,780,816,823,839,874,793
P,933,857,791,764,783,816,824,840,871,793
P,928,853,794,764,785,814,825,838,870,793
P,930,856,793,766,782,817,822,840,870,795
P,932,856,793,767,778,815,822,842,874,793
P,925,854,793,763,777,815,822,837,869,793
P,929,856,793,765,779,816,822,840,872,794
P,930,858,794,765,777,815,822,839,874,795
P,933,855,794,763,779,815,824,836,873,795
P,936,856,793,765,777,813,822,838,874,794
P,930,857,792,764,777,815,823,840,870,794
P,926,855,793,763,778,815,824,837,869,793
P,931,854,792,763,778,814,824,837,870,794
P,929,855,793,764,782,814,822,837,870,794
P,928,856,793,766,781,815,821,841,871,794
P,927,857,794,765,783,816,823,838,874,793
P,933,856,794,766,779,816,824,839,872,794
P,933,855,792,764,778,815,828,839,876,793
P,934,856,793,768,776,814,828,842,877,793
P,933,855,794,766,778,815,826,841,877,795
P,934,854,794,767,778,813,827,843,873,793
P,935,856,793,768,777,815,828,840,874,793
P,929,855,791,768,777,813,828,840,874,794
P,930,857,794,767,776,814,826,841,876,794
P,935,857,794,766,776,815,828,841,876,796
P,930,857,796,766,775,815,830,842,875,795
P,930,856,794,766,776,815,830,842,875,795
P,929,856,794,763,775,815,829,842,877,793
P,932,857,793,767,777,814,827,840,873,794
P,934,854,794,766,777,813,828,839,875,795
P,933,855,794,766,776,814,827,838,874,794
P,937,855,794,765,777,813,827,842,872,794
P,934,857,795,767,776,814,828,840,874,792
P,931,858,796,767,776,815,826,839,872,796
P,931,856,794,767,777,811,825,841,875,793
P,931,858,794,768,775,814,827,839,874,795
P,932,855,795,767,776,813,827,841,873,795
P,934,856,794,766,776,814,826,840,872,793
P,931,856,795,766,776,814,827,841,875,792
P,931,856,795,766,777,813,827,840,874,795
P,929,855,793,766,775,815,823,841,870,794
P,936,857,794,764,776,813,828,842,873,795
P,935,855,795,765,776,814,825,842,874,793
P,931,854,794,766,775,813,826,840,873,793
P,934,857,794,765,776,813,826,842,872,793
P,936,856,793,767,776,815,826,841,874,795
P,940,856,794,766,777,814,825,838,871,794
P,934,855,793,765,776,815,825,841,870,794
P,930,857,793,766,775,814,825,839,873,795
P,933,856,794,765,777,814,825,842,873,794
P,936,855,794,765,777,815,826,841,873,793
P,934,853,794,767,775,815,826,842,871,796
P,934,855,795,766,777,814,827,842,870,793
P,940,856,794,767,777,816,827,839,875,794
P,940,857,793,768,778,813,826,842,873,795
P,936,856,792,767,776,814,828,844,874,795
P,938,857,791,767,776,814,829,843,875,794
P,942,855,792,769,778,815,828,846,876,796
P,942,857,792,768,776,816,828,844,871,795
P,936,856,791,767,776,815,827,845,872,794
P,940,855,790,766,777,815,826,845,874,795
P,939,855,789,764,776,813,826,844,871,794
P,940,856,791,766,778,816,827,845,874,795
P,937,857,790,767,778,816,827,844,872,793
P,935,856,790,768,781,818,826,843,874,796
P,935,857,789,765,781,816,825,842,872,794
P,936,854,790,766,784,817,826,842,874,796
P,937,857,789,766,785,817,825,841,877,793
P,936,855,789,767,788,818,825,842,871,796
P,934,858,787,767,784,819,824,844,873,795
P,937,856,788,768,787,820,823,842,874,794
P,944,858,788,766,785,817,825,846,873,795
P,940,856,788,768,787,820,825,847,873,797
P,944,856,787,767,789,820,824,847,874,796
P,937,856,789,768,790,819,824,850,872,798
P,933,857,786,768,793,819,826,848,874,797
P,937,857,787,767,793,818,824,849,876,797
P,940,857,787,768,790,819,824,848,871,798
P,933,858,788,767,791,818,826,851,872,798
P,938,859,788,767,789,819,828,850,874,798
P,936,858,786,766,793,817,828,850,872,799
P,940,857,787,765,790,816,829,849,874,799
P,945,856,787,768,788,817,828,848,872,799
P,941,855,786,767,788,817,827,852,874,799
P,943,859,787,764,788,815,826,849,870,799
P,939,853,788,766,782,814,827,850,869,798
P,940,857,788,768,780,816,827,852,871,799
P,941,856,788,768,782,814,828,850,872,799
P,935,855,788,767,781,816,828,851,872,799
P,942,857,787,767,783,815,825,851,869,801
P,942,856,788,767,780,815,827,849,870,798
P,940,858,787,768,780,814,827,851,869,800
P,938,858,787,767,781,815,826,851,870,799
P,933,858,788,768,781,813,827,851,870,799
P,940,858,789,765,780,813,826,848,869,798
P,937,859,788,765,780,815,826,850,872,799
P,936,854,786,767,779,814,825,848,871,797
P,939,857,787,765,781,814,825,852,870,796
P,940,856,789,768,781,815,826,849,869,799
P,939,857,785,767,778,813,825,848,870,798
P,938,858,787,766,779,816,827,848,869,797
P,934,858,788,768,779,812,825,849,871,798
P,935,857,787,766,778,814,826,847,871,797
P,941,857,788,768,779,814,826,849,872,798
P,941,857,786,768,779,814,824,851,872,799
P,933,856,788,768,779,815,826,848,870,799
P,942,858,786,767,779,814,824,849,871,799
P,941,855,788,766,779,816,826,849,870,798
P,936,857,788,767,780,814,825,850,870,797
P,943,857,787,766,780,814,826,849,868,798
P,937,856,787,766,779,815,825,850,869,799
P,936,858,787,769,778,814,825,847,869,798
P,937,858,788,768,779,816,825,847,872,798
P,939,854,788,768,778,816,826,850,870,797
P,939,858,785,767,780,816,825,848,874,797
P,940,856,788,767,779,816,825,846,870,798
P,933,853,786,767,778,815,823,849,872,798
P,939,856,788,765,780,815,826,848,871,798
P,934,856,788,769,780,816,826,847,871,798
P,942,858,788,768,780,815,826,848,871,798
P,938,856,784,766,779,814,826,845,872,796
P,937,858,786,766,780,815,825,847,869,798
P,934,856,788,767,779,815,826,849,871,797
P,938,858,787,767,779,817,826,848,869,798
P,939,854,787,765,780,813,827,845,870,797
P,931,858,788,768,780,815,828,845,875,798
P,938,855,788,768,779,815,828,845,873,796
P,934,856,786,765,779,814,829,846,874,796
P,934,858,787,765,780,814,831,844,874,797
P,936,858,788,767,780,816,830,847,872,796
P,934,855,787,767,779,815,830,846,873,797
P,936,857,786,768,780,813,830,844,871,794
P,929,856,787,767,779,813,830,846,875,795
P,934,855,787,768,779,814,831,846,874,796
P,935,857,787,765,780,815,831,844,873,796
P,932,855,788,766,778,813,831,845,871,795
P,935,858,788,767,779,815,829,844,871,797
P,931,856,787,767,778,814,830,844,872,795
P,941,855,788,768,776,814,831,845,874,795
P,933,859,787,767,779,814,830,844,872,796
P,938,858,788,767,779,813,831,844,873,796
P,939,856,787,767,778,815,830,845,873,796
P,940,853,789,767,777,814,830,845,873,796
P,939,855,788,768,778,815,830,843,870,795
P,932,857,788,768,778,815,830,844,873,797
P,934,856,788,767,777,813,829,845,871,795
P,933,856,788,769,778,815,830,844,874,796
P,937,858,787,770,778,814,829,841,872,796
P,939,856,788,769,777,815,831,844,872,795
P,934,854,785,771,777,814,829,843,872,797
P,939,855,786,770,777,813,829,842,870,794
P,936,857,788,771,778,814,829,842,875,794
P,940,855,788,770,776,814,828,846,871,797
P,933,856,786,769,777,815,830,843,873,796
P,938,855,787,771,777,814,830,842,872,797
P,939,855,787,771,778,814,830,841,871,794
P,932,857,786,770,778,815,827,840,872,795
P,929,858,789,773,778,815,830,843,871,794
P,935,856,787,770,778,814,827,841,873,795
P,939,857,788,771,776,814,830,840,870,795
P,937,858,787,770,777,814,829,840,872,794
P,932,856,786,771,775,813,828,840,870,797
P,940,858,788,772,778,814,830,843,871,796
P,932,856,787,773,777,813,827,841,875,797
P,938,858,788,774,778,813,829,843,873,793
P,933,858,788,774,777,814,829,842,870,794
P,936,860,787,770,778,815,828,840,871,793
P,937,857,787,773,776,813,829,843,871,796
P,938,854,787,772,776,814,829,839,872,793
P,934,856,788,772,776,814,829,843,873,794
P,937,857,788,771,777,813,829,841,872,795
P,936,856,788,772,775,813,827,839,873,794
P,939,857,786,773,777,813,829,843,873,793
P,935,857,786,771,778,815,828,840,873,794
P,938,858,788,773,776,814,829,842,874,796
P,940,855,788,773,778,815,828,843,872,793
P,939,855,787,772,777,813,828,841,872,796
P,932,856,787,772,778,813,830,840,870,793
P,936,858,787,772,779,816,828,843,877,793
P,939,857,787,772,777,813,829,841,874,794
P,936,858,787,773,777,813,827,840,874,794
P,930,859,787,771,778,813,830,842,872,795
P,939,855,788,772,777,814,828,841,869,796
P,934,858,788,772,780,813,829,841,865,793
P,932,858,788,772,777,814,828,840,873,795
P,936,857,788,772,779,814,830,840,875,794
P,934,856,787,771,778,814,828,841,871,794
P,935,857,787,772,779,814,828,841,872,794
P,936,858,787,770,780,814,828,841,871,795
P,933,854,789,773,777,814,828,841,872,795
P,938,858,787,773,779,813,828,839,872,792
P,936,858,787,772,779,814,828,841,874,795
P,936,855,787,771,780,814,827,839,869,795
P,930,857,788,773,777,814,829,840,874,795
P,935,856,786,771,777,816,828,842,873,793
P,935,855,788,770,780,815,828,838,870,794
P,937,858,788,769,779,815,828,840,872,794
P,930,856,787,771,779,814,826,839,874,794
P,933,857,787,771,778,812,827,841,871,793
P,932,857,787,773,778,813,828,840,871,793
P,938,855,788,769,777,815,827,839,871,794
P,932,856,787,772,779,813,828,842,869,794
P,933,855,788,771,779,813,828,840,873,794
P,932,857,787,774,779,815,827,841,872,795
P,932,856,787,771,778,813,827,840,870,795
P,935,856,788,773,778,814,827,839,871,795
P,936,859,787,771,780,814,826,840,873,796
P,934,855,788,772,778,815,827,841,869,794
P,937,856,788,772,780,813,828,840,875,794
P,941,859,788,772,779,815,828,841,874,794
P,938,857,788,772,779,814,827,841,872,794
P,926,856,787,771,778,815,827,841,871,794
P,935,857,788,772,777,815,828,840,871,794
P,941,854,787,771,779,814,828,840,871,795
P,935,856,786,769,780,815,827,838,873,795
P,936,855,787,772,778,813,828,840,874,795
P,937,856,789,772,778,816,827,840,872,793
P,932,856,787,772,778,817,826,839,873,794
P,933,857,787,772,779,815,826,843,875,792
P,933,855,786,771,779,817,828,842,872,794
P,936,856,788,772,778,817,826,838,872,793
P,930,857,788,772,780,817,827,839,873,794
P,937,857,788,773,779,816,827,843,875,794
P,931,855,787,771,780,815,826,838,871,792
P,933,857,788,771,780,816,827,841,872,794
P,928,856,790,769,780,816,825,841,873,794
P,935,859,788,773,781,818,827,842,873,793
P,930,859,788,773,782,817,827,838,870,793
P,936,857,788,771,781,815,826,840,873,794
P,935,856,789,770,782,816,825,839,872,796
P,932,856,787,770,781,817,827,841,869,793
P,938,858,786,771,781,816,827,839,872,795
P,933,856,787,772,779,815,825,840,872,794
P,931,854,787,771,781,815,825,840,871,794
P,939,855,788,773,779,816,826,840,871,796
P,931,858,787,772,779,816,825,839,872,795
P,931,856,788,770,780,816,825,839,873,794
P,931,855,787,773,780,814,826,841,872,795
P,937,858,789,771,779,813,825,839,873,795
P,938,856,789,773,780,815,826,839,871,793
P,932,858,788,774,781,814,826,840,870,795
P,932,855,788,771,779,815,827,842,872,794
P,933,855,789,772,777,815,827,838,874,793
P,932,858,787,773,778,815,827,841,871,794
P,934,858,788,772,779,813,827,839,869,796
P,930,857,788,771,779,814,824,838,870,793
P,936,855,789,771,778,815,827,840,873,793
P,930,855,787,770,779,815,826,838,873,795
P,936,856,788,772,780,813,826,840,872,794
P,936,855,788,771,780,815,826,840,871,794
P,936,855,786,771,777,814,826,839,872,795
P,934,856,788,771,779,815,826,842,872,795
P,934,856,787,771,779,814,826,840,870,796
P,931,857,788,770,778,814,828,841,875,794
P,935,857,788,770,778,814,826,840,874,795
P,936,857,788,771,780,813,827,840,867,795
P,932,856,788,770,779,814,826,841,872,796
P,935,856,789,772,779,813,827,840,872,794
P,934,854,789,772,779,814,827,841,875,795
P,935,855,789,770,778,814,828,840,874,794
P,937,855,789,772,778,813,826,840,872,795
P,938,856,786,772,776,810,827,838,873,795
P,934,858,790,769,780,813,827,841,871,794
P,930,857,787,772,779,812,826,838,873,795
P,933,853,789,771,778,813,826,838,874,796
P,936,857,789,772,776,813,826,840,872,796
P,937,856,790,770,779,812,828,840,874,795
P,933,855,789,771,779,812,830,838,876,796
P,935,855,790,772,778,813,827,841,874,795
P,931,856,790,771,779,814,829,842,875,796
P,939,856,789,772,780,814,829,838,877,797
P,931,853,790,770,779,812,829,838,875,795
P,936,858,788,769,778,812,830,840,875,796
P,932,856,789,771,778,812,830,840,875,795
P,935,858,791,771,778,812,830,840,877,796
P,927,859,790,769,778,813,831,841,877,797
P,932,857,790,772,780,814,831,838,882,795
P,929,856,790,770,780,813,831,840,883,796
P,938,855,790,772,778,813,833,837,886,797
P,929,857,790,769,778,811,834,839,885,796
P,930,854,789,769,780,812,834,837,886,797
P,933,855,790,772,779,813,836,839,886,797
P,938,855,791,772,777,813,837,838,884,797
P,931,857,790,770,778,814,837,839,887,796
P,932,856,789,768,780,811,838,840,888,797
P,935,856,791,771,780,813,840,838,889,797
P,934,858,791,768,777,813,840,838,886,795
P,937,858,790,769,779,812,841,841,890,797
P,932,858,789,770,780,812,841,839,891,797
P,936,855,791,769,780,813,841,839,888,795
P,934,858,789,768,782,813,842,839,890,795
P,929,858,792,771,780,812,843,837,890,795
P,935,855,789,769,781,811,844,839,891,795
P,932,856,790,769,783,812,846,840,889,797
P,935,857,791,770,783,812,846,836,889,794
P,937,858,789,771,786,810,846,837,888,795
P,932,856,791,770,785,811,847,837,891,796
P,938,859,790,768,786,810,847,838,890,796
P,931,859,791,767,787,811,846,837,891,795
P,935,855,789,770,789,812,846,837,891,796
P,934,856,791,771,786,814,847,835,886,795
P,934,855,791,768,787,812,847,837,890,797
P,928,856,790,768,786,812,847,835,887,796
P,939,855,791,769,787,812,848,836,890,797
P,932,856,792,767,786,811,848,837,890,797
P,926,856,791,770,786,810,848,835,892,797
P,935,857,792,768,785,811,848,835,889,797
P,931,855,792,770,785,811,848,835,890,796
P,931,861,792,768,787,811,846,835,889,796
P,931,857,792,767,785,811,847,836,887,795
P,933,854,791,769,785,811,846,836,890,796
P,930,858,792,769,786,811,847,834,888,795
P,930,857,792,768,783,809,848,834,886,795
P,934,857,793,768,785,811,847,838,888,798
P,923,857,793,769,786,810,848,834,888,794
P,929,855,792,769,784,811,847,834,888,797
P,930,857,793,768,783,811,847,838,891,797
P,936,855,794,769,785,810,845,833,888,796
P,935,854,793,768,783,812,847,835,887,796
P,931,856,794,767,785,811,847,837,888,795
P,931,856,794,770,781,809,845,837,887,795
P,930,857,793,769,784,809,846,834,887,794
P,924,858,792,771,784,809,846,834,888,796
P,930,855,793,768,784,810,846,834,888,794
P,929,857,793,769,782,809,846,837,885,795
P,925,853,796,766,785,809,847,835,887,796
P,933,857,795,767,784,810,845,837,889,795
P,929,858,795,767,781,808,847,837,886,796
P,938,859,796,769,784,810,847,833,888,794
P,933,856,795,769,783,809,847,835,887,795
P,935,854,794,769,784,810,845,836,884,796
P,925,854,795,767,782,809,846,835,888,797
P,927,855,794,767,782,808,846,835,885,797
P,932,858,796,767,784,809,845,835,887,794
P,926,856,795,766,783,810,847,837,886,796
P,928,857,795,765,784,810,847,834,885,793
P,932,858,797,768,784,810,848,836,889,796
P,930,858,796,767,784,809,847,837,889,795
P,922,858,795,766,783,806,847,838,888,796
P,925,854,796,768,783,808,849,839,887,796
P,928,854,797,767,786,807,848,838,889,797
P,927,857,793,769,783,806,845,842,888,794
P,932,854,797,770,786,810,850,837,887,797
P,931,857,798,767,785,809,852,840,886,795
P,928,858,797,769,785,809,852,840,889,797
P,931,856,799,766,784,808,851,840,889,795
P,930,856,797,769,787,808,852,840,888,795
P,927,858,797,768,784,810,852,842,890,797
P,926,855,800,772,785,809,851,841,886,797
P,927,855,799,768,785,810,852,839,889,796
P,925,855,798,768,785,810,853,841,889,795
P,932,857,797,766,787,810,852,839,889,797
P,934,855,798,769,786,809,853,840,889,796
P,926,854,798,768,787,809,852,839,889,796
P,929,855,798,767,788,808,850,840,887,795
P,926,856,798,768,786,809,852,843,887,795
P,931,855,798,767,786,809,853,840,889,794
P,928,855,797,768,785,809,852,840,888,796
P,933,855,798,768,784,808,852,841,889,797
P,932,855,799,768,786,808,851,841,889,796
P,927,855,798,769,784,809,852,841,889,796
P,927,857,798,769,783,807,852,840,889,796
P,926,858,797,768,784,809,850,839,886,796
P,926,857,798,769,785,809,851,842,889,798
P,934,858,798,772,784,810,850,841,891,797
P,934,856,798,769,786,812,849,844,888,796
P,930,856,798,767,784,809,848,843,886,795
P,926,855,798,767,785,811,847,843,889,798
P,932,855,797,769,784,812,849,845,891,795
P,928,858,797,768,786,810,850,842,889,797
P,927,857,796,767,785,811,850,840,888,796
P,936,857,796,767,786,809,848,843,887,795
P,931,855,796,768,783,810,848,844,886,797
P,928,856,797,768,784,811,849,841,889,797
P,930,856,797,767,784,811,847,840,885,797
P,935,859,797,766,784,810,851,841,887,797
P,930,857,796,768,785,809,850,838,887,795
P,934,855,797,768,784,809,849,843,886,797
P,929,856,796,767,783,810,849,840,888,797
P,926,858,796,766,783,809,849,839,886,794
P,930,857,796,767,786,809,848,839,888,796
P,927,858,796,768,785,810,851,842,887,794
P,930,855,797,768,783,810,848,842,885,793
P,931,858,795,767,784,811,848,839,888,794
P,926,857,797,766,784,811,849,839,886,796
P,928,854,796,768,785,809,849,840,886,794
P,928,856,796,767,785,809,849,838,886,793
P,929,857,796,768,784,810,848,838,888,794
P,930,854,795,766,784,810,846,840,885,795
P,933,856,796,767,785,809,848,839,885,796
P,928,856,797,770,782,810,848,838,887,795
P,936,857,796,769,784,808,847,837,889,795
P,933,855,796,768,784,808,848,841,883,793
P,932,856,796,767,783,809,848,837,886,795
P,935,856,795,767,782,809,848,838,887,797
P,933,857,796,768,781,809,849,839,884,796
P,928,856,794,767,782,809,846,837,887,793
P,932,856,794,768,782,810,849,840,884,795
P,934,857,796,768,783,809,846,839,886,795
P,929,855,795,767,783,809,847,837,885,796
P,934,855,796,769,783,810,847,838,886,796
P,932,857,796,769,784,808,849,834,889,794
P,929,858,795,768,782,809,847,838,887,794
P,932,855,796,767,782,810,848,838,888,795
P,930,855,794,768,784,810,848,839,884,795
P,937,858,794,766,783,810,846,839,884,794
P,932,855,794,769,783,809,846,837,886,796
P,934,859,795,768,783,810,847,839,884,794
P,928,856,796,766,782,810,848,836,889,795
P,931,855,795,768,784,809,847,836,887,794
P,936,854,795,767,782,808,848,838,885,795
P,933,857,795,768,782,810,847,839,884,793
P,935,856,795,767,781,809,848,835,885,793
P,934,856,796,768,783,808,847,839,887,794
P,933,854,794,768,781,806,845,836,887,795
P,934,858,793,769,782,809,848,839,887,795
P,926,854,793,767,784,808,847,838,888,795
P,930,856,793,769,782,810,846,839,886,795
P,933,857,794,768,783,810,847,838,884,796
P,933,858,793,766,782,808,848,839,883,796
P,931,856,795,769,782,809,847,838,885,796
P,932,856,795,769,784,809,848,838,884,795
P,930,858,795,769,782,809,847,836,886,794
P,933,858,794,768,784,808,846,837,883,794
P,934,858,794,767,782,809,847,839,887,795
P,935,858,793,766,782,808,847,839,885,794
P,934,856,794,768,782,807,846,837,885,794
P,937,858,795,767,783,808,847,837,885,794
P,935,858,794,767,784,810,846,837,883,795
P,929,856,794,769,783,809,846,836,883,793
P,933,858,793,767,783,808,847,836,887,795
P,936,857,795,768,782,809,845,837,885,795
P,930,859,795,768,782,808,846,837,885,794
P,930,855,794,768,783,809,844,835,883,795
P,933,857,794,767,783,810,847,835,885,793
P,933,856,796,768,782,808,847,836,884,794
P,931,857,794,767,783,809,845,836,882,793
P,934,857,794,767,782,808,846,837,884,795
P,925,856,793,768,782,808,844,836,886,794
P,931,858,795,768,783,810,846,835,883,794
P,929,855,793,767,783,809,844,837,886,794
P,932,854,794,768,784,810,844,837,887,795
P,936,857,794,768,783,810,846,838,886,793
P,935,855,794,766,783,809,843,839,885,795
P,931,859,794,767,783,809,844,835,885,794
P,936,858,793,767,784,809,843,835,885,794
P,928,858,793,767,784,809,842,839,881,795
P,929,856,794,767,782,809,843,836,885,795
P,930,855,796,769,782,810,844,838,882,794
P,930,854,793,768,783,810,843,839,882,794
P,929,855,794,767,783,812,842,836,882,795
P,930,856,794,767,783,810,843,837,882,793
P,927,856,795,768,783,810,842,836,883,793
P,926,857,795,767,784,810,842,838,884,794
P,933,858,794,768,784,810,843,835,883,796
P,934,855,794,766,781,809,844,838,882,793
P,933,855,794,767,783,810,841,836,883,794
P,930,860,795,770,782,808,843,836,884,794
P,929,854,794,768,783,810,842,837,881,793
P,930,858,793,769,782,809,843,835,882,795
P,929,857,794,767,782,809,843,836,882,795
P,932,859,795,766,780,810,841,836,884,793
P,933,855,795,767,782,811,842,835,884,792
P,929,855,795,769,783,810,842,836,884,795
P,931,856,794,767,783,812,843,836,880,794
P,929,857,794,767,783,810,843,837,882,793
P,934,858,794,767,782,811,841,836,881,793
P,928,857,795,766,782,811,842,835,884,794
P,934,857,795,767,785,812,841,835,882,794
P,928,857,795,766,783,812,842,836,885,794
P,932,857,793,769,782,812,842,838,881,795
P,934,857,794,767,785,812,843,836,883,792
P,928,857,794,767,781,811,841,838,884,793
P,926,856,794,769,784,812,839,836,881,795
P,928,856,794,766,784,812,842,835,882,795
P,931,856,794,768,784,811,841,836,881,793
P,932,857,793,767,783,812,842,838,881,793
P,931,857,795,767,784,810,840,837,884,794
P,935,854,793,769,784,810,839,835,881,794
P,932,855,795,767,783,811,842,834,883,794
P,929,856,795,766,783,811,841,835,885,795
P,936,856,793,766,783,811,841,836,883,793
P,935,857,794,767,782,810,841,837,883,793
P,934,857,794,768,783,811,840,836,883,793
P,937,853,794,768,783,811,840,834,882,793
P,933,856,793,768,784,811,841,835,884,794
P,929,855,795,766,783,811,841,837,883,793
P,932,855,794,767,782,811,840,835,882,792
P,933,855,795,767,784,811,840,837,883,793
P,934,853,794,766,783,809,839,837,880,793
P,931,856,795,767,782,810,840,836,878,792
P,930,856,795,766,784,812,840,838,884,793
P,935,856,794,768,783,810,841,836,882,794
P,932,856,793,768,783,811,840,835,883,793
P,930,853,793,767,782,810,840,835,881,794
P,927,858,796,765,782,810,838,834,880,792
P,931,856,794,765,784,810,838,838,882,791
P,927,855,794,767,783,811,840,836,880,793
P,931,855,796,767,783,810,840,835,881,794
P,931,856,795,767,783,809,839,837,884,793
P,928,854,794,768,783,810,840,836,882,793
P,934,858,796,767,782,810,841,832,879,794
P,927,858,796,768,783,809,839,837,882,793
P,935,855,796,766,782,811,838,834,883,795
P,930,855,794,766,783,810,840,834,884,793
P,929,858,795,767,784,811,839,837,882,790
P,934,855,794,767,784,810,839,837,882,793
P,931,856,795,768,785,810,839,835,883,794
P,926,858,795,766,783,810,839,834,882,794
P,932,857,795,767,784,809,840,836,879,794
P,930,856,794,766,781,811,840,835,881,792
P,934,856,797,767,782,809,839,837,880,793
P,928,855,796,768,783,812,838,838,880,793
P,936,855,795,767,784,809,839,837,882,794
P,932,856,796,766,784,810,840,834,882,792
P,928,855,795,767,783,809,839,837,880,793
P,934,857,796,766,783,809,837,835,880,793
P,928,854,796,767,783,809,839,836,881,794
P,930,855,795,767,784,810,839,836,883,794
P,933,858,797,768,783,810,839,836,880,794
P,928,858,796,768,783,810,838,834,883,794
P,930,859,796,766,784,811,839,836,879,792
P,927,855,794,767,784,810,838,834,883,792
P,932,854,795,766,783,809,839,835,880,794
P,935,855,796,768,783,810,838,835,880,791
P,932,856,797,766,784,810,840,838,880,794
P,929,858,796,767,784,808,838,836,882,794
P,929,856,795,767,782,809,839,833,882,793
P,928,856,795,766,782,808,838,834,884,791
P,931,855,796,766,781,808,839,833,882,794
P,931,858,796,767,784,809,839,835,883,794
P,932,853,795,767,782,809,839,832,882,793
P,932,857,796,767,783,809,839,834,881,792
P,931,858,797,768,782,810,840,834,882,794
P,927,858,796,768,784,808,838,836,879,795
P,929,858,795,768,782,808,838,835,880,791
P,933,854,795,768,782,809,839,834,881,792
P,933,855,796,768,782,810,838,835,882,792
P,932,857,796,766,783,809,838,835,880,793
P,935,859,796,767,784,810,840,832,880,792
P,935,856,795,768,782,807,837,834,880,793
P,929,856,796,768,782,809,838,835,886,795
P,927,855,795,766,782,808,838,833,882,792
P,937,857,795,767,783,809,839,832,880,792
P,929,856,797,768,781,808,840,834,881,794
P,931,854,796,769,783,809,840,833,880,794
P,932,854,795,766,783,809,839,834,882,793
P,933,858,797,767,784,808,840,832,882,793
P,935,858,796,767,782,809,837,835,882,794
P,935,858,796,766,783,809,838,834,880,792
P,929,858,795,767,784,810,839,834,877,794
P,927,857,797,767,782,809,838,834,880,790
P,937,856,798,768,784,809,837,835,882,793
P,930,854,795,767,783,809,837,833,882,794
P,932,856,797,767,783,809,839,834,881,792
P,930,858,796,768,784,810,838,832,881,794
P,928,857,796,766,784,808,838,833,879,793
P,933,855,796,766,782,810,839,834,880,794
P,929,856,795,766,784,809,838,833,879,793
P,930,856,796,768,783,809,837,836,882,791
P,928,858,795,766,783,809,839,832,882,793
P,932,857,795,768,782,810,837,832,882,795
P,931,856,795,766,783,809,837,833,883,794
P,938,858,796,767,783,808,839,831,879,791
P,930,856,795,766,783,810,837,834,882,795
P,928,855,796,768,784,808,838,834,881,791
P,929,856,796,767,782,808,837,834,881,794
P,933,857,795,766,783,808,837,833,882,793
P,929,854,796,767,783,808,837,832,879,794
P,929,855,796,768,784,808,836,833,882,794
P,927,858,796,767,784,808,839,834,882,793
P,933,854,794,767,783,809,838,835,879,793
P,918,861,797,765,784,809,838,835,882,793
P,932,858,795,767,784,809,838,832,881,794
P,932,859,795,766,783,809,836,831,879,794
P,933,855,796,766,783,809,837,834,880,793
P,928,857,795,766,785,807,839,831,882,792
P,930,857,795,765,783,810,838,832,880,793
P,928,856,796,767,782,807,838,834,881,793
P,932,857,796,768,783,810,839,834,885,794
P,931,857,795,766,782,810,838,832,883,795
P,934,858,796,766,783,810,837,833,879,793
P,931,856,795,766,784,808,838,831,878,793
P,934,855,796,768,785,810,839,833,879,792
P,932,854,794,767,784,807,837,835,880,794
P,929,858,796,766,783,809,839,832,881,791
P,928,853,796,767,782,809,838,834,881,793
P,934,856,795,767,782,809,838,831,878,793
P,936,855,795,766,784,809,837,832,880,794
P,930,858,795,764,784,809,837,833,882,794
P,925,855,796,766,782,810,837,832,880,794
P,933,856,795,766,783,808,838,833,882,794
P,933,857,795,766,782,809,839,833,883,792
P,928,854,797,765,782,808,838,833,882,791
P,935,855,795,767,781,809,837,833,882,792
P,934,856,795,768,784,807,839,833,878,793
P,935,858,795,766,782,809,837,834,880,793
P,928,858,794,767,783,809,838,834,879,791
P,937,856,796,765,783,809,837,832,879,792
P,933,858,795,765,781,807,836,831,880,792
P,928,855,797,767,782,810,837,835,877,792
P,934,855,796,766,783,809,837,834,881,792
P,933,857,796,768,783,809,838,835,881,795
P,929,858,794,767,782,808,837,833,881,791
P,928,855,794,767,783,809,837,833,879,793
P,929,857,794,767,781,810,836,832,880,793
P,933,857,795,767,784,809,835,833,879,793
P,938,856,795,768,782,810,834,831,880,792
P,933,856,796,767,781,811,836,834,881,792
P,925,855,795,768,783,809,836,834,879,794
P,932,854,796,766,782,809,835,836,883,792
P,928,856,796,766,783,809,836,832,881,793
P,930,856,795,769,785,808,835,831,881,793
P,930,858,795,767,783,809,836,831,880,788
P,927,854,794,767,783,809,836,833,881,794
P,929,857,793,768,783,810,837,831,881,793
P,931,857,794,767,784,809,835,831,880,792
P,925,854,797,766,782,808,837,834,881,792
P,941,857,797,766,784,810,837,833,880,791
P,936,859,795,767,784,808,835,833,880,793
P,928,857,795,766,782,808,835,833,881,791
P,933,857,795,767,784,808,837,831,878,792
P,930,856,796,769,783,810,837,833,879,793
P,933,855,796,766,784,810,837,832,882,794
P,930,857,795,766,782,808,835,834,881,791
P,929,856,796,768,781,808,837,834,882,793
P,924,857,795,766,783,808,837,832,881,792
P,929,858,796,765,783,809,836,831,879,793
P,925,855,797,765,781,809,837,830,878,794
P,937,857,796,766,783,810,837,832,879,792
P,927,854,795,767,783,808,834,829,880,791
P,935,858,795,766,781,810,837,831,880,792
P,932,855,796,768,782,809,836,834,879,793
P,926,860,795,767,784,808,836,832,879,792
P,934,857,795,767,782,809,836,833,881,793
P,931,856,797,766,783,809,837,832,875,794
P,926,856,795,766,782,808,836,834,882,791
P,930,857,796,766,783,810,836,835,878,793
P,928,855,796,766,781,808,836,834,879,791
P,934,854,796,765,783,808,837,832,881,794
P,935,858,796,768,783,810,837,833,882,793
P,928,855,797,767,782,809,837,834,881,794
P,935,856,795,768,782,810,835,832,882,794
P,928,856,794,765,781,809,835,834,880,793
P,931,856,794,766,783,809,835,833,880,794
P,935,858,796,766,781,808,834,833,882,791
P,934,855,793,768,782,808,836,835,880,792
P,932,853,795,769,782,808,837,833,881,794
P,927,856,795,766,783,810,835,833,879,794
P,931,857,794,768,781,809,836,831,879,792
P,931,856,796,766,782,809,836,836,884,792
P,930,855,795,766,782,810,837,832,880,793
P,930,857,796,766,782,807,835,833,881,793
P,931,855,796,766,782,808,834,831,881,792
P,934,855,796,768,781,810,836,834,880,791
P,933,854,794,768,782,808,836,833,879,793
P,933,858,796,765,781,810,836,830,879,792
P,930,857,796,769,783,807,835,831,882,794
P,934,856,795,767,781,810,836,832,881,793
P,925,855,795,766,783,810,834,835,883,793
P,926,853,796,766,784,808,835,834,878,793
P,930,855,796,767,782,809,835,833,879,791
P,937,855,795,765,781,809,836,833,880,794
P,935,854,795,765,783,810,836,830,879,794
P,929,856,796,767,783,809,834,831,878,793
P,931,857,796,766,782,808,834,834,880,791
P,936,854,795,766,784,808,835,831,882,793
P,929,857,796,767,783,809,836,831,879,792
P,933,859,796,766,783,809,836,833,881,794
P,927,855,796,768,782,809,836,833,879,794
P,925,857,795,768,783,808,836,831,882,793
P,932,858,797,766,782,809,834,830,880,793
P,929,855,796,767,784,809,834,833,880,792
P,930,854,796,766,783,808,836,832,878,792
P,928,856,796,768,783,808,836,832,880,791
P,927,856,796,764,782,807,835,832,881,794
P,928,856,794,766,782,810,836,833,878,792
P,930,855,796,768,784,808,834,830,880,794
P,933,853,795,768,783,808,835,832,877,794
P,930,857,795,766,783,809,835,831,880,793
P,936,859,797,765,782,811,835,831,879,793
P,931,857,797,767,782,808,835,833,879,793
P,932,856,795,765,783,809,836,832,881,793
P,927,857,796,766,783,809,836,832,881,793
P,933,854,797,767,782,807,835,831,877,794
P,932,857,796,765,783,807,833,830,880,794
P,926,856,797,768,783,807,836,831,882,793
P,931,858,797,768,783,808,836,831,883,793
P,928,855,797,767,783,808,835,831,877,792
P,928,856,795,767,784,808,834,830,881,793
P,927,858,794,765,782,808,835,832,879,794
P,936,855,796,767,784,809,834,831,880,794
P,930,856,796,766,784,810,837,831,880,794
P,929,857,796,768,782,808,835,829,880,790
P,929,855,796,766,783,808,836,831,879,793
P,932,856,795,766,783,809,835,829,881,793
P,935,858,797,767,782,807,834,832,881,793
P,925,855,796,765,783,808,834,831,878,794
P,930,857,795,767,782,807,835,832,881,792
P,931,857,795,767,782,808,834,832,877,793
P,920,860,795,766,783,809,836,827,879,792
P,929,856,797,767,782,807,834,831,878,794
P,938,854,797,766,783,808,835,831,881,793
P,938,856,795,770,780,811,836,830,878,794
P,927,854,797,767,782,808,834,831,877,794
P,932,856,796,767,782,808,836,829,880,793
P,932,856,796,766,782,808,835,831,879,792
P,932,858,797,767,780,807,834,831,879,792
P,920,859,797,765,782,809,834,828,878,793
P,931,855,796,767,784,809,835,829,879,792
P,934,857,795,767,785,808,835,831,881,793
P,928,857,796,767,784,807,834,830,880,793
P,931,855,796,767,784,809,836,827,880,792
P,932,856,794,766,783,809,836,826,878,792
P,932,852,797,766,782,809,835,829,879,792
P,932,857,796,766,784,807,834,828,880,792
P,935,857,798,765,782,809,837,832,880,792
P,930,858,797,768,783,808,835,829,880,793
