V,936,875,785,765,818,786,863,832,828,796
V,935,874,784,765,814,787,863,834,826,795
V,937,873,785,766,813,789,864,835,827,795
V,933,873,785,765,813,788,863,833,827,792
V,934,877,784,766,812,789,864,833,827,794
V,935,873,784,766,812,788,864,831,824,794
V,937,874,784,765,811,789,863,833,826,795
V,935,875,785,766,811,788,863,834,827,793
V,935,875,786,767,812,787,864,835,824,794
V,937,873,785,767,810,787,863,835,827,794
V,931,875,784,765,811,787,863,832,826,797
V,931,875,785,767,811,788,863,835,827,794
V,937,873,786,767,813,787,863,832,827,792
V,937,875,785,767,812,788,862,833,824,793
V,936,874,784,766,812,787,862,834,827,792
V,936,876,785,767,811,787,862,835,825,794
V,935,873,786,767,806,788,863,833,824,793
V,935,874,784,766,804,787,863,834,826,794
V,935,875,785,767,806,787,863,834,826,792
V,934,873,785,766,807,788,864,832,827,795
V,933,876,786,767,805,787,862,831,826,794
V,937,875,786,766,805,788,863,835,826,793
V,935,875,785,767,805,788,864,833,827,794
V,937,874,785,765,805,788,864,833,821,795
V,937,875,785,764,806,786,862,832,825,793
V,936,873,786,765,806,788,863,833,827,794
V,938,873,785,766,804,787,862,832,825,794
V,934,875,786,767,807,788,863,833,823,794
V,937,874,785,767,804,787,862,833,825,791
V,934,873,786,766,804,788,864,831,826,795
V,933,872,786,765,806,788,862,834,826,794
V,930,875,786,765,807,787,861,832,826,795
V,936,874,786,767,807,789,861,831,828,795
V,936,874,786,767,806,787,863,833,828,793
V,937,874,785,765,806,787,864,833,827,792
V,938,873,787,767,807,788,863,833,827,794
V,936,876,785,765,805,787,862,832,828,793
V,933,874,786,767,805,788,863,833,826,793
V,936,870,785,767,806,788,861,834,827,794
V,935,871,786,766,810,788,862,834,826,793
V,933,873,787,765,816,786,862,833,828,794
V,935,872,786,767,814,788,862,835,827,794
V,933,876,787,767,816,787,863,835,827,794
V,936,875,788,766,820,788,863,834,829,793
V,936,876,786,765,810,789,863,834,824,792
V,932,874,787,765,813,786,864,833,826,793
V,938,875,787,767,815,787,864,833,828,793
V,935,872,787,766,814,788,862,834,824,793
V,931,872,786,766,810,787,863,836,825,793
V,938,875,788,766,813,788,863,835,827,794
V,937,876,788,766,812,785,864,837,827,795
V,932,872,790,766,812,784,863,833,828,795
V,933,872,789,768,807,786,865,837,827,796
V,936,876,790,767,812,786,865,835,827,795
V,935,876,789,764,810,785,864,835,825,794
V,936,871,790,766,809,785,866,835,824,794
V,935,873,790,766,808,786,865,835,828,795
V,938,872,790,764,811,786,864,836,825,795
V,934,874,790,766,811,784,865,835,827,794
V,935,874,790,767,811,785,864,836,827,795
V,936,874,791,766,806,786,864,836,828,794
V,939,874,791,767,806,785,865,837,827,795
V,935,874,790,765,805,786,864,837,823,797
V,934,870,789,765,805,786,864,837,826,796
V,932,874,791,765,801,785,864,838,825,796
V,931,871,791,767,804,784,863,836,826,794
V,932,873,792,765,805,785,864,837,822,795
V,935,873,792,768,817,786,864,838,825,796
V,934,872,793,769,817,784,866,840,826,795
V,933,875,793,768,812,786,864,838,825,796
V,933,876,793,768,811,784,864,837,823,795
V,934,875,792,769,811,785,864,837,827,796
V,938,876,793,769,811,786,863,838,824,794
V,937,875,792,767,810,786,864,838,825,795
V,935,874,794,767,806,784,863,838,824,796
V,936,874,792,769,805,785,864,838,823,795
V,933,877,794,769,806,785,864,839,823,796
V,931,876,792,768,806,784,865,840,826,795
V,936,878,794,768,806,784,864,839,827,795
V,937,878,792,769,811,783,865,838,823,795
V,936,874,791,768,806,785,863,836,826,795
V,935,878,795,767,811,783,865,840,824,795
V,935,877,794,769,808,785,864,838,826,795
V,939,876,794,768,809,784,864,837,824,794
V,937,876,795,767,812,785,863,838,826,793
V,932,876,794,767,810,784,865,838,824,796
V,935,876,794,768,808,785,864,838,828,794
V,932,873,794,767,810,784,864,839,823,795
V,933,876,795,767,813,784,863,840,823,795
V,938,875,793,769,811,784,864,837,826,796
V,931,873,794,768,810,783,864,839,822,796
V,936,872,794,768,808,783,866,839,826,796
V,934,874,793,767,810,784,862,837,824,796
V,934,875,794,766,811,784,865,839,822,796
V,932,874,794,767,817,783,864,833,823,797
V,934,875,794,768,817,784,863,838,823,795
V,930,871,794,769,821,784,863,836,824,792
V,933,875,794,768,815,785,865,839,824,794
V,934,875,794,767,814,784,863,841,827,793
V,938,875,795,769,817,784,863,835,822,794
V,931,876,794,767,813,785,866,839,824,794
V,933,873,795,769,814,784,865,835,826,794
V,935,875,794,770,814,784,865,840,826,795
V,932,875,795,769,816,783,864,837,822,794
V,932,875,793,769,820,784,863,836,824,793
V,936,873,795,768,821,784,863,838,825,795
V,933,874,793,769,816,784,864,837,824,796
V,930,877,794,768,819,783,863,838,824,795
V,932,876,795,770,812,783,864,837,825,793
V,935,874,794,769,809,783,864,836,829,796
V,934,876,795,768,813,784,864,838,827,796
V,934,872,795,769,809,783,865,837,826,795
V,935,877,794,767,810,783,865,836,828,793
V,933,873,796,769,812,783,864,839,828,796
V,935,874,794,770,811,784,865,840,826,793
V,937,874,795,769,812,783,865,838,829,794
V,937,876,796,770,806,784,868,837,826,794
V,936,872,796,767,816,783,870,837,829,794
V,932,873,794,769,812,783,868,839,829,793
V,935,873,795,768,811,783,868,838,832,794
V,937,873,796,770,813,785,869,840,830,793
V,934,874,794,767,807,784,868,839,830,794
V,938,874,795,768,805,782,869,836,829,793
V,937,874,794,768,808,783,869,838,832,795
V,935,872,794,767,807,784,869,837,829,795
V,932,874,796,768,808,782,868,835,829,794
V,937,875,795,769,808,784,868,837,830,795
V,935,874,794,767,807,782,868,837,830,796
V,938,872,796,768,805,785,869,837,829,793
V,933,876,794,769,806,783,869,837,830,794
V,935,873,796,769,806,783,868,835,828,794
V,935,872,796,767,800,783,870,838,831,793
V,931,873,795,769,801,783,869,837,832,794
V,935,874,796,768,800,784,868,837,832,795
V,929,873,797,768,800,783,868,837,830,793
V,933,875,796,769,800,784,868,833,829,794
V,937,876,796,769,801,783,870,838,831,792
V,937,875,796,768,799,783,868,840,829,794
V,932,872,794,769,799,784,868,837,830,793
V,932,873,796,770,799,784,869,837,827,793
V,935,872,795,769,799,784,869,839,832,795
V,935,876,796,768,796,785,869,837,830,795
V,936,874,797,768,798,784,869,838,830,795
V,935,875,797,768,809,781,869,835,834,796
V,931,876,797,769,805,783,872,836,837,795
V,938,872,797,768,802,783,874,837,838,793
V,933,872,798,769,803,783,873,838,833,795
V,932,874,797,770,804,783,872,838,834,793
V,935,873,796,771,804,783,873,834,836,796
V,933,873,797,769,804,783,872,838,835,795
V,938,878,798,769,807,784,872,837,834,795
V,935,875,798,767,804,783,871,835,833,793
V,933,874,797,770,803,782,870,835,833,794
V,933,876,798,769,803,783,871,836,833,794
V,932,873,797,769,806,784,871,836,834,794
V,932,873,799,768,805,783,871,835,836,796
V,933,873,797,769,804,783,870,839,833,794
V,935,875,797,768,804,784,872,835,835,793
V,934,869,800,768,802,784,874,835,836,794
V,934,872,798,769,801,782,871,835,835,793
V,932,872,798,769,802,784,872,838,835,796
V,936,874,798,768,803,784,871,838,836,794
V,936,876,798,770,803,783,870,838,834,796
V,934,872,798,769,802,784,871,833,837,795
V,932,876,797,769,803,784,870,835,835,795
V,935,873,799,769,804,782,870,839,836,793
V,941,873,799,769,802,782,871,837,836,794
V,933,876,797,771,801,782,870,836,835,794
V,935,873,798,770,802,783,871,834,836,795
V,936,872,798,768,803,784,869,837,837,795
V,934,873,798,766,803,784,870,837,836,794
V,934,875,799,770,803,783,870,836,834,794
V,935,873,798,769,800,783,870,837,835,795
V,933,874,798,769,800,783,871,837,834,793
V,932,876,799,769,800,783,869,834,835,793
V,935,873,797,770,800,782,869,837,834,795
V,934,876,798,769,799,783,871,834,835,794
V,938,876,798,770,799,783,871,836,834,794
V,931,874,799,768,798,782,870,835,832,795
V,936,871,798,769,799,783,868,837,836,796
V,934,875,799,768,798,783,871,836,831,794
V,933,876,798,768,798,783,871,837,833,794
V,934,875,798,768,797,783,871,837,834,795
V,932,873,797,769,796,781,869,836,832,796
V,934,872,798,768,798,783,870,834,838,795
V,934,872,798,769,797,782,870,837,830,794
V,933,874,798,770,798,784,870,835,835,794
V,930,872,799,767,798,782,869,838,837,794
V,933,875,799,769,799,782,870,836,835,793
V,934,875,799,769,801,782,870,834,835,795
V,938,873,798,768,801,784,870,834,835,793
V,933,874,798,770,796,784,870,838,834,792
V,932,877,799,769,798,784,868,836,833,794
V,932,875,797,769,796,783,870,838,833,794
V,934,873,799,768,796,784,869,835,835,793
V,935,874,798,768,798,782,868,835,833,793
V,937,874,798,769,797,784,869,834,835,794
V,939,871,798,768,796,784,869,835,833,795
V,934,871,799,766,795,783,870,834,833,795
V,934,875,798,768,796,783,870,836,835,792
V,935,871,798,767,796,782,869,836,833,794
V,934,876,799,766,797,783,869,836,833,795
V,937,872,799,769,797,784,869,837,833,793
V,932,876,799,765,798,782,869,838,834,792
V,933,875,798,768,799,782,869,836,833,793
V,934,873,799,769,797,782,870,837,833,794
V,935,874,799,768,797,783,869,837,831,793
V,937,876,798,767,799,782,869,838,835,793
V,936,873,799,769,798,784,869,834,836,793
V,936,875,799,769,800,784,870,837,835,794
V,936,873,799,767,797,782,868,835,834,795
V,932,875,800,769,798,783,869,835,834,795
V,934,874,799,766,798,782,869,836,831,793
V,933,874,799,772,794,785,870,837,831,793
V,937,875,799,768,796,784,868,834,829,794
V,934,872,799,767,799,784,868,837,834,792
V,932,874,799,768,800,783,867,835,836,793
V,933,875,799,769,798,782,867,837,835,794
V,934,874,797,768,801,783,867,836,833,795
V,932,875,799,769,800,783,865,835,832,794
V,935,872,798,768,803,783,868,835,833,792
V,936,876,800,768,805,784,867,837,837,793
V,933,876,800,769,807,782,866,835,833,794
V,937,873,798,768,806,783,867,835,832,794
V,929,872,798,767,802,783,868,834,832,791
V,933,873,798,767,798,783,869,838,834,795
V,933,873,798,768,800,783,867,836,833,793
V,934,873,798,767,801,783,868,835,832,794
V,933,875,797,767,801,782,868,832,834,794
V,934,872,799,768,801,783,868,835,833,794
V,931,875,798,767,800,784,866,837,831,796
V,937,872,799,769,802,783,867,834,830,794
V,936,874,798,768,802,784,869,836,832,793
V,935,876,800,768,799,784,867,837,834,793
V,938,872,798,768,798,781,867,833,834,795
V,935,872,799,769,798,783,867,833,835,795
V,933,875,799,768,798,783,867,833,833,794
V,934,873,799,770,797,784,867,835,834,795
V,935,871,800,768,798,783,869,837,833,792
V,936,873,798,769,800,783,868,836,835,793
V,935,873,798,770,801,783,868,838,833,793
V,932,873,798,768,799,784,868,834,832,793
V,934,874,798,769,800,783,868,835,833,792
V,936,873,800,769,802,782,867,833,835,795
V,935,873,799,768,800,784,867,835,832,794
V,935,875,797,768,800,782,867,835,834,791
V,934,873,798,768,798,783,866,835,830,794
V,931,871,798,769,798,782,868,834,834,794
V,932,872,798,769,798,783,866,836,832,794
V,935,872,799,770,798,782,868,836,834,794
V,932,875,798,767,799,784,869,835,832,793
V,933,871,798,767,796,784,867,835,834,792
V,936,872,800,769,798,782,867,835,834,794
V,933,874,799,770,799,784,869,836,835,792
V,932,872,799,769,797,783,867,836,836,792
V,931,873,799,769,798,783,866,835,832,794
V,935,874,800,769,796,782,867,837,835,791
V,935,874,798,768,797,783,868,833,833,795
V,932,873,798,770,798,782,867,836,829,791
V,931,873,799,769,798,783,868,838,835,793
V,936,872,800,769,796,782,867,834,833,791
V,929,874,799,767,798,783,868,834,833,793
V,934,873,798,767,798,784,868,834,832,794
V,934,872,799,770,797,783,868,834,834,793
V,932,875,799,768,796,784,868,836,831,792
V,936,875,798,768,796,783,868,839,836,794
V,931,872,800,769,796,783,866,836,831,795
V,933,872,798,769,795,786,866,836,831,793
V,934,873,800,768,796,781,868,832,836,796
V,933,874,798,770,798,784,868,834,833,793
V,932,872,798,768,798,783,867,836,831,795
V,933,873,798,768,798,784,867,836,834,794
V,934,872,800,770,799,784,867,838,831,793
V,934,874,799,767,797,784,867,836,834,794
V,935,874,798,768,799,784,869,834,834,794
V,932,874,799,769,797,783,867,835,831,792
V,932,871,798,769,796,784,867,834,834,792
V,935,874,799,767,797,783,867,834,835,794
V,935,874,799,769,797,783,867,834,835,793
V,932,874,799,768,795,782,867,834,833,794
V,932,874,798,768,796,782,868,837,830,795
V,936,876,800,768,795,783,868,837,833,792
V,932,873,800,768,797,782,868,838,832,795
V,932,876,799,766,797,783,869,836,833,794
V,935,874,800,768,796,783,868,835,833,792
V,934,876,799,768,797,782,867,835,832,793
V,932,873,799,767,797,784,867,834,835,793
V,931,874,799,768,798,782,867,836,833,794
V,931,874,799,768,798,781,868,834,834,793
V,934,872,799,768,799,781,867,836,834,794
V,932,874,800,769,798,782,867,834,835,794
V,937,872,799,769,800,783,867,835,830,791
V,935,872,798,769,797,783,868,836,834,793
V,931,872,799,769,798,783,867,836,833,793
V,938,876,798,768,797,783,868,834,832,794
V,936,873,799,767,796,783,868,834,834,795
V,935,873,799,768,796,783,868,836,835,795
V,934,875,799,768,796,782,867,835,833,794
V,930,874,799,767,797,783,868,835,833,792
V,933,871,799,768,795,783,868,836,834,793
V,933,872,799,767,796,783,870,836,833,795
V,935,874,799,770,795,783,869,833,834,793
V,934,876,799,771,797,784,867,835,831,795
V,937,872,798,768,796,783,869,835,832,794
V,931,873,799,767,797,783,869,836,835,793
V,931,873,800,768,797,781,869,837,833,793
V,935,872,799,769,795,782,868,835,832,794
V,936,873,798,769,795,783,869,837,834,793
V,931,872,800,770,795,783,868,835,832,793
V,931,875,799,769,795,782,869,833,832,794
V,931,874,800,770,797,783,869,836,833,794
V,934,872,799,767,797,782,869,835,833,792
V,936,872,800,768,795,783,870,834,833,793
V,934,871,799,767,795,784,867,835,830,792
V,933,874,799,769,797,782,868,837,829,791
V,931,871,799,768,794,784,868,834,834,793
V,933,874,799,770,797,783,869,837,835,793
V,933,871,798,769,797,783,867,835,832,793
V,933,874,800,767,795,782,868,832,830,791
V,932,875,799,769,797,782,869,837,833,793
V,935,873,798,770,798,783,869,835,830,792
V,937,874,799,768,795,782,869,834,834,795
V,934,873,799,769,795,783,868,834,830,794
V,935,872,800,768,796,782,868,835,833,793
V,934,873,799,770,797,783,868,837,832,793
V,932,874,799,768,796,782,868,835,835,794
V,935,875,798,770,796,782,867,835,831,794
V,935,874,799,769,797,782,868,836,834,793
V,935,874,799,768,798,784,868,837,832,793
V,933,873,800,770,796,783,867,833,831,793
V,936,875,800,770,796,782,866,837,833,793
V,934,873,799,770,795,784,866,834,835,794
V,936,872,801,769,796,783,868,836,831,794
V,937,876,799,768,798,783,868,837,835,795
V,935,874,799,770,795,783,866,834,831,794
V,931,874,800,768,797,783,867,835,832,793
V,936,875,800,768,796,783,868,832,830,792
V,936,874,799,769,797,781,865,836,831,794
V,934,874,798,770,798,782,866,837,830,794
V,935,871,799,770,796,781,868,836,832,793
V,935,872,800,771,799,782,865,836,833,795
V,936,873,799,770,798,783,866,834,832,795
V,935,875,802,768,799,782,867,837,831,794
V,933,872,800,769,798,783,868,836,833,793
V,935,872,800,769,799,784,867,837,830,794
V,931,871,801,768,800,783,868,836,830,795
V,932,872,801,769,799,783,867,834,833,793
V,936,874,801,770,798,783,867,834,833,793
V,939,872,799,770,796,782,868,834,834,793
V,931,873,799,769,797,784,867,831,833,794
V,935,871,801,770,796,783,867,835,832,794
V,933,874,799,769,797,782,864,838,836,793
V,935,873,800,770,799,784,866,835,830,794
V,936,872,800,768,799,782,865,836,832,796
V,931,875,800,770,797,783,866,834,832,794
V,930,871,800,769,798,782,866,834,834,794
V,934,872,801,770,799,783,865,836,832,792
V,934,873,801,769,798,782,865,837,832,794
V,936,872,800,770,799,782,867,835,828,793
V,933,872,800,768,797,784,867,836,833,794
V,935,872,800,768,798,783,866,835,834,794
V,932,871,801,768,798,783,867,836,833,793
V,934,874,801,769,798,782,866,835,833,794
V,934,870,800,768,798,781,866,839,831,794
V,936,873,801,769,797,782,866,834,833,794
V,932,872,802,770,798,782,865,834,832,791
V,936,873,802,770,798,782,866,835,831,793
V,935,874,801,769,798,782,865,835,832,794
V,937,875,801,770,797,782,867,835,833,792
V,931,872,800,769,796,783,867,837,834,794
V,932,875,801,770,798,782,867,835,833,794
V,937,874,801,770,799,783,867,837,834,792
V,937,871,801,770,799,784,865,836,831,793
V,937,873,801,771,797,783,867,836,831,794
V,935,875,800,768,801,780,866,835,831,794
V,934,873,802,770,796,783,865,833,835,796
V,935,874,800,769,799,784,867,834,832,795
V,934,873,802,769,796,781,866,836,831,795
V,930,878,799,770,798,783,867,834,831,793
V,934,874,801,770,797,784,866,836,832,792
V,932,873,800,768,797,781,867,835,832,793
V,933,874,801,769,798,781,866,834,832,794
V,929,875,801,769,798,782,867,838,835,791
V,936,872,800,769,798,782,868,837,834,793
V,933,874,802,771,798,781,868,833,831,794
V,933,873,802,771,796,781,867,836,830,795
V,932,870,802,770,799,782,867,837,834,792
V,935,875,801,770,799,781,866,832,833,792
V,934,875,800,769,798,783,865,834,834,794
V,936,874,801,769,798,783,866,835,833,793
V,936,873,802,770,797,784,865,835,829,793
V,932,870,802,768,799,782,866,834,833,793
V,934,874,802,769,797,782,866,837,830,795
V,935,875,801,770,798,783,865,836,831,794
V,933,873,801,770,798,782,866,834,831,793
V,937,872,802,771,796,783,867,834,833,794
V,932,875,801,769,797,783,866,837,830,793
V,936,874,800,771,800,780,865,836,831,794
V,935,873,801,769,797,782,866,837,833,794
V,936,873,802,769,799,784,866,836,831,794
V,936,875,801,768,799,783,866,835,833,792
V,931,873,801,770,800,784,868,828,833,792
V,935,872,802,770,798,783,868,837,831,792
V,931,872,802,769,797,782,866,834,831,794
V,933,872,801,770,799,783,867,835,833,794
V,936,874,800,768,800,783,866,836,829,792
V,932,872,799,768,798,783,866,836,833,792
V,934,872,801,770,800,782,867,836,832,792
V,930,869,801,772,802,784,867,837,831,793
V,931,873,801,769,800,783,865,836,832,792
V,936,875,802,770,802,783,864,836,831,793
V,930,871,801,770,800,783,866,836,833,793
V,933,871,800,770,800,781,866,836,835,792
V,931,872,801,770,800,781,865,834,833,793
V,933,870,802,769,799,783,866,836,832,794
V,933,872,801,769,799,782,866,836,830,792
V,935,874,802,770,799,782,866,835,832,793
V,940,872,802,770,801,783,866,834,830,794
V,930,872,801,770,801,784,865,835,831,793
V,940,877,802,769,798,783,866,836,830,794
V,931,874,802,770,800,782,865,833,831,792
V,937,875,800,770,797,783,866,836,832,793
V,937,873,802,769,799,782,867,836,834,793
V,935,874,801,770,798,783,866,833,833,792
V,934,871,802,769,800,783,867,836,831,793
V,935,871,802,769,798,782,866,837,834,793
V,932,873,802,769,799,783,867,834,833,794
V,934,874,802,770,800,782,866,835,835,794
V,937,875,801,768,798,783,866,836,833,794
V,930,872,801,770,800,784,865,835,832,792
V,931,871,803,771,799,783,866,834,833,793
V,936,872,801,769,800,783,866,836,834,795
V,929,875,801,769,798,782,865,834,831,794
V,934,875,802,770,798,782,865,837,831,793
V,933,873,802,770,801,782,866,833,835,791
V,933,874,802,770,805,782,866,837,830,795
V,937,873,800,769,805,783,865,836,832,793
V,936,874,802,770,808,783,866,837,832,795
V,927,871,803,769,804,782,865,834,832,793
V,936,872,801,769,806,783,866,835,831,793
V,929,874,802,769,808,783,867,836,832,793
V,934,874,802,769,805,783,865,834,835,793
V,932,874,802,770,804,784,867,835,832,793
V,936,874,803,769,803,782,866,834,834,793
V,936,874,801,769,805,780,866,833,830,792
V,937,871,802,770,809,782,866,834,833,793
V,936,875,802,768,803,783,865,834,833,791
V,934,873,802,769,803,781,867,835,832,792
V,929,873,803,770,808,783,865,833,832,795
V,937,872,802,770,805,782,866,834,831,792
V,935,870,802,769,801,783,867,835,831,793
V,931,874,801,771,801,783,867,836,833,794
V,934,874,803,768,798,782,866,834,830,794
V,930,873,802,769,800,782,865,834,832,791
V,936,874,803,770,799,782,866,835,832,793
V,937,873,802,771,799,782,866,836,834,793
V,933,874,803,770,801,782,866,832,833,793
V,930,873,804,769,799,782,865,834,833,794
V,935,874,803,770,799,783,867,833,834,793
V,933,872,803,769,801,783,866,833,833,792
V,934,873,801,769,800,783,866,834,831,795
V,930,871,802,770,800,783,866,835,833,795
V,936,873,803,771,801,784,866,833,832,793
V,934,873,803,770,800,782,867,834,834,791
V,934,875,802,769,801,782,865,835,834,794
V,932,872,802,771,802,783,867,836,835,794
V,937,875,803,771,801,781,867,836,835,795
V,937,873,801,769,801,783,867,833,836,793
V,935,873,803,769,801,782,865,832,834,795
V,932,871,803,771,803,781,868,838,836,791
V,933,873,801,770,802,783,865,834,834,795
V,930,871,802,768,803,783,866,836,832,793
V,935,875,804,771,803,781,865,833,832,792
V,936,873,802,769,802,783,866,833,835,793
V,937,875,804,771,804,783,866,836,833,793
V,931,872,802,770,803,783,866,835,834,793
V,932,873,802,770,803,783,866,833,829,792
V,938,872,804,770,800,782,867,835,834,794
V,931,873,803,772,804,782,865,837,834,792
V,935,875,803,769,804,783,866,834,832,794
V,933,874,803,769,802,783,865,833,834,792
V,935,873,804,770,804,781,866,833,832,795
V,933,872,802,770,801,783,867,831,832,792
V,932,872,802,770,802,783,868,834,833,793
V,928,873,803,770,803,780,867,834,832,793
V,933,871,802,770,803,782,867,833,835,793
V,935,876,801,770,804,783,866,834,834,793
V,932,874,801,769,803,782,867,835,834,793
V,937,873,804,769,802,781,867,832,834,794
V,931,871,804,771,802,782,866,834,832,793
V,936,872,801,769,804,783,866,833,834,793
V,932,874,804,770,806,780,867,836,834,792
V,933,873,803,770,806,783,866,835,831,793
V,931,874,803,770,805,782,866,834,836,792
V,936,873,804,770,806,783,867,832,836,794
V,930,874,806,771,803,783,868,835,835,794
V,932,874,804,771,804,782,867,833,836,795
V,936,873,803,769,805,783,867,831,835,793
V,937,874,804,769,803,783,867,834,834,794
V,930,871,803,770,805,783,868,833,833,794
V,930,872,804,771,803,784,866,834,834,794
V,932,874,803,770,804,782,867,833,834,794
V,936,873,802,768,805,784,868,835,835,794
V,935,873,804,771,804,782,867,832,835,795
V,934,872,804,770,806,783,866,834,833,794
V,936,874,804,770,808,782,866,831,837,792
V,934,873,803,770,814,782,867,834,834,795
V,935,874,804,770,812,783,868,834,834,794
V,935,875,803,771,812,783,868,833,832,793
V,935,872,804,771,813,783,869,833,835,792
V,935,874,803,770,815,781,867,833,835,794
V,932,876,803,770,813,784,867,834,834,793
V,931,873,804,771,816,781,869,835,832,794
V,938,873,803,770,820,783,868,835,833,793
V,933,875,803,769,817,783,868,833,834,792
V,934,869,804,771,819,783,870,836,836,795
V,938,872,804,770,814,783,871,835,836,793
V,936,873,804,771,814,782,870,832,832,794
V,932,879,804,768,809,782,870,836,832,793
V,930,879,804,769,805,783,866,834,832,794
V,933,877,801,766,808,782,866,836,835,794
V,936,879,803,770,810,783,866,834,834,792
V,936,878,805,771,812,784,865,834,832,794
V,936,879,804,769,812,783,864,834,833,794
V,934,879,804,769,817,783,865,837,836,795
V,935,877,804,771,813,782,866,833,836,793
V,937,877,803,770,812,783,865,837,833,792
V,932,877,804,770,814,781,864,836,834,793
V,937,880,802,769,812,782,865,833,833,794
V,932,878,804,769,812,782,865,837,832,794
V,928,877,803,769,812,783,863,836,835,792
V,935,879,804,769,806,783,863,836,833,794
V,931,878,802,770,806,781,864,832,833,793
V,931,878,804,771,807,783,863,837,836,792
V,935,878,804,769,805,781,862,838,832,791
V,936,880,804,769,804,782,863,836,832,795
V,931,878,804,770,799,782,861,835,833,792
V,933,877,804,770,801,783,862,835,833,794
V,932,880,804,770,798,782,862,836,836,794
V,933,879,805,770,801,782,861,834,834,793
V,930,879,804,770,801,783,860,836,835,794
V,933,878,806,771,802,782,860,836,834,792
V,932,878,804,769,800,781,859,833,832,792
V,936,880,804,771,801,783,861,837,834,793
V,934,877,805,770,802,782,860,836,832,792
V,933,880,805,771,801,782,861,834,832,793
V,934,880,804,769,801,783,860,836,834,794
V,936,880,803,771,801,782,861,836,832,793
V,933,879,805,770,799,784,859,837,834,793
V,933,879,804,769,801,782,861,834,834,793
V,938,880,805,769,800,783,859,836,835,792
V,936,877,804,770,800,782,860,836,834,793
V,938,878,804,768,799,783,859,834,834,794
V,935,877,805,769,800,783,860,835,834,794
V,936,880,804,770,800,782,860,836,834,792
V,935,879,804,769,800,783,860,838,834,792
V,932,877,805,770,799,784,861,835,832,794
V,936,880,804,770,798,782,860,836,834,794
V,936,879,804,770,798,783,860,838,833,793
V,935,877,803,769,800,783,860,833,835,794
V,935,879,804,769,797,781,861,834,836,793
V,937,879,804,770,800,783,861,835,834,794
V,939,879,804,768,800,782,859,836,834,793
V,934,876,805,770,798,784,861,832,835,793
V,937,881,806,768,801,781,859,835,834,791
V,937,880,804,770,800,783,862,833,836,795
V,933,879,804,768,800,782,861,837,833,792
V,931,880,804,769,802,784,860,831,834,793
V,936,880,805,770,800,783,861,834,832,792
V,930,876,805,769,802,782,864,834,833,792
V,937,877,804,769,800,783,863,836,837,791
V,937,875,804,767,800,782,863,835,837,796
V,938,879,805,769,798,783,863,834,834,794
V,936,876,805,770,800,782,862,833,833,791
V,935,879,805,770,801,783,862,835,833,792
V,934,877,806,770,801,782,862,835,835,795
V,934,876,804,768,801,784,862,835,832,795
V,937,876,806,770,801,780,863,835,832,794
V,931,875,805,770,801,783,863,835,831,792
V,933,877,804,769,800,783,864,835,832,791
V,935,876,804,769,799,782,863,833,833,794
V,931,878,804,769,801,782,864,833,834,791
V,933,876,804,770,799,782,863,834,835,794
V,933,874,805,767,800,784,863,833,834,792
V,935,876,804,770,801,782,864,836,834,794
V,931,875,805,770,800,782,863,836,832,793
V,937,878,805,770,800,783,864,835,833,794
V,934,877,805,770,799,783,863,836,832,794
V,935,875,805,769,800,782,862,831,832,792
V,931,879,806,770,800,782,863,835,836,793
V,930,876,804,770,801,782,863,835,832,792
V,928,876,805,768,801,783,863,835,834,792
V,932,876,804,769,800,783,862,835,832,792
V,934,875,804,770,800,783,863,833,832,793
V,934,877,804,770,802,782,864,836,834,795
V,933,875,806,770,799,783,863,833,834,792
V,935,876,805,769,800,783,862,834,833,793
V,938,879,806,768,800,782,862,833,834,794
V,935,877,805,770,801,783,863,834,833,792
V,934,876,805,767,802,782,864,836,835,793
V,933,877,804,769,801,784,864,834,830,792
V,935,875,805,770,801,784,863,833,831,794
V,930,875,805,770,800,782,864,835,834,793
V,934,876,804,769,800,783,863,836,835,793
V,938,874,805,771,800,782,864,834,835,792
V,934,877,805,770,799,782,862,833,835,793
V,937,876,806,769,801,783,863,834,834,792
V,932,875,805,770,801,784,862,835,832,794
V,934,876,806,769,801,783,862,835,835,792
V,933,876,805,770,800,785,863,835,833,794
V,934,877,805,769,800,782,862,836,834,793
V,931,874,805,767,803,781,863,837,830,793
V,933,877,805,770,799,783,862,832,836,795
V,931,877,804,770,801,783,864,836,835,793
V,937,876,803,770,802,783,863,836,834,794
V,931,878,805,768,801,782,864,832,834,792
V,929,876,804,770,802,782,863,834,832,793
V,933,874,805,770,801,783,863,834,835,794
V,936,875,805,770,801,781,863,833,831,792
V,932,875,805,769,802,782,863,835,832,793
V,932,877,804,769,801,783,864,835,835,793
V,933,876,804,770,802,784,863,834,835,794
V,936,877,806,768,800,783,864,833,832,794
V,935,874,804,768,801,782,863,833,834,795
V,937,875,805,770,802,781,864,834,834,791
V,933,874,805,769,802,783,863,834,834,793
V,933,875,805,771,802,782,863,834,834,793
V,933,875,806,770,802,783,863,834,834,794
V,931,875,804,768,801,782,864,836,836,794
V,938,875,805,770,802,783,863,834,833,793
V,927,878,805,768,804,783,863,832,834,794
V,937,874,804,770,802,782,863,832,830,793
V,933,876,804,769,800,782,863,832,835,794
V,935,874,805,769,801,783,863,832,832,795
V,935,875,805,770,801,782,861,832,833,794
V,935,874,805,769,801,781,862,831,833,793
V,936,876,806,769,802,783,864,835,834,794
V,936,875,804,768,803,781,864,832,833,795
V,933,874,805,769,803,782,864,834,835,793
V,933,876,806,768,803,782,862,832,832,793
V,937,877,804,769,802,782,863,835,835,795
V,935,873,806,770,803,783,862,833,830,792
V,932,874,805,768,802,782,863,836,831,792
V,937,878,806,767,804,783,863,832,833,794
V,933,876,805,769,803,783,862,834,834,791
V,935,878,805,768,803,782,861,832,832,793
V,932,876,805,769,803,783,864,835,836,794
V,937,876,804,770,803,782,864,835,833,794
V,934,877,804,770,802,781,864,833,832,793
V,935,875,805,769,803,783,863,834,836,792
V,932,878,805,769,803,783,862,836,832,792
V,935,876,805,769,804,782,863,836,833,793
V,933,874,807,771,804,783,863,833,833,792
V,932,876,805,770,805,782,864,835,833,792
V,933,877,806,769,805,782,862,832,834,792
V,934,875,806,769,805,782,863,835,832,791
V,933,877,805,770,806,783,862,833,835,792
V,934,875,805,769,805,782,863,837,836,791
V,934,876,805,769,804,783,863,832,835,794
V,930,873,806,767,806,781,863,834,834,794
V,935,874,805,768,805,781,861,830,837,790
V,931,877,806,770,803,783,863,834,832,794
V,935,875,806,769,803,782,863,830,836,794
V,933,873,804,768,801,782,862,833,831,793
V,932,875,804,769,805,782,863,832,836,794
V,932,877,805,769,807,786,863,833,830,793
V,932,873,806,771,806,783,862,835,836,794
V,931,877,806,768,804,782,863,834,834,793
V,934,875,804,768,802,782,864,833,832,794
V,933,875,805,769,803,782,863,835,833,791
V,934,873,805,770,804,783,863,831,833,792
V,934,877,804,771,804,781,862,835,834,792
V,932,880,807,771,805,782,863,832,835,794
V,934,875,805,769,803,784,863,835,835,794
V,933,875,804,769,804,782,862,832,834,794
V,935,878,806,769,804,782,863,833,835,794
V,935,875,805,769,801,783,863,835,830,794
V,932,875,805,768,800,781,862,834,834,794
V,935,874,806,770,808,782,862,834,834,793
V,938,876,805,769,803,783,863,833,832,792
V,936,872,805,769,801,783,863,834,831,794
V,935,874,806,770,806,784,863,834,835,792
V,935,873,807,768,805,782,863,832,833,794
V,936,875,806,767,805,783,862,832,834,792
V,932,878,804,769,804,782,863,832,832,794
V,937,877,805,770,803,783,863,834,832,794
V,931,875,805,769,802,783,864,835,832,794
V,935,874,805,769,805,783,864,832,836,791
V,937,874,805,770,806,782,864,834,834,792
V,935,877,805,770,805,782,863,834,832,792
V,932,876,805,769,803,784,865,833,833,794
V,936,873,806,770,802,781,865,835,833,794
V,938,875,805,770,800,782,862,832,832,793
V,937,876,806,770,801,784,864,831,835,793
V,934,873,806,771,802,783,862,833,832,793
V,937,875,804,771,799,783,865,830,832,794
V,934,875,806,769,801,783,863,834,835,793
V,935,875,804,770,805,783,862,833,831,791
V,934,875,806,770,805,782,864,832,833,793
V,934,874,807,769,805,784,861,836,831,793
V,933,875,806,770,805,784,863,832,833,791
V,938,875,805,769,805,783,861,834,833,794
V,932,877,805,768,806,782,862,835,834,792
V,937,874,806,769,805,783,862,833,835,792
V,932,878,805,769,805,783,863,833,831,792
V,937,876,803,768,801,784,862,833,831,793
V,934,874,806,768,804,782,863,832,834,793
V,933,875,806,769,804,782,862,832,835,793
V,933,875,805,770,802,782,863,832,831,793
V,934,874,805,768,804,782,862,834,835,793
V,936,877,807,770,801,782,862,836,833,792
V,936,874,805,769,803,783,863,835,834,793
V,934,875,806,769,803,781,862,835,833,793
V,932,874,806,769,802,782,863,834,833,793
V,933,876,805,770,802,782,863,834,834,794
V,937,876,805,769,803,785,861,834,833,793
V,937,875,806,769,804,783,862,833,832,793
V,932,874,804,767,805,782,861,832,837,792
V,937,879,805,771,806,782,862,834,834,793
V,933,878,805,769,805,783,862,833,835,793
V,935,875,805,768,804,782,862,834,836,793
V,932,874,805,768,805,783,863,835,833,793
V,935,877,805,770,804,782,861,834,835,794
V,931,876,806,770,804,783,862,831,832,793
V,935,878,806,769,803,782,862,832,834,794
V,936,879,805,770,803,781,863,833,833,793
V,940,875,804,769,803,782,862,834,832,794
V,933,877,806,769,803,782,864,834,835,792
V,932,876,808,769,800,784,862,832,833,792
V,932,878,806,770,803,784,863,836,830,793
V,933,875,807,770,801,782,864,833,833,792
V,937,874,807,770,802,782,866,834,834,795
V,935,875,806,768,801,783,864,830,836,792
V,934,877,807,769,802,783,864,833,835,795
V,934,877,807,769,802,781,864,833,833,792
V,933,876,807,768,801,781,864,831,835,794
V,936,878,808,768,801,783,864,829,835,793
V,936,877,808,770,802,783,864,834,835,793
V,936,876,808,769,802,784,864,833,834,794
V,937,879,806,766,800,783,864,833,836,792
V,931,878,809,767,802,784,866,831,837,793
V,932,879,808,771,802,784,864,833,835,795
V,935,877,807,771,801,783,864,833,834,793
V,937,876,808,769,801,782,864,832,832,792
V,932,878,808,768,802,783,865,832,836,792
V,935,876,806,768,801,782,864,831,835,794
V,932,877,807,769,802,783,864,833,835,795
V,933,873,809,770,801,782,865,833,836,793
V,935,880,807,769,803,783,863,834,836,794
V,936,877,808,769,801,781,864,834,836,794
V,935,876,808,768,804,783,865,833,836,794
V,935,877,808,767,802,782,865,834,834,793
V,936,876,806,769,803,782,864,834,834,795
V,934,877,808,771,803,783,866,830,835,793
V,933,877,807,770,805,784,866,832,835,794
V,934,877,808,770,807,784,866,833,835,794
V,933,874,807,769,804,782,866,831,837,793
V,934,878,808,769,803,782,867,833,837,795
V,934,877,808,769,806,783,866,830,836,793
V,933,874,808,770,802,783,867,833,838,793
V,933,873,809,769,804,782,867,833,838,793
V,936,873,808,769,803,783,866,833,837,793
V,936,873,807,769,803,782,867,830,836,793
V,933,873,808,770,801,781,865,830,835,794
V,935,875,807,768,803,783,865,831,839,794
V,933,872,805,769,803,781,864,832,838,794
V,934,875,807,770,802,781,866,833,836,793
V,933,872,808,769,801,783,866,833,838,793
V,934,876,809,770,802,782,866,830,838,793
V,937,875,807,769,802,782,863,829,836,795
V,934,875,807,769,802,783,866,830,835,794
V,933,874,807,767,803,784,866,834,837,793
V,935,873,806,770,801,783,866,830,837,794
V,933,874,808,769,802,781,867,832,837,794
V,931,872,807,771,801,784,865,833,839,794
V,931,874,808,769,801,782,865,832,835,792
V,930,875,808,770,801,784,866,830,838,793
V,936,874,807,770,800,782,864,830,836,792
V,930,874,807,769,801,782,865,832,838,793
V,936,875,805,768,800,783,865,831,837,794
V,934,875,808,769,799,782,867,833,835,794
V,934,874,806,768,801,782,866,833,835,795
V,929,872,808,769,801,783,865,832,836,794
V,936,875,808,770,801,783,865,832,838,793
V,931,874,809,768,801,781,865,831,838,793
V,930,874,807,768,799,783,864,831,835,793
V,934,873,807,770,800,782,865,830,837,793
V,939,872,808,773,802,782,865,832,838,795
V,935,875,807,770,801,783,866,832,836,793
V,933,874,808,769,801,783,865,831,837,792
V,932,873,808,769,799,783,866,830,834,795
V,934,872,807,770,802,781,866,833,837,793
V,932,874,808,769,800,782,864,830,837,792
V,933,873,807,769,800,781,864,829,834,792
V,935,874,807,768,799,781,866,833,840,791
V,930,874,808,769,800,783,865,830,837,794
V,933,874,809,770,801,782,865,829,839,793
V,934,872,808,769,801,783,865,832,837,795
V,932,874,808,768,803,782,864,832,838,793
V,932,875,808,770,801,783,865,830,839,794
V,932,875,808,769,802,783,865,833,839,792
V,932,875,808,769,803,783,865,828,838,794
V,929,875,808,769,804,784,865,832,838,794
V,936,875,808,770,803,784,864,831,838,794
V,934,876,809,770,804,782,865,831,839,795
V,931,872,809,770,805,782,865,832,837,793
V,932,875,808,768,807,782,866,830,839,792
V,932,875,808,768,808,783,865,830,839,794
V,935,875,807,770,807,782,865,829,840,793
V,935,873,809,770,807,784,864,829,838,792
V,930,875,809,770,806,783,864,830,837,792
V,936,874,809,768,808,783,864,829,841,795
V,932,874,809,769,807,784,866,832,836,792
V,932,875,808,769,807,784,866,830,839,791
V,934,875,809,770,807,784,865,831,838,794
V,929,872,810,770,807,784,865,831,837,793
V,933,872,810,769,807,784,865,829,838,792
V,937,876,810,769,808,784,865,832,836,793
V,936,876,811,771,807,784,866,829,839,792
V,933,874,810,770,807,784,864,828,837,792
V,932,870,812,771,809,783,864,832,839,794
V,932,874,811,770,808,783,865,832,839,794
V,934,874,812,771,807,785,864,833,838,792
V,934,873,812,771,807,783,864,833,836,792
V,932,872,812,769,807,785,864,831,839,794
V,935,873,811,769,806,785,865,830,840,792
V,932,873,811,769,805,784,864,832,838,794
V,936,873,813,771,807,783,865,831,836,793
V,933,872,813,771,806,784,864,830,839,793
V,935,871,813,772,806,783,863,828,838,792
V,931,871,812,771,806,784,863,829,838,794
V,932,873,813,771,805,785,865,832,839,793
V,931,874,813,771,806,785,864,831,836,794
V,932,875,814,770,803,784,862,830,836,794
V,933,874,813,771,806,785,864,830,837,795
V,934,874,814,771,805,786,862,831,841,795
V,931,873,812,770,803,785,863,831,838,794
V,934,874,814,769,806,786,864,831,838,792
V,932,874,813,772,806,785,862,831,837,793
V,931,871,814,771,806,786,863,829,838,793
V,931,876,814,770,805,785,863,829,837,794
V,934,873,813,770,806,786,864,830,837,792
V,933,871,814,770,804,785,863,831,838,794
V,931,872,813,770,804,785,862,830,838,795
V,934,872,814,772,806,786,863,830,835,792
V,933,872,813,770,805,785,863,829,838,792
V,934,874,813,770,805,784,862,828,834,792
V,935,871,813,772,805,786,863,832,839,793
V,932,874,814,772,806,785,863,832,836,793
V,932,874,814,769,803,785,863,829,835,791
V,930,874,814,771,802,786,863,831,838,793
V,929,872,814,773,804,786,863,831,840,792
V,932,872,815,771,804,786,863,831,836,794
V,935,873,813,771,805,785,863,831,839,793
V,935,871,814,770,802,785,863,831,837,793
V,931,874,815,769,803,785,862,829,835,792
V,933,872,813,770,803,784,862,829,836,792
V,935,872,815,771,802,785,863,832,838,794
V,931,875,813,771,800,783,864,832,839,791
V,932,874,815,769,802,783,861,832,837,793
V,936,874,814,770,801,784,864,831,836,794
V,934,873,814,770,799,785,864,829,838,796
V,934,874,814,771,801,784,864,832,834,793
V,936,874,813,768,804,783,863,833,837,795
V,933,875,814,770,799,783,865,830,838,794
V,931,874,814,771,801,784,865,834,836,794
V,935,871,814,770,800,783,865,833,836,794
V,934,872,814,771,801,784,863,831,837,794
V,934,872,813,770,799,783,864,834,834,794
V,931,875,813,769,801,784,864,830,835,793
V,932,873,814,769,799,784,864,832,836,794
V,935,873,813,771,800,783,864,832,834,793
V,931,874,814,771,801,785,864,834,837,795
V,931,874,814,771,801,784,862,832,836,794
V,932,874,813,770,800,783,862,832,837,795
V,931,873,814,771,800,785,865,833,838,794
V,933,872,813,769,799,782,865,831,837,794
V,930,874,813,771,801,783,865,834,836,794
V,932,874,815,772,799,783,864,835,834,791
V,932,874,812,770,800,783,863,832,834,793
V,935,874,813,771,799,783,863,834,834,794
V,934,871,814,769,799,783,865,831,834,794
V,931,872,812,769,798,783,865,833,836,792
V,935,871,814,770,800,782,865,831,834,794
V,930,869,812,769,799,783,865,833,836,794
V,935,871,812,771,798,783,864,833,835,795
V,933,870,814,770,799,783,863,835,833,793
V,934,873,814,771,799,783,865,832,836,793
V,933,875,814,769,799,782,863,832,835,794
V,933,871,813,770,799,784,866,834,835,792
V,935,873,813,770,799,782,864,831,835,792
V,932,872,814,770,800,782,865,830,835,794
V,935,872,814,769,798,784,865,833,836,794
V,935,871,813,771,801,783,863,832,837,794
V,934,873,813,770,800,784,863,832,836,792
V,934,873,814,771,798,781,863,834,834,794
V,934,874,814,771,800,784,864,833,835,792
V,933,872,812,771,800,783,862,832,836,794
V,935,875,813,769,800,783,865,831,837,793
V,931,873,812,771,799,784,865,832,835,793
V,933,872,813,771,798,784,864,831,837,792
V,934,875,813,771,801,784,863,832,834,794
V,934,872,812,771,799,784,864,833,836,793
V,935,872,812,772,801,782,864,833,839,794
V,935,874,813,770,798,783,866,832,836,794
V,931,873,812,769,799,783,865,833,834,793
V,924,875,813,769,799,783,864,833,834,793
V,933,872,813,770,796,784,863,832,836,792
V,938,870,812,769,800,784,864,831,835,793
V,933,872,812,771,800,782,864,832,834,794
V,933,872,812,769,801,782,865,833,834,794
V,935,874,813,771,800,782,865,831,838,794
V,933,871,813,771,798,783,865,835,835,792
V,933,874,812,770,799,782,863,835,836,792
V,933,873,813,770,799,783,864,831,838,792
V,931,874,812,769,800,784,864,833,836,792
V,935,875,811,769,799,784,864,831,832,791
V,928,877,812,769,800,782,864,831,838,792
V,932,874,814,772,801,783,863,833,834,792
V,930,872,811,769,801,781,864,835,834,795
V,930,872,812,771,798,783,863,833,838,793
V,931,871,811,769,799,784,864,833,837,794
V,933,873,814,769,799,783,863,832,834,792
V,933,874,812,771,800,782,864,830,835,793
V,931,872,813,771,801,784,865,830,833,793
V,932,875,813,770,800,783,863,834,835,793
V,931,871,812,771,799,783,864,833,835,795
V,933,874,813,769,799,784,863,832,838,790
V,932,874,811,771,798,784,863,833,835,792
V,931,874,812,771,800,783,863,830,834,792
V,931,872,814,768,800,782,862,833,838,794
V,931,873,813,770,799,782,863,832,835,794
V,932,872,813,771,800,784,864,833,834,793
V,935,875,813,770,799,782,864,833,837,794
V,930,871,812,769,798,784,865,834,836,792
V,929,871,812,769,799,783,865,831,837,792
V,933,872,813,770,799,783,864,833,837,792
V,935,873,811,770,799,782,863,830,838,793
V,934,873,811,771,799,784,863,830,834,795
V,934,874,813,771,799,783,865,833,834,794
V,935,876,811,770,798,783,865,833,838,793
V,933,871,811,770,800,784,864,832,837,793
V,934,870,812,769,799,784,863,834,834,792
V,929,876,810,770,799,783,864,833,838,793
V,934,876,813,769,799,785,866,831,836,792
V,935,872,811,770,798,782,864,831,835,792
V,934,872,813,769,801,783,864,834,835,792
V,933,873,811,769,800,784,863,830,838,794
V,931,874,812,770,800,784,864,833,838,794
V,930,875,812,769,799,782,865,833,837,793
V,932,871,812,771,800,784,865,831,836,792
V,935,873,812,770,799,783,864,831,838,794
V,932,872,812,769,799,782,864,832,837,793
V,930,873,813,769,800,783,862,832,838,792
V,935,874,812,770,798,782,864,832,838,793
V,932,872,812,771,799,784,864,832,837,794
V,931,873,812,770,800,784,863,831,837,793
V,930,872,812,770,799,784,862,832,832,793
V,933,875,812,770,801,783,863,832,837,793
V,932,874,812,771,799,783,864,834,836,794
V,935,874,813,770,798,781,863,829,834,792
V,934,873,812,770,801,783,863,832,835,791
V,930,872,811,768,800,785,863,830,836,793
V,931,870,811,770,800,783,865,830,837,792
V,931,871,812,771,800,784,863,829,836,792
V,934,873,812,769,800,784,864,830,836,792
V,935,872,812,771,800,784,864,830,833,792
V,932,875,812,770,799,783,864,833,835,793
V,934,872,811,770,800,782,863,831,838,792
V,930,874,812,770,801,782,865,830,834,793
V,931,874,813,769,800,783,865,836,835,796
V,930,873,811,770,800,783,865,828,837,793
V,931,871,812,771,799,783,864,831,836,791
V,931,872,812,771,801,783,863,831,836,794
V,933,874,812,770,800,783,863,830,837,792
V,934,875,813,771,800,783,864,831,835,793
V,932,873,812,769,799,782,864,831,837,793
V,933,875,811,770,799,780,864,833,838,794
V,935,874,813,771,799,782,863,834,838,794
V,934,874,812,771,801,784,865,830,838,794
V,932,875,813,771,800,784,864,832,835,791
V,933,873,813,770,801,783,863,829,835,793
V,932,871,812,770,800,783,863,832,836,793
V,932,874,813,769,800,783,864,830,836,791
V,931,874,812,770,800,783,864,830,835,793
V,930,875,812,771,799,784,864,832,835,793
V,935,874,812,770,799,783,864,830,838,793
V,932,872,813,770,800,783,865,830,836,793
V,931,873,811,771,800,784,863,830,836,792
V,932,873,813,771,800,783,864,830,836,793
V,931,869,812,771,801,783,864,831,838,792
V,930,871,811,769,801,784,864,831,838,793
V,935,871,811,771,800,783,864,832,836,793
V,929,873,811,770,799,784,863,833,834,794
V,933,873,811,771,801,784,864,829,835,793
V,933,875,813,771,800,784,863,832,838,793
V,932,871,814,772,803,784,863,830,837,791
V,933,873,812,771,803,782,865,835,838,794
V,932,871,812,770,800,782,862,830,835,792
V,931,872,812,770,801,783,863,832,836,793
