D,935,899,834,760,872,808,869,792,894,744
D,935,900,835,761,875,808,873,793,894,746
D,931,900,836,760,876,810,866,790,895,745
D,931,900,835,760,875,808,864,793,892,747
D,933,900,834,761,872,809,864,789,892,746
D,932,901,836,761,875,808,865,791,894,747
D,932,900,836,761,873,808,865,792,894,746
D,934,900,836,761,874,809,865,792,894,747
D,932,899,836,760,874,809,866,791,892,746
D,932,900,835,761,873,809,866,792,892,747
D,933,899,836,761,875,809,871,792,892,746
D,931,900,837,758,873,807,869,791,894,747
D,929,900,836,761,875,809,869,791,894,747
D,934,900,836,761,874,809,870,791,893,748
D,932,898,837,762,872,809,871,792,893,746
D,932,900,836,760,879,810,873,787,892,746
D,930,899,836,760,875,807,870,791,894,746
D,936,900,835,759,875,809,870,791,894,746
D,934,897,834,760,871,806,871,792,893,746
D,932,899,837,760,874,808,872,793,892,747
D,931,899,836,761,874,809,872,790,892,746
D,933,898,836,760,874,808,871,792,892,750
D,934,903,836,760,873,809,872,790,893,746
D,934,899,837,761,875,809,870,791,893,746
D,934,899,836,761,874,807,874,792,895,749
D,932,896,837,760,874,809,871,791,892,747
D,934,901,837,761,875,808,872,791,892,747
D,937,898,836,761,875,809,871,790,892,747
D,934,900,836,761,877,810,872,793,893,746
D,933,899,837,760,874,808,870,792,892,747
D,933,899,837,761,875,808,871,792,894,745
D,932,894,836,761,876,810,873,792,892,747
D,931,899,835,762,875,809,864,792,894,747
D,928,900,836,761,873,809,864,791,892,746
D,936,900,837,761,875,808,864,792,893,746
D,932,902,837,760,875,807,864,791,893,746
D,932,899,836,760,875,808,864,790,894,747
D,933,900,838,762,875,810,864,793,893,747
D,932,899,837,761,874,808,865,792,894,746
D,933,895,836,764,869,812,865,791,893,746
D,934,899,837,762,873,810,864,792,891,746
D,931,900,837,760,873,809,864,791,894,746
D,935,900,837,763,878,809,864,795,893,746
D,934,899,835,760,874,808,865,791,893,747
D,931,900,837,760,874,807,865,789,893,746
D,935,901,837,761,876,808,865,792,893,746
D,934,899,837,761,874,810,864,792,894,746
D,934,901,838,761,873,808,864,792,892,747
D,934,898,838,762,874,808,863,790,890,747
D,932,899,838,762,877,805,864,790,892,747
D,932,901,836,761,874,809,864,791,892,745
D,931,897,837,761,872,808,865,793,892,746
D,933,899,837,761,875,809,865,792,893,747
D,933,900,836,762,877,809,865,792,893,746
D,935,897,836,760,873,809,865,792,891,746
D,930,900,837,761,873,809,865,790,890,745
D,933,902,837,762,875,809,864,791,892,746
D,933,900,837,760,875,808,864,792,892,746
D,931,897,837,761,873,808,865,791,894,746
D,934,898,836,761,874,807,864,790,891,745
D,934,901,837,760,874,807,864,792,893,746
D,933,900,837,760,873,808,865,791,892,746
D,931,898,837,762,874,809,865,793,894,747
D,931,900,838,761,875,809,864,790,893,746
D,939,902,837,762,875,809,864,790,894,746
D,932,900,837,760,874,808,865,791,891,745
D,931,899,838,763,874,808,864,792,891,746
D,933,899,837,760,872,807,865,789,893,745
D,932,901,837,761,873,807,865,791,893,745
D,934,898,838,761,874,809,863,791,892,746
D,933,898,834,759,875,808,862,791,893,747
D,930,900,836,761,873,809,866,792,893,747
D,930,897,837,760,873,808,865,791,893,746
D,929,899,836,759,872,809,866,792,892,747
D,930,900,838,761,875,808,865,790,892,747
D,930,898,838,761,874,808,864,791,893,747
D,929,901,836,760,874,810,864,791,892,746
D,931,901,837,762,874,808,864,791,892,741
D,927,901,838,760,874,809,865,791,893,746
D,930,901,838,760,874,808,864,792,893,746
D,932,898,836,760,871,810,866,791,892,747
D,933,900,837,761,873,809,864,791,891,745
D,932,898,838,760,875,809,864,790,890,747
D,931,897,837,761,874,809,865,792,891,747
D,931,903,838,760,874,808,866,791,893,746
D,935,900,837,761,874,808,865,789,889,747
D,931,899,836,761,874,807,865,790,892,744
D,933,903,837,762,873,809,863,792,891,745
D,932,900,838,761,874,807,864,792,892,744
D,932,893,839,761,876,805,864,790,892,745
D,932,901,837,759,874,808,863,791,892,746
D,932,898,837,762,879,811,866,793,890,748
D,933,898,838,761,874,809,864,790,894,747
D,933,904,838,761,874,808,864,791,891,746
D,932,899,838,761,873,810,864,790,890,745
D,933,900,837,760,875,808,865,789,887,748
D,933,900,837,760,873,810,864,791,891,745
D,930,898,837,761,872,809,864,792,889,746
D,932,900,838,758,873,811,863,791,890,746
D,931,898,838,761,875,809,865,790,892,745
D,930,901,838,761,872,807,864,792,893,745
D,929,899,838,762,873,811,865,791,890,746
D,934,898,836,762,877,809,865,792,891,746
D,932,901,839,761,874,807,863,791,891,746
D,933,900,838,760,875,808,864,794,891,745
D,929,898,838,761,875,809,865,789,892,746
D,932,902,837,761,875,808,865,791,892,746
D,932,900,837,761,873,810,865,792,891,745
D,932,899,839,762,873,807,862,791,894,745
D,933,898,838,760,874,809,866,790,894,747
D,933,899,839,761,874,808,864,791,895,744
D,932,902,837,762,873,808,865,792,891,745
D,933,899,835,759,878,806,865,792,892,747
D,930,897,839,764,873,808,864,792,891,745
D,931,898,838,761,875,809,863,788,890,745
D,932,898,838,761,875,809,865,791,893,746
D,932,900,838,760,873,809,864,791,892,746
D,930,900,838,761,872,808,865,790,891,745
D,927,900,837,760,875,809,864,791,892,745
D,934,898,839,761,874,808,864,791,892,748
D,932,899,837,762,875,809,866,792,891,746
D,932,900,837,762,875,809,865,791,890,747
D,927,899,838,761,875,809,865,791,891,745
D,930,898,838,760,874,807,865,790,892,746
D,933,900,837,762,871,808,865,790,892,747
D,933,899,838,762,874,810,864,791,891,747
D,932,900,839,761,874,809,865,791,892,746
D,930,899,839,761,874,811,864,790,893,746
D,934,900,838,761,874,808,866,791,890,746
D,933,899,838,760,873,807,865,792,891,747
D,932,900,838,762,874,808,864,790,890,747
D,929,898,838,761,873,808,865,792,893,746
D,932,895,835,763,873,809,864,791,892,745
D,929,899,838,760,872,807,864,790,890,745
D,929,898,838,762,873,808,865,791,892,745
D,934,899,839,761,872,809,865,790,891,745
D,929,899,839,761,872,808,865,792,891,747
D,936,897,838,762,875,809,865,791,893,745
D,931,898,838,757,877,811,863,794,892,746
D,931,901,839,760,876,809,865,792,891,745
D,931,899,839,760,872,809,867,789,891,746
D,929,898,837,762,874,808,865,791,893,746
D,931,899,839,761,875,808,865,791,892,746
D,931,898,839,759,872,808,867,792,892,746
D,931,900,838,761,874,809,867,791,892,745
D,933,898,839,760,875,807,866,791,891,745
D,930,902,835,760,873,812,865,792,892,746
D,930,900,839,762,874,808,867,791,892,746
D,930,897,838,762,875,809,866,789,891,745
D,927,905,840,761,875,808,867,791,891,746
D,929,900,838,761,874,808,868,792,891,746
D,930,896,840,760,875,808,865,792,890,744
D,929,899,839,760,874,804,866,788,896,748
D,930,898,838,761,874,809,867,791,892,745
D,930,899,838,762,875,808,866,791,893,747
D,931,899,839,761,874,808,866,792,895,745
D,929,898,840,760,874,807,868,791,891,746
D,928,900,839,761,871,809,866,793,893,747
D,930,896,838,762,871,809,867,791,892,745
D,927,898,838,761,874,807,866,791,892,744
D,929,897,839,760,873,808,866,792,891,745
D,931,898,839,761,874,808,866,791,893,746
D,927,898,839,759,874,808,866,791,892,746
D,928,897,839,760,876,807,866,792,889,745
D,928,899,839,762,873,807,867,791,892,747
D,927,899,840,761,875,807,866,790,892,746
D,930,899,840,760,873,808,866,791,892,744
D,931,900,839,762,874,809,866,790,891,746
D,933,899,841,760,874,808,866,792,892,746
D,930,900,841,761,873,809,868,792,891,746
D,932,899,840,761,873,809,866,792,890,746
D,929,896,837,761,876,807,866,790,890,745
D,931,898,840,761,873,808,867,791,892,745
D,932,897,840,762,873,810,867,791,893,745
D,926,901,839,759,872,807,867,791,891,745
D,932,899,840,760,873,809,867,791,893,745
D,931,901,839,763,873,808,866,791,892,747
D,931,898,841,762,871,808,867,793,894,745
D,927,897,840,762,873,808,866,791,892,746
D,929,900,840,763,875,808,866,793,887,745
D,929,899,840,762,873,808,867,791,891,746
D,932,897,839,761,874,808,867,791,893,745
D,932,900,840,761,873,808,865,791,893,746
D,931,900,839,762,874,809,867,790,891,747
D,927,900,840,761,872,808,867,790,892,747
D,932,898,840,763,875,808,865,791,891,746
D,931,898,840,759,868,809,865,793,892,746
D,933,899,840,761,872,809,866,790,890,746
D,927,898,839,762,875,809,866,791,893,745
D,930,898,839,762,873,809,866,790,894,746
D,932,902,839,761,872,808,866,792,890,746
D,927,898,841,761,873,809,866,792,892,747
D,928,899,840,761,872,807,867,790,891,745
D,930,898,839,762,875,808,866,793,892,745
D,932,896,840,762,872,808,866,793,890,746
D,930,898,839,762,875,808,867,791,892,745
D,928,897,840,762,872,808,865,790,891,746
D,928,899,841,762,875,808,866,789,892,746
D,931,902,839,760,875,808,865,792,892,745
D,927,897,842,761,876,811,867,792,891,747
D,930,897,841,762,873,808,866,792,890,748
D,927,900,842,761,872,806,866,791,892,747
D,931,899,840,761,874,809,865,792,890,746
D,930,899,841,761,874,808,866,790,891,746
D,930,896,841,762,875,809,867,790,892,745
D,932,897,841,762,874,808,867,789,891,746
D,929,899,840,762,876,808,866,791,890,746
D,931,899,840,762,876,808,865,790,891,744
D,931,899,841,761,874,807,866,791,890,746
D,930,899,840,761,875,808,866,791,890,745
D,931,900,840,762,875,808,866,793,893,746
D,930,901,840,762,875,808,866,792,891,746
D,928,899,841,761,875,809,866,791,892,748
D,929,900,840,761,874,807,867,792,890,745
D,929,897,841,761,870,808,865,792,891,745
D,927,898,840,761,875,808,866,792,891,746
D,929,898,841,761,874,810,866,790,891,746
D,930,898,841,761,874,808,865,792,894,748
D,928,899,840,762,873,809,866,792,890,746
D,927,899,842,762,874,808,866,790,891,746
D,932,898,841,763,873,808,867,792,891,746
D,931,899,841,762,873,807,865,791,892,746
D,927,900,840,761,874,808,867,790,891,746
D,929,896,842,763,873,812,867,790,891,747
D,930,898,841,763,873,808,866,792,890,747
D,928,898,841,762,875,808,866,792,891,746
D,931,898,841,762,873,810,865,791,890,747
D,930,896,841,764,874,809,867,792,892,746
D,932,898,841,762,874,809,866,792,893,746
D,931,899,841,761,875,809,866,791,890,746
D,932,899,841,762,874,807,864,791,891,748
D,930,899,840,763,873,807,866,791,892,745
D,932,899,840,761,873,809,866,793,893,745
D,931,897,841,765,874,807,865,792,890,746
D,931,899,841,761,874,808,866,792,892,747
D,929,897,840,761,875,808,865,791,890,746
D,928,897,840,761,874,808,865,792,892,745
D,935,899,840,759,878,804,866,793,891,745
D,932,898,841,761,875,809,866,792,892,747
D,933,899,841,762,875,808,866,792,893,746
D,934,897,839,762,876,808,865,790,891,746
D,930,899,842,761,874,807,866,792,889,745
D,930,897,841,762,876,809,866,792,893,745
D,931,900,840,760,875,807,865,789,890,746
D,931,899,841,762,873,806,865,791,890,746
D,927,897,840,763,872,809,865,790,890,745
D,929,899,842,762,874,809,866,795,890,744
D,930,896,841,762,875,808,866,792,892,746
D,929,899,841,762,872,808,865,792,892,744
D,931,898,840,763,876,809,864,790,890,745
D,928,898,840,762,873,808,864,790,891,746
D,929,897,842,762,874,808,865,789,888,746
D,930,898,841,762,874,807,866,791,891,746
D,928,901,838,764,869,806,865,792,891,746
D,928,899,841,762,875,807,865,791,891,746
D,928,898,842,761,873,806,867,788,890,748
D,930,899,841,762,873,807,865,790,890,746
D,928,898,841,762,873,808,866,791,892,746
D,928,898,843,763,874,807,866,791,893,745
D,928,897,842,762,875,808,865,792,891,746
D,928,895,842,762,873,808,866,792,891,746
D,927,898,842,761,875,807,865,791,891,745
D,931,902,843,762,877,808,866,791,891,747
D,928,898,840,762,875,808,865,792,892,747
D,928,897,841,762,873,807,867,793,889,747
D,924,900,841,762,876,809,866,793,891,744
D,929,899,841,765,877,808,864,791,892,745
D,929,898,841,760,873,808,866,791,891,747
D,928,898,841,761,873,809,865,792,890,747
D,929,897,841,761,872,807,866,791,891,746
D,929,897,842,761,874,809,865,792,892,746
D,932,900,842,762,875,808,866,792,891,746
D,929,898,842,762,875,808,866,790,889,747
D,932,897,841,763,875,809,865,791,889,747
D,929,899,841,762,875,808,866,791,891,746
D,926,897,840,761,873,809,864,792,891,746
D,926,900,840,763,873,807,866,791,890,746
D,927,897,842,761,873,809,865,791,892,746
D,926,898,842,762,874,808,865,791,891,746
D,925,898,842,762,874,809,866,792,892,747
D,927,898,841,761,874,809,865,792,891,744
D,928,897,842,762,874,809,865,791,892,746
D,928,897,840,762,873,808,865,790,892,746
D,925,897,841,762,874,808,864,791,890,746
D,927,899,841,762,873,808,866,790,891,746
D,926,900,841,762,875,808,864,793,890,745
D,925,897,841,761,873,808,864,791,892,745
D,928,898,841,763,875,809,864,791,892,745
D,927,896,841,761,873,808,863,789,894,747
D,926,899,842,762,874,809,864,792,892,745
D,925,899,841,762,874,810,864,791,893,745
D,925,898,841,762,875,807,864,791,891,746
D,926,897,841,762,874,809,865,790,893,746
D,927,898,841,762,874,808,865,791,891,745
D,925,897,841,761,873,808,864,791,893,744
D,921,899,840,761,874,808,864,791,892,746
D,925,900,840,762,872,807,863,791,890,746
D,924,896,842,762,873,807,864,790,892,746
D,926,897,841,760,876,809,863,790,887,746
D,924,896,842,763,878,808,863,792,891,744
D,925,897,841,762,874,808,864,792,893,745
D,924,897,841,762,873,808,864,791,890,745
D,929,904,841,762,872,809,864,792,892,745
D,929,898,841,761,872,809,864,789,891,745
D,930,899,841,763,873,809,865,791,891,746
D,928,900,841,763,874,808,865,791,892,746
D,927,896,840,761,872,808,864,792,890,746
D,928,900,842,761,872,807,865,791,890,745
D,930,898,839,760,867,808,864,792,891,746
D,927,896,841,762,873,808,864,791,891,746
D,930,898,840,761,872,808,865,792,889,745
D,928,898,841,762,873,808,864,791,892,747
D,929,895,842,759,870,808,863,793,889,746
D,927,897,842,761,871,809,865,793,895,746
D,929,897,842,761,873,808,863,790,892,745
D,926,900,840,762,875,809,866,789,892,747
D,927,898,842,761,871,809,862,793,892,743
D,926,898,841,762,873,808,864,792,891,746
D,927,898,842,762,872,809,864,792,891,745
D,930,899,841,761,872,809,863,791,890,745
D,930,898,842,763,870,808,865,791,891,746
D,927,899,840,764,868,812,865,791,892,746
D,928,898,842,762,873,808,864,790,892,746
D,928,897,841,761,872,807,864,791,892,746
D,928,899,842,761,872,808,864,791,890,746
D,927,898,842,761,873,808,865,792,890,746
D,927,899,841,762,872,808,864,792,891,746
D,928,897,842,762,870,808,864,790,891,746
D,929,901,841,763,872,809,865,792,890,745
D,929,898,841,762,873,809,864,792,891,746
D,928,897,841,762,872,809,863,791,892,747
D,927,903,843,763,872,807,864,791,891,746
D,928,898,842,761,871,808,864,792,889,745
D,927,900,842,760,873,807,865,791,890,746
D,926,898,841,762,873,808,865,792,892,747
D,925,899,841,761,871,808,864,790,889,747
D,930,899,842,761,872,808,864,790,891,746
D,927,899,842,762,874,808,866,790,890,746
D,927,898,841,762,872,808,865,791,891,746
D,927,897,841,762,872,806,864,792,891,745
D,919,902,843,764,874,810,864,790,891,746
D,926,898,841,762,873,809,863,790,889,746
D,924,899,842,762,872,808,865,792,887,744
D,924,896,842,762,874,809,864,791,891,748
D,923,900,842,763,873,808,865,793,891,746
D,928,899,842,761,872,807,863,790,892,745
D,929,899,840,761,871,808,864,790,890,744
D,926,898,842,761,873,808,864,791,891,747
D,928,898,842,763,872,809,864,790,891,747
D,926,898,842,762,873,808,863,791,890,746
D,926,899,842,761,872,809,864,793,888,747
D,926,898,841,762,873,808,865,791,892,745
D,927,898,841,761,871,809,864,792,891,746
D,927,898,842,760,870,808,865,788,890,746
D,928,899,842,762,872,808,864,791,891,746
D,924,896,842,763,873,809,864,791,890,746
D,925,897,842,762,872,809,865,792,891,746
D,927,897,842,761,872,807,864,792,891,746
D,926,892,841,759,873,808,864,791,892,746
D,928,897,842,763,872,809,865,791,891,746
D,927,899,840,761,871,808,865,791,890,746
D,933,901,842,762,871,807,864,790,891,746
D,925,899,841,761,873,807,864,792,890,746
D,925,900,840,760,875,807,864,791,891,745
D,927,899,842,762,871,805,866,792,891,742
D,927,897,842,763,873,807,864,792,889,744
D,929,899,842,762,873,809,864,791,889,745
D,928,898,841,762,873,808,864,789,891,745
D,926,899,841,762,871,809,864,791,891,745
D,925,898,840,761,874,809,867,791,893,748
D,926,896,842,763,871,809,864,792,890,747
D,927,899,841,762,873,808,865,792,890,745
D,927,897,842,762,872,808,864,792,889,745
D,928,903,841,761,873,810,864,790,890,745
D,926,897,842,762,873,809,865,791,891,745
D,927,898,842,761,871,809,865,791,890,746
D,926,896,842,761,873,807,865,790,891,745
D,925,898,840,763,871,808,863,793,892,745
D,928,899,840,760,871,809,864,791,889,746
D,925,898,842,761,872,808,862,793,891,745
D,925,897,841,761,872,808,864,790,890,746
D,924,897,841,762,872,809,864,790,891,746
D,925,898,841,761,873,809,864,790,892,747
D,928,897,841,760,874,805,865,795,886,745
D,927,897,841,761,872,808,865,790,891,744
D,923,895,841,762,871,808,863,792,889,746
D,929,901,842,762,871,808,863,791,890,746
D,925,894,843,760,872,810,864,792,890,746
D,926,897,842,762,873,808,864,792,892,746
D,922,899,842,762,873,807,863,790,889,746
D,926,898,841,761,869,809,864,792,891,746
D,925,897,840,761,872,809,864,790,891,746
D,926,895,842,761,873,807,864,790,890,745
D,926,901,844,764,870,809,864,790,891,745
D,926,899,841,762,871,808,865,792,890,745
D,924,897,841,762,873,808,865,791,892,746
D,928,897,842,762,872,809,865,789,891,745
D,931,897,839,761,871,808,864,791,890,746
D,928,898,842,761,873,807,864,791,888,745
D,928,897,842,762,872,810,867,788,888,748
D,928,898,841,761,871,809,863,790,890,745
D,927,896,842,761,873,807,865,792,890,745
D,927,897,841,761,871,808,864,791,889,746
D,926,897,842,762,872,808,865,790,888,745
D,928,897,842,761,872,807,865,792,891,746
D,928,899,841,761,873,810,863,792,890,746
D,925,899,842,761,873,805,862,792,890,745
D,925,896,842,762,873,808,864,791,889,746
D,926,897,842,762,872,808,864,790,890,746
D,925,896,841,762,873,809,863,790,892,746
D,919,891,841,762,872,809,863,790,890,745
D,930,897,842,762,872,808,865,790,888,745
D,927,896,839,759,875,808,864,791,891,745
D,928,897,840,761,874,809,865,791,891,746
D,925,902,843,758,872,809,864,792,890,746
D,928,896,841,761,872,807,865,791,892,746
D,928,898,840,761,873,807,863,791,890,745
D,928,892,842,761,872,807,865,791,888,745
D,924,899,841,761,872,808,865,792,889,745
D,925,898,841,761,873,806,865,791,891,747
D,926,897,841,759,873,807,860,790,887,743
D,926,897,842,763,873,808,865,791,891,746
D,924,895,842,762,871,808,863,791,891,746
D,925,896,842,761,871,809,865,791,890,746
D,927,897,842,762,873,810,864,792,891,745
D,924,897,842,762,872,808,863,792,891,745
D,929,897,842,760,872,808,865,791,890,746
D,925,897,842,763,871,807,865,793,891,746
D,925,896,841,761,873,810,864,791,889,747
D,926,899,842,762,872,807,865,791,889,746
D,925,898,842,762,873,809,865,791,892,745
D,926,898,842,761,876,807,865,787,888,746
D,925,897,841,762,873,807,864,791,890,746
D,925,896,842,762,873,807,865,792,889,746
D,925,896,842,761,874,807,865,791,890,745
D,925,898,841,760,873,808,863,792,889,745
D,926,896,841,762,872,807,864,791,889,745
D,926,897,842,761,872,808,864,791,890,746
D,924,899,841,763,872,809,865,791,888,746
D,927,896,842,759,874,809,863,791,891,745
D,925,897,841,763,873,809,864,790,889,747
D,924,899,842,760,874,807,864,791,891,744
D,925,899,842,762,874,808,865,791,890,745
D,924,898,842,762,873,808,863,790,891,746
D,926,896,842,764,872,807,865,792,889,745
D,925,899,842,762,873,807,864,791,892,747
D,927,897,841,762,873,808,865,791,890,746
D,927,898,842,762,874,807,864,790,889,744
D,924,899,842,761,874,808,864,790,889,745
D,928,899,842,761,873,808,863,792,892,745
D,924,892,839,762,873,807,864,791,891,746
D,925,897,842,762,873,809,864,791,889,745
D,931,899,842,762,873,808,864,791,891,746
D,927,895,842,761,874,808,863,791,891,745
D,928,899,841,763,873,809,864,792,891,746
D,926,897,841,762,873,809,864,791,890,745
D,924,898,842,762,873,809,864,791,891,746
D,925,897,841,759,873,808,866,789,889,746
D,924,896,843,762,874,809,864,791,889,746
D,923,898,842,760,874,811,862,791,893,746
D,926,900,842,762,873,809,865,790,890,745
D,925,898,841,761,875,807,864,791,891,746
D,928,898,840,762,874,807,865,788,891,746
D,926,896,843,762,872,807,861,791,889,745
D,925,898,841,762,873,807,863,791,891,746
D,926,896,842,762,873,808,864,791,888,746
D,926,897,842,762,875,808,865,791,890,746
D,927,899,841,763,872,809,864,791,889,745
D,924,897,842,762,874,807,864,791,890,747
D,923,898,842,761,874,808,864,792,889,745
D,925,899,841,762,872,808,864,791,888,746
D,925,899,841,762,872,809,865,791,889,746
D,925,899,842,761,873,808,864,791,890,746
D,926,897,841,761,874,808,865,791,890,745
D,927,898,841,762,872,809,865,790,889,745
D,926,895,842,762,873,808,864,792,889,746
D,926,898,843,761,873,807,865,792,889,746
D,925,898,842,763,873,808,864,792,891,746
D,924,898,842,761,871,808,863,790,889,746
D,925,895,842,761,872,807,864,791,891,746
D,924,898,843,762,872,807,863,792,890,747
D,925,899,843,761,874,808,865,791,891,746
D,921,895,841,764,870,808,865,791,890,746
D,926,897,843,761,874,808,864,791,890,746
D,927,899,841,762,873,810,864,791,891,746
D,924,899,843,761,871,807,865,791,889,745
D,926,898,843,762,873,807,864,792,889,746
D,927,897,841,763,872,808,865,792,889,746
D,925,897,843,762,874,806,867,791,889,747
D,922,899,843,760,873,808,864,791,890,744
D,926,897,843,761,874,808,865,790,893,745
D,923,900,843,762,873,808,864,791,889,747
D,923,899,842,761,873,808,864,791,889,746
D,923,896,842,762,873,807,864,791,889,747
D,922,897,843,761,871,808,864,791,887,746
D,925,896,843,760,872,806,864,792,888,747
D,923,899,842,760,871,806,864,791,890,745
D,923,900,842,762,873,807,864,790,888,746
D,925,899,842,762,873,808,864,792,890,747
D,926,895,843,761,873,808,863,792,888,745
D,925,898,841,762,873,806,864,791,888,747
D,924,899,842,763,873,807,864,791,891,745
D,925,897,843,762,871,808,864,792,890,746
D,929,891,844,761,871,809,865,791,890,746
D,923,897,842,761,872,806,864,792,889,745
D,926,898,843,762,873,806,865,789,894,745
D,926,899,842,759,873,808,864,791,890,747
D,926,898,842,762,876,807,865,792,892,745
D,923,898,841,761,873,809,864,792,891,745
D,925,898,842,761,873,809,865,792,888,746
D,925,899,845,765,874,806,861,792,888,747
D,926,897,842,762,873,807,864,792,891,747
D,926,896,842,762,873,808,865,792,890,746
D,922,899,843,762,871,807,864,791,891,747
D,924,899,843,761,873,808,865,792,890,747
D,922,897,843,762,871,809,864,791,889,746
D,924,898,842,762,872,807,864,790,887,745
D,924,899,843,762,871,807,864,792,888,745
D,927,894,841,761,873,807,865,792,889,745
D,922,898,843,762,873,808,863,792,890,747
D,926,898,842,762,871,808,864,791,889,744
D,923,899,841,762,873,809,864,790,891,747
D,922,897,843,760,873,807,864,791,889,746
D,923,898,843,762,873,808,864,792,889,747
D,925,897,842,760,875,806,864,790,886,745
D,922,899,842,762,873,808,864,791,889,746
D,924,898,842,762,873,807,864,791,890,746
D,924,897,842,762,872,806,862,791,891,746
D,922,895,843,762,871,806,865,792,890,745
D,923,895,841,762,871,807,865,791,891,747
D,923,899,842,762,876,807,863,793,889,745
D,924,897,841,761,872,808,865,790,890,746
D,924,892,843,764,872,808,864,791,889,745
D,924,899,842,762,871,808,864,791,890,745
D,922,897,842,761,872,807,864,792,889,745
D,926,897,842,762,872,808,864,791,889,746
D,925,897,841,762,873,810,864,791,890,746
D,923,896,842,763,873,809,864,791,890,745
D,923,895,842,762,871,808,864,791,890,746
D,924,896,841,761,871,810,865,790,889,746
D,925,897,842,761,872,808,865,790,890,746
D,926,899,842,761,873,807,864,792,889,746
D,925,897,842,762,872,807,864,792,889,746
D,922,898,843,764,869,809,867,791,889,746
D,922,896,842,763,871,808,864,792,888,746
D,927,899,843,761,871,809,864,790,890,745
D,929,899,842,763,871,808,864,791,888,746
D,924,894,843,761,873,805,864,792,889,745
D,922,898,841,762,872,808,863,789,889,747
D,921,899,843,762,873,808,864,791,890,746
D,927,899,842,763,871,807,863,790,888,745
D,925,896,841,762,872,808,863,788,890,745
D,922,897,841,761,875,809,864,791,888,747
D,924,899,842,761,870,810,866,786,891,743
D,924,899,842,761,873,808,865,791,889,746
D,922,895,843,762,872,808,865,791,892,747
D,926,896,842,761,874,807,863,791,889,746
D,925,897,842,762,873,808,864,791,890,745
D,926,898,842,762,874,807,864,793,890,747
D,927,899,843,762,872,808,864,792,888,745
D,926,899,842,761,873,808,864,790,889,745
D,924,900,840,761,877,810,864,793,889,746
D,926,896,842,763,873,807,865,790,888,745
D,924,897,843,761,874,808,864,792,889,746
D,924,897,842,762,874,808,864,791,889,746
D,926,898,842,762,873,807,865,791,888,745
D,926,897,842,761,873,807,864,791,888,746
D,927,897,843,762,872,807,864,792,893,745
D,926,898,842,762,872,808,865,791,889,745
D,924,899,842,762,871,807,863,794,888,745
D,925,899,842,762,872,807,864,791,890,745
D,923,900,843,762,872,809,865,791,890,746
D,923,898,842,760,872,808,863,790,889,746
D,923,897,843,761,873,806,865,793,889,746
D,924,897,843,763,872,807,863,791,888,746
D,925,891,841,761,874,806,863,792,888,745
D,925,896,842,762,874,808,863,793,888,745
D,924,898,843,763,873,807,863,791,888,745
D,924,897,842,762,873,807,864,792,890,746
D,924,898,841,763,873,808,864,792,888,746
D,924,899,843,762,873,807,864,791,889,746
D,926,896,842,761,872,808,864,791,889,744
D,926,897,843,761,873,807,864,792,890,746
D,926,898,842,762,872,808,865,792,889,745
D,924,897,843,762,872,808,865,791,888,746
D,923,895,843,765,873,807,864,792,888,745
D,925,898,842,761,873,808,865,792,888,747
D,926,896,843,762,875,809,864,792,889,746
D,924,899,843,762,873,807,863,792,890,746
D,924,898,843,762,873,809,864,793,889,747
D,925,899,842,761,874,809,865,792,890,746
D,923,899,842,761,873,808,865,791,888,744
D,924,898,842,762,873,806,864,791,888,746
D,923,898,842,762,873,807,863,791,891,746
D,926,902,841,760,877,810,865,791,887,745
D,926,898,842,762,873,807,864,791,888,747
D,925,898,843,761,872,809,863,791,891,744
D,926,897,842,760,874,808,864,791,888,746
D,920,897,845,760,873,807,864,791,890,745
D,925,896,842,761,872,808,864,792,889,745
D,928,896,842,761,874,808,864,791,887,745
D,923,897,843,760,873,808,863,792,888,748
D,923,899,843,762,873,809,865,791,888,745
D,926,897,842,763,872,809,864,790,890,747
D,927,898,843,761,874,808,865,792,888,744
D,925,897,842,762,872,809,864,792,889,746
D,925,899,842,762,874,808,864,791,888,746
D,924,897,843,762,874,807,864,792,890,746
D,926,898,843,761,874,808,863,792,890,746
D,925,897,843,762,872,807,863,792,889,745
D,925,897,843,762,872,809,863,791,890,746
D,923,899,843,762,873,808,865,792,887,745
D,924,899,843,762,874,808,864,792,890,746
D,927,897,843,762,873,807,865,791,887,746
D,927,898,842,761,873,807,864,789,889,749
D,924,898,842,763,874,808,863,791,890,746
D,922,896,843,762,873,808,865,791,890,746
D,920,899,843,763,874,807,864,792,888,745
D,925,901,844,761,874,808,864,792,889,746
D,923,898,842,761,873,807,864,793,890,745
D,922,895,844,761,873,808,865,791,887,745
D,924,896,843,761,874,807,862,790,889,746
D,923,897,843,762,873,808,864,790,888,746
D,922,895,842,761,871,807,864,791,887,746
D,921,899,843,762,872,808,864,791,888,745
D,921,901,842,762,873,809,863,791,889,745
D,925,898,844,762,872,808,863,791,890,745
D,925,895,844,761,872,809,862,793,890,747
D,924,898,843,762,874,809,864,790,887,745
D,926,899,843,761,871,808,862,793,889,746
D,922,897,843,762,873,808,864,792,887,746
D,925,898,843,761,873,807,864,794,886,745
D,923,896,843,761,872,807,863,792,888,747
D,924,904,844,762,872,808,863,792,889,745
D,926,896,843,762,873,808,864,792,888,747
D,925,898,843,764,874,809,863,791,887,747
D,927,902,843,764,872,808,865,792,889,746
D,925,899,843,761,872,807,864,791,891,745
D,924,895,843,761,874,808,864,791,889,746
D,926,896,844,762,872,808,867,789,884,745
D,922,898,843,762,873,809,863,793,888,747
D,921,898,843,763,874,809,864,792,890,748
D,922,891,842,761,872,807,863,790,888,745
D,922,898,843,763,872,808,864,791,890,746
D,923,899,842,762,873,809,863,791,888,746
D,920,899,843,761,874,808,864,793,889,746
D,923,899,843,762,873,807,863,791,890,747
D,924,898,842,761,871,807,864,789,888,746
D,923,898,843,762,873,807,864,791,889,745
D,923,899,842,764,874,806,861,789,887,744
D,925,897,843,762,872,809,864,792,890,745
D,922,896,842,763,872,807,864,792,889,746
D,923,898,843,762,872,808,862,791,890,746
D,921,899,844,762,872,807,864,793,888,745
D,922,896,843,763,874,808,864,792,889,747
D,924,895,842,762,872,807,864,790,888,746
D,922,897,843,761,872,808,863,792,889,745
D,923,897,843,763,873,809,862,794,888,746
D,924,897,844,762,872,808,862,791,887,746
D,920,896,842,764,873,806,864,790,888,746
D,924,896,844,761,872,807,861,795,890,746
D,922,897,843,761,870,809,863,793,887,745
D,925,896,844,762,872,807,864,791,888,747
D,925,897,843,761,872,807,864,793,886,746
D,922,898,844,762,873,809,864,790,889,746
D,924,896,843,761,872,807,863,792,888,746
D,923,898,842,762,874,807,863,791,888,746
D,925,899,844,762,872,808,863,793,888,745
D,922,894,842,762,872,808,864,792,889,745
D,924,895,844,762,873,807,863,792,889,746
D,927,901,841,761,874,807,864,791,887,745
D,925,897,842,761,872,808,863,790,888,745
D,926,897,844,762,872,807,863,792,887,746
D,922,898,844,761,873,807,861,794,886,747
D,924,897,844,763,873,807,864,792,889,745
D,921,899,843,761,873,807,863,792,889,746
D,921,896,844,763,872,807,865,789,885,746
D,923,899,844,762,872,809,865,790,889,746
D,922,898,842,760,872,807,864,790,889,745
D,919,896,844,763,874,807,864,792,889,746
D,921,898,843,762,872,808,864,792,889,746
D,923,897,843,762,873,807,863,791,888,746
D,923,895,843,761,873,808,863,792,889,745
D,921,897,842,763,876,809,863,792,888,746
D,922,898,842,760,873,808,864,792,890,745
D,923,899,846,759,875,804,863,792,887,745
D,921,896,843,763,871,808,863,791,890,746
D,923,898,844,760,872,809,864,791,891,748
D,920,896,844,762,870,806,863,791,888,747
D,921,895,844,762,872,808,864,791,888,745
D,921,897,843,762,871,809,863,791,888,746
D,921,897,844,761,873,808,863,791,889,749
D,924,899,842,761,872,808,862,790,889,747
D,922,897,842,763,872,808,864,792,889,746
D,922,897,843,763,871,809,864,791,888,746
D,923,897,844,763,873,808,864,791,888,744
D,920,896,844,761,870,808,864,792,888,746
D,921,898,842,762,872,808,863,791,887,747
D,921,900,845,762,876,804,863,791,888,746
D,921,896,843,762,872,807,863,791,889,745
D,922,898,844,761,869,807,864,792,889,746
D,922,898,843,760,872,807,864,792,890,746
D,922,897,842,763,872,808,863,793,887,746
D,921,897,843,763,872,808,863,793,889,746
D,921,897,843,764,871,809,865,792,884,745
D,922,898,843,762,872,808,864,791,887,746
D,921,898,844,763,871,807,863,793,886,745
D,921,893,843,762,870,808,864,792,889,746
D,921,898,842,762,871,807,864,792,889,745
D,922,897,844,763,872,807,863,793,888,747
D,923,898,843,761,870,808,862,792,888,745
D,921,901,843,762,871,808,863,789,890,746
D,924,897,843,765,872,809,866,793,889,746
D,924,897,844,763,872,808,863,791,888,746
D,926,897,843,762,871,806,864,790,889,746
D,926,899,843,762,870,808,862,793,889,746
D,924,898,844,763,872,807,863,790,888,746
D,922,898,843,762,872,808,864,791,889,746
D,923,896,843,762,871,807,864,793,890,745
D,929,895,842,763,872,807,864,791,889,745
D,925,896,843,762,871,807,864,790,888,745
D,922,896,844,762,870,807,863,793,888,746
D,925,895,843,763,872,807,863,793,889,745
D,924,898,844,762,873,808,863,791,885,743
D,926,901,842,762,872,808,863,791,889,746
D,920,895,842,763,872,804,867,792,887,746
D,924,895,843,760,876,805,864,791,888,746
D,921,898,844,761,867,809,862,790,893,749
D,922,897,842,761,871,807,864,792,889,746
D,924,896,844,762,872,808,864,792,889,745
D,925,897,843,761,874,809,863,793,888,746
D,922,896,843,762,871,808,865,790,894,742
D,924,896,844,762,871,807,865,791,887,748
D,923,895,844,762,872,808,863,792,889,745
D,923,898,844,761,872,808,864,791,887,746
D,922,901,844,763,872,808,864,792,889,746
D,925,898,843,761,871,807,864,792,886,744
D,924,896,842,762,868,808,864,790,886,746
D,921,897,841,763,871,808,863,792,888,745
D,923,896,843,763,872,807,864,792,889,746
D,922,896,843,762,874,807,863,790,888,745
D,922,896,843,762,873,808,863,792,889,747
D,921,898,843,763,876,807,864,792,888,746
D,922,897,843,762,876,809,864,793,888,746
D,924,896,842,763,874,808,864,793,887,746
D,920,899,844,761,872,810,863,792,888,746
D,923,896,842,763,873,809,863,793,889,746
D,925,896,843,763,875,810,863,793,889,745
D,923,897,843,763,874,810,864,793,888,745
D,925,892,845,759,873,810,863,792,889,746
D,921,899,843,762,875,810,863,792,888,746
D,922,898,845,764,877,811,863,796,884,745
D,925,899,844,761,875,808,862,792,889,747
D,922,895,843,763,874,811,863,793,891,745
D,924,896,843,763,873,811,864,793,889,745
D,924,898,844,762,873,810,863,792,888,746
D,920,898,841,762,873,808,863,792,887,746
D,924,896,844,761,874,810,861,790,890,746
D,923,898,842,763,875,810,863,792,888,746
D,926,900,845,765,872,810,863,791,887,747
D,922,897,842,763,874,809,864,792,889,746
D,922,896,841,762,877,811,862,793,888,745
D,923,897,842,760,874,809,863,791,888,746
D,922,896,843,762,873,809,863,792,888,747
D,922,897,843,761,876,808,861,791,888,745
D,923,898,842,762,874,807,863,793,888,745
D,924,895,842,761,872,808,863,792,888,747
D,924,901,844,763,874,809,862,792,888,745
D,925,895,843,762,875,810,863,792,887,746
D,924,897,843,762,873,811,865,793,887,742
D,926,898,843,762,874,809,863,792,888,746
D,924,894,846,759,876,809,864,791,889,746
D,924,898,844,762,875,809,864,793,888,746
D,922,899,844,761,878,807,862,793,888,746
D,920,894,844,762,875,809,863,791,887,745
D,926,895,843,762,875,809,863,792,887,747
D,925,896,843,762,877,809,863,792,889,746
D,922,897,843,763,877,808,864,791,888,746
D,926,896,843,761,875,809,863,792,888,746
D,924,898,844,763,873,811,863,792,889,746
D,924,898,844,762,874,808,863,791,886,746
D,921,896,843,763,871,809,862,791,887,746
D,922,898,843,763,872,809,861,791,889,746
D,920,899,843,762,869,809,862,792,888,746
D,923,896,843,762,872,810,863,792,889,746
D,925,898,844,762,872,810,864,793,888,745
D,923,898,843,762,871,809,863,792,886,746
D,924,896,844,762,872,810,863,792,889,746
D,924,898,842,759,871,809,861,792,889,746
D,919,896,845,760,872,809,862,792,887,746
D,920,898,844,762,870,810,864,793,887,745
D,921,899,844,763,872,810,863,792,888,747
D,923,901,843,764,867,811,864,792,887,745
D,924,895,845,763,869,808,864,790,888,745
D,921,897,845,763,871,809,863,792,888,746
D,920,896,844,762,871,808,862,791,883,746
D,925,893,845,761,870,808,863,791,888,746
D,925,896,844,761,872,808,863,792,889,747
D,921,898,845,762,872,809,863,795,886,746
D,922,897,845,761,871,808,864,792,887,746
D,922,898,845,762,872,809,863,791,888,747
D,922,897,844,762,870,809,863,791,887,746
D,923,896,846,763,873,809,863,792,891,746
D,922,895,844,763,872,808,863,791,887,747
D,922,901,846,762,873,809,862,792,888,746
D,919,897,845,762,870,809,862,792,888,746
D,922,898,844,761,870,808,864,791,887,745
D,922,895,844,763,872,808,863,792,888,746
D,921,897,845,762,871,809,862,792,889,745
D,922,897,844,762,872,808,863,791,888,745
D,923,895,845,762,873,809,863,792,889,746
D,921,898,844,761,871,810,861,791,889,745
D,922,897,842,762,873,809,863,792,889,746
D,924,898,844,762,872,809,862,793,889,746
D,921,896,844,762,871,810,863,792,889,746
D,923,895,845,760,871,808,862,795,889,745
D,924,896,844,763,874,808,862,793,886,745
D,922,897,845,763,872,809,863,793,888,745
D,923,897,844,763,873,808,863,793,888,746
D,923,897,845,762,874,810,864,791,890,744
D,923,897,844,762,874,809,862,791,888,746
D,923,898,845,762,874,809,863,792,889,746
D,924,896,845,763,873,809,863,792,888,745
D,921,897,843,762,872,810,863,790,889,747
D,922,895,845,762,873,809,863,793,887,746
D,922,899,844,762,872,809,863,793,888,745
D,922,896,845,762,874,809,863,792,885,747
D,923,896,845,761,873,809,863,792,888,747
D,923,899,846,761,873,810,864,792,889,746
D,929,902,845,762,872,809,863,792,886,745
D,923,899,844,760,873,809,863,792,888,745
D,920,898,844,763,873,808,864,791,887,746
D,920,897,845,763,872,809,864,793,888,746
D,920,898,844,763,873,810,864,791,887,746
D,921,897,844,761,871,809,864,791,886,744
D,918,898,843,763,871,809,863,792,889,745
D,923,899,844,762,871,809,863,791,888,746
D,924,892,845,763,872,808,862,793,888,745
D,920,897,844,763,872,808,863,792,887,744
D,923,899,845,762,867,810,865,792,889,747
D,923,898,844,762,871,809,863,792,886,745
D,921,896,845,761,869,809,861,792,888,745
D,921,898,845,761,872,810,863,790,885,744
D,921,896,844,761,872,808,862,793,889,746
D,920,897,844,763,876,809,863,791,889,745
D,924,897,843,763,874,809,863,791,889,745
D,924,897,844,763,875,810,864,790,888,748
D,922,896,844,762,876,807,863,792,887,746
D,921,897,843,762,875,808,862,792,887,744
D,922,897,845,762,873,809,864,792,889,746
D,921,896,845,761,872,808,863,792,887,747
D,926,895,844,763,873,809,862,791,889,747
D,924,896,843,763,873,811,862,791,888,746
D,924,898,844,763,874,809,863,791,887,746
D,924,894,844,763,875,809,863,792,888,746
D,924,896,845,762,877,809,866,793,888,746
D,922,896,845,761,875,808,862,791,887,746
D,922,895,844,762,873,808,864,793,887,746
D,928,903,843,759,876,807,863,791,885,745
D,920,897,845,762,870,809,864,793,887,745
D,924,898,845,761,874,808,862,792,888,746
D,919,898,845,762,874,809,862,796,887,745
D,922,901,844,763,873,809,863,791,889,746
D,922,897,845,761,874,809,862,793,886,745
D,922,895,845,762,873,811,864,791,890,748
D,921,896,844,763,872,809,863,792,888,746
D,920,896,844,762,872,809,862,790,887,746
D,921,897,844,762,873,809,864,790,886,746
D,922,898,846,767,870,807,864,794,888,745
D,918,897,845,762,872,808,863,792,889,745
D,922,897,845,762,872,806,865,787,891,745
D,923,898,846,760,867,809,863,790,888,745
D,920,896,845,762,871,810,863,792,889,746
D,921,898,844,761,872,808,862,791,888,745
D,921,896,844,762,872,808,864,791,887,746
D,922,898,844,762,873,810,864,792,887,747
D,926,897,845,762,872,809,863,792,886,745
D,921,896,845,763,871,809,862,792,889,746
D,923,896,843,765,868,808,864,793,888,745
D,920,896,845,763,873,810,863,791,889,747
D,920,896,845,763,871,810,863,792,888,746
D,922,898,843,763,870,809,862,791,888,746
D,919,898,845,763,872,809,863,791,887,745
D,922,898,845,763,870,809,861,790,890,746
D,920,895,844,759,874,805,862,791,888,746
D,921,898,844,763,872,808,864,793,887,745
D,920,898,845,762,869,808,863,793,885,745
D,920,898,845,762,870,808,863,791,888,746
D,921,897,845,763,871,810,864,790,889,746
D,922,898,843,762,873,809,863,793,891,747
D,922,898,845,763,871,808,864,792,888,746
D,922,896,844,762,871,808,863,791,889,746
D,920,899,844,761,870,808,863,792,887,746
D,921,897,844,762,872,810,863,793,887,745
D,920,898,844,763,874,808,862,792,887,745
D,920,896,844,765,872,807,864,791,888,745
D,920,895,844,765,867,811,863,791,886,746
D,924,896,847,761,873,809,863,791,888,746
D,921,898,845,763,872,809,863,791,889,747
D,919,898,844,763,872,809,863,791,887,746
D,923,898,844,762,873,808,864,792,887,747
D,922,898,845,762,872,808,864,790,888,746
D,921,895,844,762,873,809,863,792,889,745
D,921,897,844,762,871,808,863,791,888,745
D,921,897,844,762,872,809,863,793,887,746
D,922,899,845,760,871,807,862,792,887,747
D,919,895,844,759,871,809,863,793,887,745
D,923,894,842,762,871,808,863,793,888,747
D,920,898,844,762,874,807,863,791,887,745
D,919,895,843,763,871,809,862,792,888,746
D,922,896,844,762,872,807,864,790,887,742
D,918,895,844,762,869,808,863,792,888,746
D,919,897,845,762,873,808,863,792,887,745
D,923,898,844,763,872,809,863,788,888,746
D,921,900,847,759,872,811,865,794,886,746
D,922,899,844,763,873,809,863,791,884,745
D,919,897,844,763,872,809,862,793,886,745
D,921,896,845,761,872,809,862,789,885,744
D,918,895,844,763,871,809,863,792,887,746
D,924,892,842,765,872,809,862,791,888,746
D,920,897,843,764,873,812,861,791,888,746
D,923,901,844,761,871,808,863,792,886,745
D,915,895,845,762,871,808,864,792,888,746
D,918,896,845,763,870,809,862,793,888,746
D,919,896,844,762,872,809,862,792,886,744
D,921,897,843,762,871,807,862,791,888,747
D,922,898,845,762,872,809,863,794,890,745
D,923,897,844,761,871,807,863,792,887,745
D,920,896,845,763,871,809,863,792,889,747
D,922,897,845,762,872,810,863,791,889,745
D,920,898,844,763,871,809,864,792,888,747
D,923,897,844,761,871,810,864,792,888,746
D,924,899,846,762,873,809,863,792,889,745
D,923,897,844,763,872,809,864,792,887,747
D,928,902,845,765,875,810,863,791,888,747
D,922,896,843,761,872,809,864,792,887,745
D,921,898,845,762,870,808,863,793,886,745
D,918,899,844,761,871,809,863,793,887,746
D,921,896,845,762,872,808,863,792,889,746
D,921,897,844,762,873,810,863,792,888,746
D,920,897,843,763,872,808,860,789,887,748
D,921,896,843,762,874,808,863,791,889,743
D,918,896,845,763,872,810,864,793,889,743
D,919,896,845,761,873,809,863,792,887,744
D,922,897,844,762,872,809,864,792,887,745
D,922,896,844,762,873,809,864,789,889,745
D,923,897,844,763,875,809,864,793,887,746
D,921,901,844,760,873,812,864,792,886,745
D,922,896,845,763,874,809,863,793,887,745
D,922,898,844,763,870,809,862,794,887,745
D,921,897,845,763,874,809,864,793,889,746
D,921,898,844,763,873,810,864,792,886,745
D,922,898,844,763,874,810,863,792,888,746
D,923,896,844,762,875,810,864,793,887,745
D,922,896,844,762,872,809,864,792,887,745
D,921,895,843,762,873,810,863,792,888,746
D,920,897,845,763,873,809,864,793,889,746
D,922,896,842,762,874,811,863,792,887,746
D,919,897,844,761,872,808,864,792,887,746
D,919,896,845,762,874,809,864,791,888,747
D,922,899,845,763,873,810,863,790,888,746
D,920,898,843,763,870,813,866,794,887,745
D,922,896,844,762,873,809,864,792,888,746
D,922,897,844,761,871,808,863,792,887,745
D,921,896,844,763,871,811,862,788,887,747
D,919,898,844,761,873,809,863,791,888,746
D,922,896,844,761,872,809,862,793,889,746
D,924,895,847,762,871,808,863,792,887,746
D,922,898,845,762,872,808,863,791,889,745
D,921,896,845,762,871,808,862,792,886,745
D,919,895,847,767,872,810,863,792,889,745
D,918,897,844,762,872,810,863,792,889,747
D,921,897,844,763,870,809,864,791,887,745
D,918,896,844,763,871,808,864,791,885,746
D,918,898,844,763,870,811,863,790,886,743
D,919,899,843,763,871,809,863,793,887,747
D,920,898,844,762,871,810,863,793,886,745
D,921,896,845,762,873,809,864,791,887,746
D,920,897,844,763,872,810,862,793,888,746
D,921,897,844,763,874,810,863,793,886,747
D,919,896,844,762,875,810,863,791,886,746
D,922,899,844,759,871,810,864,793,887,745
D,926,896,844,762,871,810,863,791,887,746
D,920,895,846,763,875,809,865,791,887,745
D,922,897,844,764,871,810,863,792,886,746
D,919,897,844,763,872,810,864,793,887,746
D,922,900,842,764,870,811,864,793,888,747
D,920,896,844,759,875,807,866,788,893,746
D,918,896,844,764,871,810,865,793,888,745
D,921,896,844,763,872,811,865,791,887,746
D,918,897,845,762,872,811,863,791,888,746
D,920,896,845,763,872,810,864,792,887,746
D,919,899,845,766,870,811,864,793,887,747
D,915,898,844,763,871,811,863,791,887,745
D,921,897,844,763,872,812,864,793,887,747
D,918,896,845,763,870,811,864,793,886,746
D,916,895,845,762,868,811,863,792,887,745
D,918,896,843,764,868,811,862,792,889,746
D,917,896,844,764,870,812,864,791,887,747
D,919,897,843,762,870,811,863,793,887,746
