P,896,865,824,814,845,838,909,839,860,819
P,899,865,825,814,844,840,913,838,858,818
P,901,865,825,814,845,838,912,838,858,819
P,901,868,826,814,844,840,911,838,860,820
P,900,865,825,815,843,839,912,837,858,821
P,893,866,825,815,842,838,913,836,860,819
P,892,865,824,814,841,839,915,837,858,819
P,894,865,825,815,841,839,913,837,859,816
P,895,862,825,813,840,839,912,837,859,819
P,899,865,827,814,839,839,913,836,857,821
P,895,864,827,813,840,838,913,836,859,821
P,900,862,826,815,840,839,914,836,858,820
P,897,864,825,813,837,839,914,836,858,821
P,897,865,823,814,842,837,915,836,857,820
P,897,864,825,814,840,837,913,834,859,821
P,900,864,824,814,842,838,914,836,860,822
P,901,865,824,815,838,837,913,834,860,821
P,898,865,825,815,838,838,913,834,859,821
P,897,868,823,814,838,838,912,836,859,821
P,900,864,825,814,840,836,911,834,858,820
P,901,866,824,815,839,839,911,835,858,822
P,901,865,823,816,840,837,910,834,859,822
P,898,866,823,815,838,838,911,835,859,820
P,899,867,823,813,839,838,911,836,859,819
P,898,865,824,814,840,839,912,836,858,820
P,898,867,823,813,840,838,911,835,858,819
P,896,870,824,815,838,839,911,836,857,822
P,899,867,823,815,835,837,910,836,859,822
P,900,867,823,815,837,838,911,835,859,822
P,900,869,823,814,837,837,911,836,858,819
P,900,865,823,815,837,838,911,835,857,822
P,893,868,823,813,835,839,912,833,859,821
P,897,868,823,813,835,838,912,836,857,821
P,901,868,823,815,836,837,914,834,859,821
P,902,866,822,812,834,838,916,834,857,821
P,899,867,825,817,842,839,916,834,857,822
P,895,871,823,813,837,835,916,835,855,821
P,893,867,823,811,834,835,916,836,856,821
P,890,866,822,812,832,834,915,835,858,823
P,890,865,823,814,830,835,913,835,857,822
P,891,864,822,812,829,833,914,834,856,822
P,893,865,822,812,827,836,916,833,856,821
P,894,864,820,812,825,834,915,833,855,821
P,893,863,823,812,828,836,898,834,856,821
P,893,863,823,812,826,834,899,832,853,820
P,891,862,823,812,826,835,899,833,856,822
P,898,862,823,812,829,834,899,834,857,820
P,892,863,823,813,828,835,899,835,856,822
P,892,863,822,812,827,834,898,834,856,821
P,894,864,822,810,827,835,900,833,857,820
P,891,862,822,810,827,835,898,835,856,821
P,895,863,824,816,829,837,896,836,855,820
P,890,862,823,812,826,835,899,833,853,820
P,890,863,822,812,827,834,898,835,856,822
P,891,863,823,812,829,835,899,833,856,821
P,893,862,824,812,828,834,899,834,856,822
P,893,862,823,812,827,835,899,834,858,818
P,900,860,824,810,830,834,898,834,856,821
P,891,863,823,811,829,833,899,834,854,820
P,890,862,823,811,830,834,898,832,855,820
P,884,863,823,812,830,833,898,832,856,820
P,889,861,822,811,827,835,897,833,856,822
P,893,864,822,811,827,835,900,832,854,820
P,891,864,822,810,828,833,900,832,855,821
P,892,863,823,810,831,834,899,834,856,822
P,890,863,823,811,831,833,898,833,856,820
P,893,862,822,810,833,835,897,833,856,819
P,889,862,822,811,831,835,897,832,855,819
P,889,861,822,810,829,834,899,831,856,819
P,893,864,823,811,828,834,898,833,856,821
P,891,863,822,811,824,832,899,832,855,820
P,894,863,823,811,824,833,897,832,855,820
P,890,861,822,810,824,835,898,832,855,821
P,892,864,823,810,824,834,899,833,854,821
P,890,864,823,811,825,833,897,832,856,820
P,889,864,822,810,825,834,899,831,855,821
P,890,863,823,811,828,834,898,831,856,820
P,893,862,821,811,831,834,899,832,856,820
P,893,864,823,810,826,833,897,833,856,821
P,890,862,824,810,824,834,898,831,854,820
P,893,864,824,811,823,831,898,828,860,823
P,893,862,823,812,824,833,896,832,853,819
P,891,864,824,810,822,833,899,833,855,822
P,888,862,823,810,822,835,898,832,855,821
P,890,861,823,809,824,833,899,831,856,821
P,891,861,824,810,823,835,896,832,855,819
P,891,860,824,810,822,833,898,833,855,820
P,892,864,823,811,824,833,898,833,853,821
P,894,864,823,811,824,834,898,832,855,820
P,891,863,823,809,829,835,897,831,854,821
P,889,864,823,809,830,832,898,831,855,821
P,892,864,824,810,830,833,898,832,855,820
P,890,863,823,810,828,833,898,832,855,820
P,890,863,823,809,825,834,897,831,856,819
P,892,864,823,811,824,834,900,830,855,825
P,891,864,823,810,824,834,899,831,856,820
P,891,864,824,810,824,833,900,832,855,818
P,892,864,823,811,824,834,899,831,855,818
P,881,859,823,808,826,833,898,831,855,819
P,890,861,824,811,823,834,899,832,855,820
P,891,864,823,810,825,834,899,833,852,819
P,890,862,825,811,827,834,898,831,854,821
P,890,858,821,813,828,835,899,831,854,820
P,891,862,824,810,827,833,897,832,855,821
P,891,864,825,809,825,835,897,830,855,822
P,892,864,823,811,825,833,898,832,855,820
P,890,864,824,810,824,834,898,831,855,819
P,892,864,824,809,823,833,898,833,855,821
P,892,862,824,809,823,833,898,832,854,818
P,888,864,824,809,826,834,897,833,853,819
P,889,862,825,810,825,834,897,832,855,821
P,889,864,824,810,830,833,898,832,854,820
P,892,862,824,810,828,833,898,830,855,819
P,890,862,824,810,831,834,897,831,854,820
P,892,864,823,810,833,833,898,830,855,819
P,890,863,823,809,833,834,897,831,854,818
P,888,864,823,809,834,834,896,827,853,819
P,894,863,821,810,831,833,897,831,854,819
P,890,863,822,809,837,833,896,834,855,820
P,891,864,823,811,830,833,899,832,853,818
P,889,864,824,810,827,833,896,830,855,818
P,889,863,824,810,827,833,897,831,856,818
P,890,864,824,809,826,834,898,830,856,820
P,891,863,823,810,828,833,899,830,854,818
P,888,863,823,809,829,834,898,832,855,820
P,887,861,823,808,826,833,898,830,854,819
P,890,862,820,808,824,832,898,830,854,817
P,889,863,824,810,828,833,896,831,855,818
P,891,862,823,810,826,833,897,830,861,822
P,888,862,824,809,826,833,897,829,853,817
P,890,864,826,807,830,829,901,833,853,819
P,889,864,824,808,829,831,896,829,851,819
P,891,866,825,812,827,834,900,830,855,820
P,889,864,824,810,829,832,898,829,857,821
P,889,862,824,810,828,833,897,830,855,818
P,888,863,825,810,827,832,898,827,854,817
P,893,863,823,810,827,833,897,829,855,820
P,889,864,824,810,826,832,898,828,855,818
P,888,865,823,811,826,833,898,831,854,817
P,889,864,824,809,827,832,897,829,856,819
P,891,864,824,809,827,832,896,829,855,818
P,894,865,824,810,829,833,897,828,856,820
P,890,862,823,809,830,834,899,831,855,818
P,887,863,823,809,832,832,899,829,855,818
P,888,864,824,809,831,832,898,829,855,820
P,891,864,824,810,830,833,898,830,856,818
P,893,864,824,809,830,832,898,830,855,819
P,891,863,824,809,832,831,898,830,853,819
P,890,864,823,808,829,831,898,830,853,819
P,890,860,824,810,828,830,899,829,856,817
P,889,864,824,809,829,832,898,829,855,818
P,894,863,824,810,828,832,901,829,853,818
P,889,863,824,809,829,832,899,830,854,818
P,891,862,825,809,828,831,899,830,855,818
P,893,865,824,810,830,832,903,830,855,819
P,890,864,825,808,830,832,903,829,856,818
P,891,864,824,809,829,832,903,830,855,818
P,888,863,824,810,829,833,901,828,854,818
P,889,863,823,809,830,831,903,830,855,819
P,891,864,824,807,830,832,902,829,855,817
P,893,862,825,810,831,832,902,829,855,818
P,890,865,825,810,829,833,902,830,853,818
P,887,862,826,809,831,832,900,829,855,818
P,891,863,822,810,831,833,899,830,855,817
P,890,863,825,809,832,832,899,829,855,818
P,890,865,825,809,831,832,900,829,856,818
P,890,862,825,809,831,831,898,827,857,817
P,887,861,825,808,831,832,899,828,855,818
P,891,864,824,807,830,833,899,829,854,817
P,886,862,825,809,830,831,900,829,855,818
P,888,863,824,809,830,831,902,828,853,817
P,888,864,823,810,830,833,902,829,856,816
P,889,864,825,809,828,832,901,828,855,818
P,889,865,826,806,830,831,901,828,855,816
P,892,865,824,808,827,833,902,828,854,818
P,890,865,824,808,830,833,901,829,856,818
P,890,866,825,808,828,831,902,829,853,816
P,889,863,825,808,828,832,902,830,856,817
P,888,864,824,807,828,830,902,828,855,818
P,890,863,825,808,829,833,901,828,854,817
P,892,864,825,809,831,831,902,829,854,818
P,889,862,825,809,831,833,900,829,855,817
P,889,867,823,809,830,833,901,828,856,816
P,891,864,825,808,830,832,901,829,854,816
P,890,865,825,808,830,832,898,829,856,816
P,888,861,824,805,829,831,899,828,854,818
P,889,865,825,808,831,832,901,830,855,818
P,889,863,824,807,829,831,899,829,855,818
P,887,862,826,809,830,832,900,828,854,817
P,884,864,825,810,830,832,900,829,853,818
P,887,862,825,809,831,832,901,828,856,819
P,887,862,825,810,832,832,899,829,854,818
P,891,863,824,809,831,831,901,828,855,817
P,890,861,825,809,828,833,900,829,854,817
P,887,863,824,810,830,833,900,829,854,817
P,890,863,825,809,830,832,900,828,855,817
P,886,864,825,808,832,832,901,826,855,817
P,886,863,825,808,830,832,900,828,855,815
P,889,860,826,810,832,832,899,829,855,817
P,892,863,825,808,832,833,900,829,853,817
P,888,862,825,808,831,832,900,828,855,818
P,895,863,826,808,833,833,901,829,854,816
P,891,862,825,808,832,831,900,828,854,817
P,887,863,825,808,831,831,900,830,854,817
P,888,864,825,809,832,832,900,828,855,817
P,889,862,825,809,832,832,900,828,853,819
P,888,862,826,806,829,832,900,829,855,818
P,887,864,826,808,830,832,901,828,853,818
P,891,862,826,804,834,829,900,829,854,816
P,892,865,825,809,831,832,901,828,855,818
P,888,862,825,808,831,832,900,828,855,817
P,890,865,825,809,830,831,899,828,854,818
P,887,863,826,810,830,831,901,827,855,818
P,885,862,827,807,827,831,899,829,855,816
P,891,864,826,809,829,831,900,829,854,816
P,888,864,827,810,828,832,900,827,852,818
P,891,863,826,808,829,832,900,829,855,817
P,887,862,825,809,829,831,900,829,856,817
P,889,865,827,808,829,832,900,828,854,816
P,889,864,826,809,829,830,900,829,854,816
P,888,864,827,809,828,831,900,828,855,817
P,890,864,827,809,829,832,900,827,853,819
P,888,863,826,807,829,830,900,828,854,818
P,888,862,826,808,830,832,901,829,854,818
P,888,863,826,808,829,832,901,827,855,817
P,888,863,826,809,830,832,901,829,854,815
P,891,861,825,808,832,830,902,828,855,818
P,888,862,826,809,828,832,900,828,855,816
P,887,864,826,808,830,831,901,829,856,816
P,888,864,825,808,828,832,899,829,855,817
P,889,863,825,809,830,832,900,828,854,816
P,887,862,826,808,828,831,900,829,854,818
P,889,864,826,809,830,832,901,828,856,819
P,890,862,825,810,828,830,899,828,854,817
P,891,864,827,808,830,831,901,828,856,817
P,887,864,825,807,830,832,902,828,855,817
P,889,862,825,807,830,831,901,829,851,821
P,889,865,825,807,830,832,901,830,856,816
P,889,864,826,808,829,832,902,828,856,816
P,890,863,825,809,829,832,901,827,854,816
P,887,862,826,808,831,831,900,828,854,817
P,886,865,826,807,831,832,900,827,856,818
P,888,865,826,808,828,832,902,829,855,816
P,888,863,826,807,833,832,901,829,856,816
P,888,864,826,809,829,832,900,829,856,817
P,890,864,826,809,829,831,901,828,856,817
P,887,864,826,808,828,832,899,829,854,816
P,887,863,826,808,827,832,901,828,855,818
P,890,861,826,807,829,831,900,828,856,817
P,887,864,826,809,830,832,899,828,854,816
P,887,864,826,807,830,831,900,829,855,816
P,886,861,827,809,828,832,899,828,853,817
P,890,862,825,806,828,832,900,829,854,816
P,886,864,826,809,830,831,899,828,853,818
P,889,865,826,808,831,831,899,828,856,817
P,888,863,825,809,832,833,898,826,853,818
P,890,864,826,807,830,833,899,829,853,816
P,888,865,827,809,829,831,902,830,856,816
P,886,862,827,806,829,831,900,829,855,813
P,890,865,825,807,829,831,900,826,855,817
P,889,863,826,808,830,832,903,828,853,817
P,888,864,826,807,830,832,900,829,855,818
P,886,864,827,807,831,832,900,829,853,816
P,885,864,826,808,831,832,899,828,855,818
P,888,865,825,807,830,831,902,830,853,816
P,886,864,826,807,830,831,900,830,853,817
P,888,866,827,807,829,832,901,829,854,817
P,889,866,825,808,829,832,898,828,855,817
P,890,865,827,808,827,831,900,829,855,817
P,888,862,826,809,827,832,899,829,855,816
P,885,864,828,807,829,829,900,829,854,816
P,885,866,827,807,826,831,899,829,856,816
P,888,863,825,808,827,830,901,830,853,816
P,889,865,827,807,827,832,901,828,855,817
P,889,863,826,807,828,832,900,829,853,816
P,887,865,828,808,827,831,902,829,854,817
P,889,864,827,807,827,832,898,827,854,816
P,889,863,826,806,829,830,901,828,854,816
P,888,864,827,808,828,832,898,830,854,815
P,888,865,828,807,828,833,900,828,855,816
P,885,863,827,807,829,831,900,832,855,817
P,886,862,826,807,830,831,900,828,853,819
P,887,867,827,808,830,832,901,829,854,817
P,890,863,827,807,828,832,899,828,855,817
P,888,863,826,808,828,831,900,829,856,817
P,884,864,825,809,830,832,899,829,853,816
P,885,863,827,808,828,830,899,829,856,814
P,890,864,827,804,830,833,900,824,856,818
P,886,864,828,807,834,832,901,828,854,818
P,888,863,828,808,835,833,901,828,856,817
P,889,865,827,807,835,834,902,827,856,817
P,886,863,827,807,833,832,901,829,856,817
P,890,864,828,809,832,832,901,830,856,815
P,887,862,826,808,833,832,902,828,855,815
P,886,863,827,806,833,833,901,829,855,818
P,887,865,828,807,834,833,901,828,855,817
P,885,862,825,808,833,834,901,828,854,816
P,889,864,827,807,833,833,900,828,856,816
P,891,863,827,806,832,833,900,828,855,817
P,887,864,828,808,832,833,902,830,852,815
P,888,863,827,806,833,832,901,828,855,817
P,888,862,827,806,833,835,901,828,855,817
P,887,865,826,808,833,833,902,829,854,816
P,886,865,827,807,833,833,901,828,855,816
P,888,862,828,808,832,832,900,827,856,817
P,887,864,828,805,829,833,902,830,856,817
P,888,862,828,806,832,832,901,828,853,816
P,890,864,828,808,831,834,901,827,857,817
P,887,862,827,808,832,833,899,829,855,816
P,884,864,827,807,833,832,901,829,854,817
P,885,867,825,811,835,832,901,829,855,815
P,885,862,828,808,833,832,901,827,854,817
P,889,862,828,808,831,833,899,829,855,816
P,890,864,827,808,832,832,902,827,855,817
P,887,862,827,808,832,831,902,828,855,816
P,888,864,827,807,832,833,901,828,852,816
P,886,864,827,807,832,833,899,829,856,817
P,888,864,826,805,831,831,899,828,855,816
P,887,864,828,808,832,830,901,828,855,815
P,886,863,828,808,833,832,900,828,855,816
P,890,863,828,808,832,832,901,827,854,818
P,890,862,828,807,833,832,901,827,854,816
P,887,864,828,805,834,832,901,828,855,815
P,889,862,828,808,833,833,901,829,854,816
P,887,863,829,808,833,831,901,828,855,816
P,890,865,827,808,832,833,901,827,856,815
P,885,865,827,808,832,833,901,828,854,817
P,885,863,827,807,833,833,898,829,855,815
P,887,863,828,808,832,832,899,829,855,817
P,885,863,826,806,833,833,900,827,855,816
P,886,863,828,807,832,833,901,827,854,817
P,887,863,828,808,834,830,901,827,853,817
P,887,865,827,807,834,831,901,828,854,815
P,887,862,828,806,832,833,901,826,856,815
P,890,862,827,807,832,833,901,828,855,817
P,886,865,827,807,833,829,899,828,855,817
P,887,865,827,808,832,831,900,829,854,816
P,887,865,828,807,832,830,899,828,853,816
P,889,865,828,808,833,833,900,828,856,817
P,889,863,827,807,832,831,897,828,853,817
P,889,862,828,808,832,831,901,828,854,815
P,889,864,828,807,833,832,900,827,855,815
P,886,864,828,807,832,832,901,829,856,817
P,890,863,829,808,833,833,900,829,855,815
P,888,863,829,808,832,832,901,827,855,817
P,884,859,828,807,834,832,899,827,856,816
P,888,864,825,808,833,832,901,827,856,816
P,889,863,826,808,832,832,902,827,854,817
P,888,863,827,806,834,832,899,828,855,816
P,886,862,828,807,832,832,900,828,853,816
P,890,864,828,806,833,833,899,827,854,816
P,887,864,828,807,833,831,900,827,854,814
P,887,864,827,806,833,831,900,826,856,815
P,888,864,828,806,832,833,900,828,856,816
P,887,866,828,807,833,834,900,827,854,816
P,888,864,828,807,833,832,899,827,855,816
P,891,863,828,807,831,832,899,826,856,816
P,890,864,829,807,832,833,900,826,853,817
P,890,864,828,807,832,833,900,827,854,817
P,887,864,830,805,833,832,898,828,855,815
P,888,865,829,807,832,833,898,827,856,815
P,884,862,828,808,833,832,900,827,855,817
P,887,862,829,807,832,831,901,826,854,815
P,890,863,828,806,832,832,901,827,855,816
P,887,865,826,806,831,833,899,827,855,817
P,890,862,829,805,833,832,901,828,856,817
P,889,862,829,807,832,834,898,829,854,817
P,889,864,828,808,833,832,900,827,855,816
P,887,863,829,807,833,832,900,827,854,815
P,889,864,828,808,834,831,900,828,854,815
P,887,863,829,807,833,833,900,827,856,817
P,886,864,828,807,834,832,901,827,854,815
P,888,862,829,807,834,833,899,827,855,816
P,887,864,828,806,829,835,902,826,853,816
P,886,864,828,808,833,831,902,827,853,816
P,889,864,827,807,833,832,902,827,854,816
P,891,865,829,807,832,833,900,828,856,815
P,890,867,829,806,834,832,902,825,854,815
P,891,862,830,806,831,831,899,827,855,816
P,887,864,829,806,832,831,902,827,854,816
P,889,864,829,807,833,833,901,827,856,815
P,889,863,829,806,833,832,902,826,855,814
P,890,865,830,806,833,833,902,827,855,816
P,883,862,828,807,832,831,902,825,854,817
P,889,863,830,806,831,832,903,827,856,817
P,889,862,828,808,832,832,904,826,853,815
P,887,864,830,808,832,831,902,826,853,818
P,890,864,829,807,832,832,902,827,855,816
P,888,863,829,806,832,833,903,827,854,816
P,889,865,828,806,832,831,904,827,855,817
P,886,863,829,809,832,833,902,828,854,817
P,888,860,829,807,833,832,903,827,854,815
P,890,865,829,807,834,832,903,827,856,815
P,889,862,830,806,833,832,903,825,852,817
P,888,862,830,807,833,833,903,827,855,816
P,889,864,830,806,833,832,902,827,855,815
P,890,864,830,807,833,832,903,827,856,815
P,889,863,830,807,831,832,903,825,853,816
P,888,865,830,806,831,832,903,827,856,817
P,887,865,829,808,833,831,902,826,855,815
P,889,862,830,808,831,832,901,827,855,813
P,886,863,829,808,833,831,902,827,855,816
P,887,863,830,807,833,832,902,828,855,818
P,884,866,829,804,833,833,902,825,855,816
P,889,864,830,807,832,831,901,827,854,816
P,884,865,830,807,832,831,901,827,855,815
P,888,863,830,807,831,833,899,826,855,817
P,891,864,829,807,832,832,901,825,855,819
P,889,863,830,806,832,832,901,826,854,815
P,890,864,830,807,832,832,903,827,856,815
P,889,864,830,806,832,831,900,827,853,818
P,887,863,829,807,834,831,901,826,856,817
P,885,863,830,806,832,831,901,826,855,814
P,887,862,830,804,830,831,899,828,857,814
P,884,863,831,807,833,833,901,827,855,816
P,890,863,830,806,833,832,901,826,854,815
P,887,864,829,807,834,832,900,826,854,816
P,890,863,830,808,832,831,901,826,854,815
P,889,863,830,807,835,831,901,828,856,815
P,888,863,830,806,832,831,902,827,855,814
P,891,862,831,805,831,832,902,826,855,816
P,884,864,831,808,832,831,902,826,856,816
P,889,863,830,808,832,832,902,826,856,815
P,888,863,829,808,832,831,903,826,855,815
P,888,863,830,807,833,833,901,827,855,816
P,890,863,830,806,831,831,901,826,856,814
P,886,863,830,806,832,833,901,826,853,814
P,888,863,830,807,833,833,902,827,854,815
P,888,864,830,806,832,832,901,826,856,815
P,890,863,831,807,833,832,902,826,856,816
P,882,866,832,807,831,830,901,827,854,815
P,888,864,830,807,832,831,900,826,854,814
P,885,864,830,807,831,830,901,826,855,814
P,889,862,830,807,832,832,901,826,854,815
P,880,868,831,805,833,832,900,826,855,816
P,887,864,830,806,833,831,900,827,856,816
P,888,862,831,807,833,831,900,827,854,816
P,893,861,830,808,832,831,901,827,854,816
P,887,863,830,807,830,832,900,827,855,815
P,889,863,829,806,833,831,902,826,856,815
P,891,863,830,805,833,834,903,827,853,817
P,889,863,830,808,831,832,901,827,854,815
P,889,864,831,807,832,832,900,827,855,813
P,888,862,831,808,833,832,900,828,857,816
P,890,862,831,805,832,832,899,827,855,816
P,887,862,831,807,833,833,899,826,854,815
P,886,864,830,807,831,832,900,826,854,816
P,885,863,830,806,831,832,900,825,854,816
P,889,862,830,808,831,831,902,826,854,815
P,885,864,831,806,831,832,898,827,856,817
P,889,864,830,805,831,831,900,827,855,816
P,889,863,830,807,833,831,897,826,855,815
P,885,864,831,807,832,832,898,826,855,815
P,885,865,830,807,832,832,900,827,854,814
P,888,864,831,807,831,832,899,826,857,817
P,883,869,833,807,831,832,899,826,855,815
P,888,863,829,808,832,832,899,826,856,814
P,885,864,831,807,833,832,899,825,857,816
P,884,864,832,807,832,831,899,827,855,814
P,890,864,831,806,833,831,900,826,854,815
P,891,862,830,808,831,831,899,826,856,814
P,889,864,830,807,831,832,898,826,854,815
P,887,863,831,807,832,831,899,825,855,816
P,889,865,831,807,832,832,900,827,856,813
P,890,862,831,807,832,832,899,826,854,815
P,889,864,832,806,832,832,899,827,854,816
P,888,865,832,807,831,832,899,826,854,817
P,890,862,832,804,834,832,897,827,856,815
P,888,863,832,806,832,832,899,827,855,816
P,886,865,832,805,833,832,900,826,854,816
P,888,865,831,806,833,832,898,827,855,816
P,886,864,833,807,833,832,899,827,852,816
P,889,863,831,806,832,830,900,826,856,816
P,888,863,832,807,832,832,899,827,856,816
P,882,863,833,808,834,831,900,826,854,815
P,885,865,832,806,834,831,901,827,854,816
P,889,863,831,806,832,831,902,827,856,814
P,884,864,832,806,833,832,901,826,855,815
P,884,865,833,807,831,831,900,826,855,816
P,889,862,832,806,832,831,901,827,854,814
P,887,864,834,807,831,832,900,827,856,815
P,890,863,833,805,832,832,902,827,855,815
P,887,864,833,806,834,833,901,827,856,817
P,884,863,834,807,833,832,899,827,854,815
P,887,864,833,805,831,831,900,827,855,815
P,881,867,831,806,836,829,900,827,856,815
P,888,863,833,804,832,831,900,827,854,815
P,889,863,833,806,834,832,900,827,855,815
P,886,864,833,807,832,833,900,827,855,812
P,887,863,834,805,831,832,899,827,854,816
P,886,864,833,806,834,831,899,826,854,816
P,887,864,833,806,834,831,900,827,856,815
P,887,863,833,807,833,832,899,827,855,815
P,890,863,833,807,832,832,899,827,855,816
P,889,865,832,806,834,830,900,826,856,814
P,887,864,833,805,834,832,899,828,860,814
P,888,865,832,805,833,832,899,827,855,816
P,889,866,832,807,833,831,899,826,855,816
P,881,863,833,806,833,832,898,827,854,816
P,886,862,832,808,833,831,900,827,856,816
P,888,863,833,805,833,832,900,827,855,815
P,888,865,832,807,833,831,899,828,857,814
P,888,865,832,806,833,831,900,825,856,814
P,888,864,832,807,831,832,899,827,855,813
P,889,863,833,806,834,831,900,827,856,816
P,887,865,832,806,834,832,900,826,855,816
P,885,862,832,805,830,830,900,825,854,816
P,884,865,833,806,832,832,902,827,856,814
P,886,863,833,806,833,831,900,827,854,814
P,887,865,830,802,836,831,899,825,854,814
P,886,861,833,807,833,831,900,827,855,814
P,887,863,833,805,832,832,899,827,855,815
P,887,864,831,807,832,831,899,826,855,813
P,889,864,833,806,832,832,897,825,855,813
P,889,862,833,806,834,830,899,827,856,815
P,888,865,832,806,833,832,898,826,855,814
P,889,865,832,805,832,830,898,828,854,814
P,889,864,833,806,833,832,899,825,855,818
P,884,866,832,805,833,832,899,827,855,815
P,890,864,832,806,834,831,899,827,854,815
P,885,865,832,805,832,832,898,826,854,814
P,886,864,833,806,833,832,897,827,855,817
P,886,864,832,805,833,831,898,827,856,815
P,890,864,833,807,833,832,898,827,854,816
P,888,863,832,806,833,832,898,827,853,816
P,885,863,832,806,832,832,898,826,854,813
P,892,863,831,805,835,831,898,827,854,815
P,886,863,834,806,833,832,898,826,854,815
P,889,862,832,807,835,831,898,828,851,816
P,888,863,833,806,833,832,897,827,855,815
P,887,865,833,806,832,831,898,826,855,815
P,886,864,833,805,833,832,898,827,854,815
P,885,863,832,806,832,831,898,827,855,815
P,890,864,833,806,833,831,897,826,855,815
P,890,865,832,806,832,831,897,827,855,813
P,889,862,833,806,832,833,897,826,853,815
P,886,863,832,807,833,831,897,825,856,814
P,888,862,833,807,833,831,898,827,855,814
P,888,862,832,807,833,830,898,827,854,815
P,889,865,832,807,834,830,897,827,855,814
P,887,864,833,805,832,832,897,825,854,815
P,889,862,833,803,832,833,898,827,855,814
P,889,864,834,806,832,832,898,826,856,816
P,886,864,833,806,834,833,898,826,854,814
P,890,862,833,806,832,832,898,826,856,814
P,886,861,833,804,833,832,897,825,853,816
P,886,863,833,805,834,831,899,827,856,818
P,889,863,833,806,832,831,899,827,854,814
P,886,864,833,805,834,831,899,826,856,815
P,890,866,832,806,832,830,897,827,856,814
P,889,865,833,806,833,832,897,826,856,816
P,895,862,833,804,832,831,898,827,854,814
P,887,863,832,805,833,832,897,826,856,814
P,890,863,833,806,833,830,898,826,854,815
P,888,863,832,804,832,832,899,828,853,813
P,890,864,833,806,832,831,898,826,854,815
P,886,863,832,805,833,831,897,828,854,816
P,885,862,831,805,833,831,898,826,855,816
P,887,865,832,806,833,831,899,826,855,814
P,887,864,833,806,831,831,899,827,854,814
P,887,863,833,807,835,832,899,825,853,814
P,889,863,834,806,833,833,898,828,854,813
P,884,866,830,806,832,832,898,826,854,815
P,886,864,833,805,833,831,898,827,856,814
P,890,862,833,807,833,830,897,828,855,815
P,888,863,833,806,832,831,899,828,852,817
P,887,863,832,805,831,832,899,826,854,814
P,885,864,832,806,832,832,899,825,855,814
P,888,864,833,807,836,834,900,825,854,815
P,888,864,833,806,833,831,897,825,857,814
P,886,863,832,807,833,832,897,826,854,814
P,886,862,833,806,833,831,896,827,855,815
P,889,864,833,804,834,833,898,826,854,815
P,886,863,833,805,833,832,898,826,854,813
P,889,864,832,806,833,831,898,827,854,815
P,887,864,832,806,833,832,898,825,855,815
P,887,864,832,804,834,832,900,827,856,815
P,889,865,833,807,833,831,897,827,856,816
P,884,863,833,805,833,832,899,826,855,815
P,884,864,830,805,832,832,898,825,855,814
P,887,862,832,805,832,831,897,825,855,816
P,884,863,831,806,832,831,898,829,851,817
P,889,864,833,805,833,831,898,827,857,814
P,885,863,833,807,833,831,897,827,856,814
P,888,864,833,806,831,831,895,828,857,812
P,887,864,833,807,832,832,898,826,856,814
P,889,862,832,807,832,831,897,826,856,813
P,890,865,833,807,834,831,897,825,856,814
P,884,863,832,806,833,832,897,825,855,813
P,886,864,833,806,831,831,897,825,855,815
P,887,863,833,806,832,831,898,827,854,816
P,887,864,833,806,831,832,898,826,855,813
P,887,862,833,807,831,831,897,827,854,813
P,886,864,832,806,833,831,896,826,856,813
P,883,864,832,806,832,831,898,826,854,814
P,891,863,832,806,833,831,898,826,854,814
P,888,864,833,806,833,832,896,825,855,814
P,884,867,831,800,832,832,897,825,853,814
P,886,864,832,804,834,831,898,827,855,815
P,889,865,833,806,833,831,898,825,855,814
P,887,865,833,805,834,832,896,826,856,814
P,889,863,832,806,831,831,898,825,856,817
P,887,862,833,808,838,829,896,826,854,815
P,887,865,832,806,832,829,897,823,859,815
P,885,864,833,805,831,832,897,826,855,814
P,884,865,832,806,832,832,897,826,856,813
P,885,865,832,806,833,832,897,826,854,815
P,889,865,833,806,831,832,896,827,856,813
P,892,866,832,807,832,829,897,825,855,814
P,886,864,832,805,834,831,898,825,854,814
P,888,865,832,806,833,832,898,825,855,814
P,887,864,833,806,833,830,897,826,855,813
P,887,864,834,805,833,831,897,825,855,813
P,890,863,833,806,833,832,896,826,854,815
P,888,864,832,805,830,831,900,825,857,812
P,885,862,833,806,833,830,898,826,854,815
P,888,862,833,807,833,831,899,827,856,814
P,889,862,831,806,833,830,897,826,856,816
P,888,863,834,805,835,831,897,828,856,814
P,886,861,833,805,832,832,898,826,854,814
P,884,863,832,806,834,833,898,825,856,815
P,890,863,833,805,832,831,898,827,855,814
P,886,864,833,806,832,832,897,827,853,814
P,890,862,833,806,833,830,898,825,854,815
P,889,863,832,806,832,832,898,825,856,815
P,888,865,832,807,832,829,899,826,856,815
P,886,863,833,805,833,832,896,826,855,814
P,889,863,833,803,832,832,897,826,853,814
P,889,865,832,804,833,831,895,827,852,814
P,888,863,833,805,832,831,896,824,856,815
P,886,864,833,804,832,832,900,824,850,814
P,891,862,832,805,833,832,896,827,854,814
P,889,865,833,806,834,831,898,825,854,813
P,888,862,833,806,833,832,896,827,855,815
P,886,864,832,804,832,831,897,827,855,815
P,888,864,834,805,833,831,898,827,854,814
P,884,863,833,806,833,831,897,826,855,815
P,888,862,833,804,833,832,898,826,854,815
P,885,864,834,804,831,831,897,827,855,815
P,884,865,834,807,837,832,897,827,855,814
P,888,863,832,805,834,831,897,827,856,814
P,886,862,834,804,831,831,897,826,854,815
P,886,862,834,803,832,831,898,825,854,812
P,890,866,833,806,832,832,897,826,853,814
P,887,862,832,806,831,831,896,827,854,813
P,888,863,833,805,832,831,898,826,854,815
P,889,864,833,805,832,832,898,826,855,815
P,885,862,833,805,832,832,897,826,855,814
P,886,863,834,804,832,830,898,827,856,815
P,890,862,834,804,834,831,897,825,855,815
P,888,862,833,805,832,831,897,826,855,814
P,885,864,833,805,835,831,899,825,854,813
P,885,863,833,805,832,831,897,826,854,814
P,889,862,833,806,833,831,897,826,855,816
P,886,863,833,806,832,831,896,826,857,814
P,887,862,833,805,831,832,897,827,855,813
P,888,864,834,805,834,831,896,825,855,813
P,888,862,833,806,832,831,896,827,855,814
P,876,863,834,804,832,831,896,826,855,813
P,887,863,834,805,834,831,897,826,854,813
P,885,861,834,806,832,830,897,827,855,815
P,887,862,834,805,833,831,899,826,854,814
P,890,862,834,804,831,830,897,827,855,815
P,886,865,833,804,834,831,898,826,855,814
P,885,862,834,804,834,831,898,825,854,813
P,887,864,835,804,832,831,896,827,854,814
P,884,864,834,804,832,832,898,826,854,814
P,888,864,835,805,832,831,898,825,854,816
P,887,862,834,804,834,832,898,826,855,814
P,886,863,834,804,834,832,896,826,854,813
P,888,862,834,805,833,831,896,826,856,814
P,889,863,835,804,832,831,897,825,854,813
P,889,864,835,805,833,832,897,826,854,816
P,889,863,834,804,833,831,897,826,854,814
P,889,862,834,805,833,831,898,827,854,814
P,890,864,834,804,833,832,898,826,855,814
P,890,862,834,804,833,833,893,825,853,815
P,886,862,834,805,833,831,892,826,855,814
P,887,863,834,803,833,831,893,826,854,813
P,887,865,835,804,833,831,891,827,857,814
P,890,863,833,805,834,832,891,827,855,813
P,881,864,833,804,833,832,891,826,855,813
P,887,863,834,806,833,831,891,826,856,814
P,889,863,835,805,833,831,891,825,855,815
P,889,862,834,805,834,830,892,825,856,812
P,887,862,834,806,832,831,891,825,854,813
P,891,863,833,806,834,831,892,825,854,815
P,886,863,834,804,834,830,890,827,854,814
P,889,864,834,804,833,831,889,826,854,815
P,886,864,835,804,833,831,892,825,855,814
P,889,863,835,805,832,832,891,825,853,815
P,888,863,833,805,834,832,892,826,855,813
P,889,864,834,803,833,831,891,826,855,813
P,892,862,834,804,834,831,891,826,855,814
P,889,863,832,805,833,831,892,826,854,814
P,890,864,833,800,833,831,892,825,856,814
P,897,864,836,805,834,831,891,825,856,814
P,888,861,835,804,833,831,892,826,853,815
P,889,865,835,803,834,831,889,827,857,817
P,890,863,833,805,834,831,892,826,855,815
P,888,863,835,804,835,830,892,825,853,814
P,885,862,835,804,835,830,893,826,854,815
P,887,863,834,804,835,831,890,826,855,813
P,886,864,834,805,835,831,892,827,854,814
P,890,864,834,805,833,831,890,826,855,815
P,889,864,835,805,836,830,891,826,857,815
P,889,863,835,804,834,832,896,826,853,813
P,885,864,835,803,835,831,897,826,852,814
P,889,862,835,803,833,831,897,826,854,814
P,887,863,835,804,833,831,897,825,854,813
P,889,864,835,803,836,833,896,826,856,815
P,887,863,835,804,836,832,897,826,855,813
P,891,858,835,805,834,831,897,825,855,814
P,889,864,835,805,834,831,898,824,854,813
P,892,858,836,805,834,831,897,825,853,814
P,888,863,836,804,833,831,898,824,855,814
P,890,863,835,804,832,829,898,826,855,813
P,888,863,836,804,834,831,898,827,856,814
P,887,864,835,804,834,832,895,826,854,815
P,886,864,836,805,833,830,898,826,856,813
P,889,863,835,805,833,832,897,826,854,815
P,884,862,835,804,834,830,898,825,855,815
P,890,861,835,804,834,831,897,826,856,813
P,886,862,836,802,834,831,896,826,853,813
P,889,863,835,803,833,830,898,826,856,814
P,881,866,838,805,835,831,897,825,855,814
P,884,863,834,804,835,831,897,826,855,815
P,886,864,834,805,834,830,897,827,853,812
P,890,861,834,805,834,831,891,825,854,814
P,890,862,834,805,833,831,890,825,855,812
P,888,864,835,804,835,831,890,826,855,813
P,888,862,834,804,834,831,891,824,856,815
P,885,863,834,805,834,831,891,826,855,814
P,890,863,835,805,835,829,891,825,854,815
P,890,861,834,805,835,830,890,824,855,813
P,888,862,834,804,833,830,891,826,856,814
P,890,864,835,803,833,830,890,825,856,815
P,887,865,835,804,833,831,891,826,855,814
P,890,864,834,805,832,828,888,825,854,813
P,887,864,835,804,835,833,892,825,856,814
P,886,862,834,803,832,831,896,825,855,813
P,888,864,835,804,833,831,896,824,855,814
P,886,861,833,801,833,830,897,826,854,814
P,889,863,833,806,836,832,895,825,851,814
P,886,864,835,803,834,832,896,826,851,814
P,891,864,834,804,834,830,898,825,854,813
P,889,864,835,803,834,832,899,824,855,813
P,885,864,835,803,835,831,899,826,856,811
P,885,862,835,803,834,831,899,824,856,814
P,892,865,834,804,834,831,898,824,856,815
P,888,864,836,805,836,830,900,825,856,813
P,888,863,834,803,836,831,898,826,854,814
P,889,862,834,805,834,831,898,825,855,814
P,889,861,834,804,834,831,898,826,856,813
P,887,863,836,803,835,831,899,827,854,813
P,890,862,836,803,833,831,899,826,856,812
P,887,863,836,803,834,832,898,825,856,814
P,890,861,835,804,835,831,899,823,853,814
P,885,862,835,805,835,831,898,825,854,813
P,889,864,836,804,835,832,899,826,854,811
P,887,863,835,805,834,831,897,826,852,812
P,885,862,835,803,833,830,899,826,855,814
P,888,863,835,804,836,830,899,826,854,814
P,889,862,835,804,833,830,898,825,854,813
P,889,865,837,801,837,831,891,825,854,811
P,888,862,835,804,836,830,892,825,854,812
P,885,863,835,802,835,831,891,825,856,814
P,889,864,836,803,835,831,889,825,856,813
P,888,862,833,801,832,831,890,826,855,813
P,888,863,834,803,835,831,891,826,854,813
P,887,863,836,803,835,830,891,825,856,813
P,894,865,834,803,838,832,891,827,855,814
P,889,864,836,804,837,831,890,826,853,814
P,886,862,835,803,837,833,889,826,852,817
P,890,862,836,804,836,830,891,826,854,815
P,890,865,835,803,837,831,893,825,854,816
P,884,861,834,804,836,830,898,826,854,812
P,883,863,835,804,836,829,900,826,857,813
P,886,863,835,804,836,831,898,826,853,812
P,885,863,836,804,836,832,898,826,854,814
P,887,861,837,801,838,828,897,826,855,814
P,886,861,835,803,837,831,900,824,855,814
P,886,863,836,801,837,829,901,825,855,813
P,886,863,835,803,836,831,903,826,853,812
P,885,863,835,802,835,830,902,826,855,813
P,888,864,836,802,836,832,901,827,856,814
P,885,862,836,802,836,830,901,826,855,814
P,888,864,835,804,836,831,903,826,856,814
P,887,862,835,802,837,831,903,826,855,813
P,887,863,835,803,835,831,901,826,853,814
P,884,864,836,804,837,830,902,825,856,813
P,888,862,836,803,836,831,903,826,853,813
P,885,863,834,803,836,830,901,825,856,812
P,888,864,836,803,836,831,901,826,855,814
P,886,863,835,802,835,830,901,827,856,813
P,885,864,837,802,835,829,902,829,855,814
P,885,864,836,802,836,830,901,826,854,815
P,887,863,835,803,837,831,901,826,857,813
P,888,865,835,804,836,831,899,826,855,813
P,889,864,837,803,836,831,901,826,856,812
P,885,863,836,802,836,830,900,826,855,814
P,889,863,835,802,835,831,901,824,856,814
P,887,863,835,803,836,830,903,826,855,813
P,889,864,837,803,835,830,902,825,854,812
P,886,865,835,803,837,832,900,825,854,814
P,885,864,835,804,836,832,901,826,856,813
P,885,864,835,803,835,830,899,826,855,812
P,887,864,835,803,836,829,901,826,854,811
P,887,863,835,802,835,830,902,827,854,812
P,886,863,835,803,837,830,901,826,855,812
P,889,861,833,802,835,829,901,827,856,812
P,888,863,836,803,835,830,901,826,856,813
P,888,865,834,803,837,830,901,827,855,814
P,886,863,836,802,836,831,901,824,855,813
P,887,864,835,802,835,828,901,825,854,812
P,889,863,833,802,834,830,900,826,856,814
P,885,865,834,803,835,830,902,826,854,813
P,884,864,836,802,836,830,902,825,855,813
P,888,864,836,803,834,830,901,825,856,811
P,888,865,836,803,835,831,900,824,856,814
P,887,861,835,803,835,832,900,823,855,814
P,883,862,836,802,836,831,900,824,856,813
P,887,863,836,801,836,831,899,824,856,812
P,890,865,836,803,835,831,902,825,855,813
P,889,862,835,802,837,831,901,825,855,813
P,887,864,834,803,837,831,900,826,855,815
P,888,863,835,802,837,830,901,825,855,815
P,886,863,836,803,837,831,902,825,855,812
P,884,865,835,803,839,831,900,826,855,814
P,888,864,836,801,838,831,902,825,856,814
P,888,864,836,802,837,831,901,825,854,814
P,885,864,835,802,839,829,901,825,857,813
P,882,862,835,802,839,831,900,826,855,814
P,884,864,835,803,838,830,902,825,855,814
P,885,863,836,803,839,831,900,826,856,813
P,887,863,835,800,840,831,901,824,855,812
P,884,864,834,803,835,827,902,828,854,815
P,888,863,835,803,839,830,901,823,854,813
P,886,863,835,803,838,829,902,825,853,813
P,887,864,836,803,837,830,902,826,855,812
P,883,861,836,802,839,830,901,825,853,814
P,888,862,835,801,836,830,901,826,854,815
P,884,863,836,802,837,831,900,825,856,813
P,884,865,836,801,840,831,900,824,854,814
P,888,862,833,802,838,830,901,826,854,813
P,888,863,835,801,839,831,899,826,855,813
P,887,862,835,803,839,831,899,826,855,814
P,889,863,835,803,839,829,893,826,856,813
P,887,863,834,801,837,830,890,824,853,812
P,886,863,835,803,839,831,891,825,853,814
P,886,863,835,803,838,831,888,824,853,814
P,886,864,835,802,838,831,891,826,855,812
P,888,865,836,803,837,831,891,825,855,814
P,888,860,835,800,840,832,892,826,856,813
P,887,864,834,802,839,830,889,825,856,812
P,889,864,835,804,838,831,899,824,853,813
P,886,865,834,803,838,830,900,825,855,814
P,886,862,835,802,837,831,900,825,855,813
P,884,862,835,802,838,830,899,825,856,812
P,884,864,835,803,840,831,899,825,854,813
P,884,863,835,804,840,831,900,826,855,813
P,888,864,834,802,839,830,900,826,855,812
P,889,863,835,803,840,831,898,825,855,813
P,887,864,835,802,841,830,900,825,854,814
P,888,864,833,802,839,830,900,826,854,813
P,883,864,835,802,840,831,900,826,856,813
P,888,864,835,802,839,830,898,823,855,811
P,888,863,835,801,838,830,899,824,853,813
P,884,863,835,802,839,830,899,825,853,812
P,886,865,834,803,840,831,901,825,853,813
P,878,858,833,802,839,830,901,824,854,814
P,888,864,836,802,839,831,899,825,855,814
P,885,863,836,803,838,830,898,826,856,813
P,887,863,835,802,840,830,900,825,852,813
P,887,862,835,802,840,829,899,824,856,814
P,884,862,835,802,838,831,898,826,853,815
P,885,863,835,803,839,830,900,824,854,813
P,887,862,836,802,840,831,900,824,856,814
P,885,863,836,804,839,831,899,825,854,812
P,887,863,835,803,840,831,899,824,857,811
P,888,864,835,803,838,831,900,825,854,812
P,888,864,836,803,840,830,900,825,854,813
P,887,864,836,801,840,831,900,826,855,814
P,886,863,835,805,841,832,897,828,855,812
P,888,863,836,800,840,830,900,825,855,813
P,889,863,836,802,839,830,900,825,854,813
P,887,865,833,802,840,830,899,825,854,814
P,884,864,834,803,841,830,898,824,854,811
P,888,863,835,803,841,831,898,824,854,812
P,888,864,835,802,840,830,897,825,855,812
P,886,864,835,802,839,831,899,826,856,812
P,886,864,836,802,840,830,900,825,856,814
P,886,865,834,803,841,830,900,824,856,812
P,888,864,835,803,839,829,898,825,855,812
P,889,863,836,801,841,831,901,823,853,812
P,885,862,836,805,839,828,901,826,855,814
P,887,862,834,802,838,828,899,825,854,812
P,888,863,836,801,838,830,899,825,854,813
P,888,861,834,803,838,833,899,826,856,813
P,888,862,835,803,838,831,899,825,855,813
P,887,863,836,803,840,831,900,824,856,815
P,885,864,836,804,839,830,899,826,856,812
P,886,863,834,803,838,831,901,825,853,814
P,888,864,835,802,838,831,900,826,853,813
P,889,862,836,801,838,831,900,824,854,812
P,886,862,835,802,838,831,901,825,854,813
P,885,863,837,803,839,830,898,827,854,812
P,887,864,835,803,838,830,897,825,855,812
P,888,863,836,802,838,832,899,824,853,814
P,884,863,836,803,838,831,899,826,853,811
P,886,864,835,801,839,831,900,826,851,813
P,884,862,835,801,837,832,900,824,855,813
P,887,864,835,803,838,831,900,824,855,813
P,887,864,834,802,837,831,901,824,854,813
P,886,863,835,802,839,830,900,825,855,811
P,886,865,835,802,838,831,899,824,854,814
P,884,864,833,802,837,831,899,823,856,813
P,888,861,835,801,839,830,900,824,853,812
P,883,864,835,802,839,831,899,825,854,813
P,885,864,835,801,837,832,898,824,853,812
P,885,864,835,802,838,830,899,824,854,812
P,885,863,835,800,838,829,900,826,856,813
P,886,865,834,803,839,829,900,825,854,812
P,885,864,835,802,838,830,900,824,853,813
P,889,863,835,803,836,831,899,823,856,813
P,888,864,834,802,840,831,901,825,854,815
P,887,862,835,802,838,831,899,825,854,814
P,884,864,835,803,838,830,900,825,855,813
P,883,866,838,807,837,831,899,825,855,813
P,885,861,836,803,837,830,900,824,853,813
P,886,862,838,801,839,830,898,826,853,813
P,887,862,835,803,837,831,899,826,855,812
P,883,865,836,803,837,830,900,825,854,812
P,883,862,835,802,837,831,898,825,853,813
P,888,863,835,801,839,831,898,825,854,811
P,888,864,835,801,839,831,900,824,856,812
P,884,864,835,801,838,831,899,826,854,812
P,886,863,834,803,838,830,900,825,855,814
P,884,862,836,801,839,830,899,826,855,814
P,884,863,836,803,837,830,899,824,855,813
P,886,863,836,801,837,831,899,824,854,813
P,889,862,836,802,836,831,899,825,853,812
P,884,865,835,801,836,829,897,825,855,812
P,884,863,835,801,838,830,899,825,855,812
P,886,864,835,802,837,830,900,825,855,811
P,886,862,835,802,838,831,899,825,855,812
P,885,863,836,801,837,831,898,824,854,812
P,886,863,834,802,837,831,899,826,855,812
P,885,862,836,802,838,831,899,824,854,813
P,884,863,835,802,839,831,899,825,855,811
P,882,867,833,803,835,831,899,826,855,813
P,885,863,836,802,838,831,900,826,856,814
P,886,863,835,803,838,830,897,826,855,813
P,890,864,835,801,835,830,899,824,856,814
P,885,863,836,802,836,830,899,825,854,811
P,890,864,835,802,840,831,898,824,853,812
P,887,863,835,802,836,831,899,823,856,814
P,883,864,835,801,838,831,899,825,855,814
P,888,864,834,801,838,831,899,825,856,811
P,886,863,835,801,837,830,900,824,855,812
P,886,863,836,801,837,830,899,824,852,814
P,884,862,835,803,837,831,899,824,855,814
P,885,864,836,803,837,831,899,825,856,811
P,888,863,834,802,839,831,898,825,855,814
P,885,862,835,803,839,831,901,825,854,813
P,884,862,835,803,838,830,899,825,855,812
P,884,864,835,801,837,831,899,825,856,812
P,886,864,836,801,838,831,891,825,854,812
P,882,864,835,803,838,830,889,824,855,812
P,887,865,835,803,839,829,892,826,856,813
P,888,862,836,801,839,831,890,825,853,813
P,884,864,836,802,837,831,889,825,854,813
P,885,862,836,801,837,829,891,824,853,812
P,886,863,835,801,836,829,892,826,855,813
P,886,863,836,801,837,830,890,824,855,814
P,884,864,835,803,837,831,890,825,855,813
P,888,865,835,801,837,831,890,825,853,813
P,885,862,836,802,837,831,888,824,855,813
P,884,862,836,802,838,830,891,824,855,812
P,885,863,833,799,838,830,891,824,856,813
P,886,864,835,803,837,831,891,824,855,813
P,885,861,836,802,839,830,889,824,855,811
P,883,865,835,801,838,832,888,826,853,814
P,887,865,836,801,838,829,889,824,856,813
P,885,864,835,801,837,830,891,823,855,811
P,888,863,836,803,837,831,891,825,854,813
P,886,863,836,802,839,831,891,824,854,811
P,887,863,836,802,839,829,889,824,854,812
P,888,863,835,802,836,831,891,824,854,814
P,888,864,836,801,839,830,891,824,853,815
P,889,862,835,801,838,830,891,825,854,812
P,886,863,836,801,839,830,888,824,854,811
P,888,863,835,801,837,830,890,824,856,812
P,884,865,835,803,838,830,891,825,854,813
P,884,864,836,802,837,829,890,826,851,813
P,886,864,835,802,838,829,891,824,855,811
P,883,861,836,801,838,829,889,824,854,814
P,886,863,835,802,837,830,890,822,855,812
P,883,863,836,802,838,830,890,825,853,814
P,888,862,835,802,839,830,890,825,854,813
