H,928,930,818,784,805,789,902,834,912,804
H,927,931,819,784,806,789,902,835,913,803
H,932,928,819,782,805,790,903,834,913,803
H,929,929,819,783,807,789,901,836,913,804
H,929,931,818,783,812,791,904,839,913,806
H,940,931,816,784,810,791,902,843,909,806
H,932,930,817,784,813,789,903,842,910,807
H,929,928,817,783,807,791,903,843,909,808
H,927,931,818,785,807,790,902,842,910,808
H,927,928,819,783,806,791,902,844,908,809
H,935,928,818,783,805,790,904,845,912,811
H,931,927,817,784,804,791,903,843,910,810
H,928,925,818,784,804,791,902,844,907,811
H,930,927,818,782,806,789,903,843,909,811
H,936,927,818,782,807,791,902,843,909,808
H,936,927,819,782,810,791,903,846,909,809
H,939,928,816,782,807,791,904,845,906,812
H,932,925,818,782,804,790,902,848,907,813
H,934,926,816,783,805,792,904,849,909,814
H,933,926,818,784,805,792,901,850,905,815
H,933,926,818,784,807,789,905,852,906,815
H,928,930,816,782,808,791,904,853,904,815
H,930,927,817,782,808,792,904,856,902,815
H,934,928,816,783,808,790,903,854,904,816
H,931,926,817,784,804,791,901,853,904,816
H,925,925,817,783,800,791,902,856,903,818
H,930,923,816,782,799,792,901,857,898,816
H,924,926,817,782,799,791,899,856,901,817
H,936,925,817,784,799,791,900,856,899,816
H,932,924,815,783,799,793,899,857,900,819
H,935,925,816,782,799,793,898,858,899,819
H,929,926,817,782,799,793,898,861,896,821
H,935,924,815,783,803,793,899,858,898,818
H,933,921,815,783,801,792,899,859,897,820
H,931,923,815,781,800,794,899,858,898,821
H,933,923,815,783,801,792,900,863,896,819
H,933,923,816,783,801,794,899,859,895,818
H,930,922,815,782,806,795,899,861,895,819
H,931,923,815,781,806,795,897,863,897,821
H,934,922,814,783,804,794,898,859,894,821
H,932,924,814,783,803,795,898,862,894,820
H,931,924,814,782,802,795,897,861,892,821
H,934,923,814,783,804,795,899,859,896,821
H,932,922,813,783,803,795,899,860,894,819
H,936,922,815,783,802,796,897,859,895,821
H,930,921,814,783,801,795,899,861,896,819
H,928,924,813,783,797,796,899,858,894,821
H,935,921,814,784,798,795,898,861,896,820
H,929,924,813,782,800,796,899,859,893,820
H,932,922,813,784,800,794,897,861,894,819
H,932,921,814,782,797,796,898,859,893,819
H,935,922,812,781,799,794,896,859,892,818
H,934,920,814,782,796,795,897,860,893,820
H,931,925,814,784,796,794,897,861,895,820
H,929,923,814,783,797,795,898,860,892,819
H,932,926,813,782,798,794,897,860,893,821
H,932,921,813,782,796,796,898,858,893,819
H,929,924,813,782,796,796,898,860,893,820
H,930,922,814,784,794,794,897,858,894,818
H,930,923,814,782,797,795,899,861,896,818
H,933,923,813,781,794,796,898,857,891,819
H,937,922,813,784,794,795,899,860,893,820
H,928,924,813,784,794,795,899,860,894,816
H,930,921,814,782,796,797,897,859,896,818
H,935,924,811,784,793,796,898,860,892,819
H,931,923,814,784,795,796,898,859,893,817
H,933,923,814,784,796,795,899,859,892,819
H,927,923,812,782,796,796,897,857,893,819
H,932,923,814,782,797,794,898,860,891,820
H,933,923,814,782,795,797,898,857,894,818
H,933,923,814,782,798,795,898,859,892,819
H,929,921,814,784,797,796,897,858,892,817
H,927,921,813,782,796,795,897,857,892,820
H,935,920,813,783,797,796,898,857,893,818
H,927,924,813,785,797,795,899,860,892,818
H,930,922,813,783,797,796,897,859,891,819
H,935,921,811,782,798,797,898,859,893,819
H,930,924,814,783,796,796,899,860,890,817
H,929,922,812,783,797,796,896,858,893,818
H,933,923,814,783,796,794,896,856,892,819
H,929,924,814,783,797,796,897,859,893,819
H,928,921,813,783,798,796,896,859,890,820
H,933,921,814,785,797,797,896,857,892,818
H,935,923,813,784,795,798,898,859,890,818
H,934,922,813,784,795,797,898,856,893,817
H,934,923,813,784,793,797,897,857,890,819
H,933,921,813,785,794,796,896,859,891,820
H,934,923,813,783,794,797,897,856,891,817
H,936,920,814,783,796,798,898,857,892,818
H,927,923,814,784,796,796,897,860,894,819
H,932,921,812,785,796,796,900,858,892,817
H,930,923,814,784,793,798,898,857,893,819
H,934,921,814,784,794,798,897,854,894,818
H,934,922,812,782,795,797,898,859,891,818
H,934,923,813,783,794,797,897,857,893,818
H,927,924,813,784,794,796,897,857,893,818
H,933,921,813,782,794,797,897,857,891,816
H,933,920,813,784,796,796,896,856,893,818
H,932,921,813,783,795,796,899,857,893,820
H,929,921,814,784,796,796,898,857,893,816
H,929,923,813,783,795,796,897,858,892,818
H,934,922,814,783,794,797,899,858,890,817
H,925,923,812,785,794,797,899,857,893,819
H,931,920,812,785,794,796,900,854,893,817
H,931,926,813,784,797,798,899,855,891,816
H,933,925,813,783,794,797,900,857,892,817
H,927,923,812,785,794,795,899,855,893,818
H,930,924,813,783,794,798,899,856,892,816
H,931,922,814,783,797,797,899,855,894,818
H,930,922,814,783,798,798,898,857,894,815
H,931,922,814,785,796,799,901,855,894,816
H,932,919,814,783,797,796,899,857,894,817
H,932,923,814,784,795,796,898,853,892,815
H,929,924,813,783,797,797,900,855,894,814
H,929,925,813,784,795,798,899,855,893,817
H,937,925,813,784,797,799,899,854,894,817
H,931,921,813,784,795,798,899,855,893,816
H,934,923,813,786,798,795,896,852,894,816
H,923,923,814,785,795,797,900,855,893,816
H,927,921,813,785,796,797,899,855,895,818
H,928,920,812,784,796,799,898,855,891,817
H,933,922,813,786,796,797,898,855,893,817
H,931,921,814,785,797,797,898,855,892,816
H,930,922,814,783,795,797,896,855,893,815
H,925,919,813,785,797,798,898,857,891,816
H,929,920,814,785,797,799,898,855,893,818
H,925,921,813,784,795,798,897,855,893,814
H,929,922,813,783,796,799,897,854,890,814
H,928,918,814,784,795,799,899,856,892,815
H,934,922,812,786,796,798,898,857,890,817
H,925,922,812,785,795,799,900,855,888,815
H,925,923,813,786,797,798,899,855,892,817
H,934,923,812,784,797,799,898,857,892,815
H,921,922,814,785,796,798,898,856,891,815
H,924,923,813,784,797,797,898,857,892,817
H,930,920,812,785,797,799,898,856,889,817
H,931,920,813,785,797,800,899,855,891,816
H,931,920,812,786,798,799,899,856,890,816
H,929,920,814,786,797,799,900,856,893,813
H,932,924,814,785,799,797,899,854,891,814
H,934,923,813,785,796,797,900,855,892,817
H,925,921,813,783,797,799,897,856,893,814
H,933,920,814,785,795,799,898,855,889,817
H,931,922,813,785,797,799,898,856,891,815
H,933,923,814,784,795,800,900,855,890,814
H,940,922,814,785,796,797,899,855,890,816
H,934,923,815,785,796,798,899,856,892,815
H,925,919,813,786,796,800,898,855,889,815
H,923,920,812,785,797,798,900,853,890,815
H,932,921,813,785,796,799,898,854,890,816
H,929,922,812,785,795,799,897,857,894,815
H,929,923,815,786,795,797,899,856,890,816
H,929,923,813,785,797,797,899,854,890,816
H,933,920,812,786,797,798,900,854,892,814
H,927,920,815,786,798,799,898,856,893,814
H,928,920,814,787,796,799,898,852,893,817
H,927,921,813,784,797,798,899,856,891,814
H,936,919,816,786,799,799,899,855,890,816
H,928,920,814,785,799,798,900,854,892,815
H,932,921,813,785,798,799,900,853,892,814
H,926,919,815,785,798,797,899,855,890,815
H,930,923,812,786,797,800,900,856,892,814
H,929,922,815,789,798,798,899,852,897,814
H,932,922,815,785,798,799,898,854,893,816
H,932,918,815,786,797,799,901,856,894,816
H,925,920,815,785,798,800,900,853,892,815
H,927,922,813,785,799,799,899,853,893,815
H,929,921,815,786,796,798,899,854,891,816
H,935,922,813,787,799,799,899,854,891,816
H,934,921,815,786,797,800,898,857,891,818
H,931,918,814,785,797,798,900,854,892,814
H,929,922,814,787,799,800,898,854,891,815
H,931,922,814,785,796,799,899,853,892,816
H,927,922,814,785,796,801,901,853,894,814
H,932,923,813,786,797,800,898,852,893,813
H,929,923,813,787,797,798,898,854,890,814
H,929,920,813,785,796,797,899,852,891,814
H,928,919,813,786,794,797,900,854,889,817
H,934,922,813,788,797,798,900,853,891,814
H,927,918,814,786,797,800,899,853,893,814
H,935,916,813,784,797,800,900,854,891,815
H,933,921,813,785,798,800,899,854,890,816
H,932,920,813,784,797,799,898,856,891,815
H,935,921,814,785,796,800,900,855,889,814
H,935,920,813,786,797,800,899,853,891,817
H,933,920,812,787,797,800,901,853,892,816
H,928,920,813,787,796,800,899,855,892,815
H,933,919,814,787,797,798,898,856,893,816
H,932,918,812,785,796,799,898,854,891,813
H,927,918,813,786,797,799,898,855,891,815
H,927,919,815,785,799,801,899,854,892,815
H,933,924,813,785,799,798,901,851,893,816
H,935,922,813,785,798,800,898,855,891,815
H,924,919,814,786,799,798,899,855,890,815
H,930,919,813,787,800,800,899,856,890,813
H,927,919,814,787,801,799,899,853,892,814
H,926,920,814,785,799,798,899,851,890,813
H,936,919,815,785,799,797,899,854,889,814
H,929,922,815,785,797,799,899,854,892,812
H,926,917,815,787,798,798,899,854,893,813
H,928,921,814,787,796,799,899,855,892,815
H,933,919,814,786,796,797,901,852,891,812
H,932,920,813,787,794,799,899,855,890,814
H,930,921,814,786,797,799,899,853,891,814
H,933,920,814,786,797,800,898,853,888,814
H,923,918,814,785,797,800,897,855,890,814
H,929,919,813,785,796,798,899,852,891,815
H,926,918,814,788,794,800,897,856,890,812
H,928,919,814,786,797,799,898,855,891,816
H,926,920,815,786,797,799,897,852,892,813
H,933,921,815,787,797,800,898,855,891,814
H,929,922,816,785,796,799,899,853,889,814
H,930,919,813,786,796,799,897,853,892,815
H,929,918,815,785,796,800,898,855,893,813
H,927,920,815,786,796,800,899,853,892,813
H,926,916,814,786,797,801,898,855,891,815
H,933,922,814,785,795,799,899,854,892,815
H,930,919,815,786,798,799,898,854,890,814
H,932,921,814,786,798,799,899,853,892,815
H,930,918,813,787,796,800,898,854,891,812
H,931,918,814,786,796,799,899,854,890,814
H,929,923,816,787,796,800,899,855,890,814
H,926,920,814,786,798,800,898,853,892,815
H,928,918,815,787,799,798,899,852,892,815
H,932,920,814,786,798,799,899,853,892,813
H,927,919,815,787,796,800,898,853,891,814
H,932,918,813,787,798,800,899,854,889,813
H,927,921,812,786,798,799,898,853,889,815
H,934,918,813,786,799,798,899,854,890,814
H,929,918,815,785,799,799,899,854,892,813
H,928,921,814,786,797,798,900,855,889,813
H,927,919,815,785,798,800,899,852,893,816
H,934,920,813,786,799,799,900,853,894,813
H,927,918,814,786,798,800,897,854,890,814
H,930,922,814,785,798,799,900,854,890,815
H,931,920,814,787,798,798,897,854,892,813
H,931,922,813,787,799,799,899,854,890,815
H,931,920,813,785,797,800,899,852,892,815
H,929,920,813,785,797,798,898,852,891,814
H,930,920,814,785,801,798,899,853,891,813
H,931,922,813,786,799,799,899,851,891,814
H,933,920,814,785,797,799,900,855,890,812
H,931,918,814,787,797,799,898,852,890,813
H,931,918,814,787,797,798,898,854,891,812
H,927,918,815,786,798,800,898,853,889,815
H,933,919,814,788,796,799,899,855,892,812
H,928,918,814,785,798,800,899,852,892,813
H,932,919,814,785,798,800,899,852,890,813
H,929,920,815,785,797,800,898,854,888,812
H,931,918,815,785,795,799,897,853,891,812
H,924,920,814,785,797,800,899,852,890,814
H,926,922,815,786,797,800,898,855,890,811
H,927,919,815,785,798,799,899,852,890,814
H,931,918,814,784,797,798,898,854,890,815
H,927,921,814,786,796,800,898,852,889,813
H,933,918,815,785,795,800,898,851,889,814
H,925,920,815,785,798,800,899,853,891,814
H,924,915,813,786,798,799,897,853,892,814
H,928,917,815,786,796,798,898,853,890,813
H,929,921,813,785,796,799,897,851,891,814
H,930,919,815,785,796,799,897,852,891,813
H,925,920,815,786,795,798,900,851,894,814
H,929,921,815,785,795,799,898,853,891,813
H,932,921,815,785,795,800,898,855,892,813
H,925,918,815,787,795,797,897,851,893,814
H,930,920,814,786,797,801,898,852,890,813
H,923,917,815,787,797,799,900,854,892,811
H,928,917,815,786,796,798,897,852,891,813
H,930,921,814,786,796,799,899,851,893,812
H,931,919,815,787,798,800,898,853,893,812
H,927,919,814,786,797,800,898,851,892,814
H,927,919,815,786,797,799,898,852,890,812
H,926,918,816,787,796,799,898,850,891,813
H,928,919,814,785,797,799,899,850,889,815
H,925,918,816,786,797,799,899,851,892,815
H,929,919,814,787,795,799,899,851,889,815
H,930,918,815,787,794,799,898,853,892,814
H,926,917,815,787,796,799,897,851,893,814
H,927,918,814,785,798,797,898,852,891,813
H,926,921,815,787,798,800,898,852,892,813
H,921,918,815,787,795,800,897,852,892,813
H,931,919,815,787,796,798,898,853,890,813
H,930,916,813,786,798,798,898,852,889,811
H,926,921,815,785,795,800,898,852,888,812
H,929,921,814,785,795,800,898,847,896,812
H,936,920,813,786,796,798,898,851,890,814
H,930,921,813,787,795,800,899,853,891,813
H,929,918,814,787,797,800,898,851,893,812
H,934,917,815,787,798,800,898,853,890,812
H,931,916,815,786,795,800,898,853,890,812
H,928,915,816,786,796,798,898,854,891,814
H,926,920,815,785,797,801,898,852,889,813
H,930,917,814,785,797,800,898,852,890,813
H,930,918,814,784,795,801,899,854,889,812
H,924,919,815,786,797,800,897,853,892,812
H,929,918,814,787,796,800,898,854,893,814
H,928,919,815,787,798,800,899,852,889,812
H,924,917,814,788,797,800,899,853,890,811
H,923,919,816,787,799,799,899,852,890,812
H,929,918,814,785,799,800,897,853,892,812
H,925,918,815,786,799,798,898,851,892,814
H,925,919,815,786,798,799,900,849,895,810
H,925,918,814,787,798,799,900,852,892,812
H,924,917,814,787,798,799,898,853,890,813
H,930,918,814,787,799,800,899,852,892,812
H,932,919,816,785,798,799,899,852,890,812
H,921,917,814,787,799,799,899,851,892,812
H,932,919,815,787,799,800,899,850,890,812
H,929,917,816,786,798,800,900,853,890,813
H,927,918,815,785,797,798,901,853,889,812
H,927,921,816,788,798,799,900,850,891,812
H,926,916,815,788,797,798,899,853,889,812
H,928,919,815,786,800,800,899,854,890,814
H,924,918,816,788,800,799,897,853,891,812
H,926,919,814,787,799,800,897,850,893,812
H,928,918,814,785,799,799,900,850,888,811
H,929,920,815,787,798,799,900,854,889,813
H,928,917,814,787,799,799,899,853,892,813
H,930,918,815,786,797,799,899,852,891,810
H,926,918,814,787,799,800,898,851,891,813
H,929,918,816,788,797,801,898,851,890,813
H,930,920,815,787,800,800,897,852,890,811
H,928,917,814,786,800,798,899,854,890,810
H,931,919,814,786,799,799,898,852,892,811
H,929,918,815,786,799,798,899,851,889,814
H,932,918,814,786,797,799,899,850,890,811
H,928,921,815,784,798,800,898,853,892,812
H,932,919,816,786,798,799,900,850,890,812
H,930,918,815,788,798,799,897,850,891,812
H,924,918,815,786,797,799,898,852,888,814
H,930,917,814,785,798,801,898,851,891,810
H,926,917,814,786,797,801,900,849,890,812
H,928,920,816,787,798,800,898,850,890,812
H,927,919,814,786,798,800,899,851,891,813
H,926,921,814,787,795,800,899,852,890,812
H,930,918,815,787,797,800,899,853,894,812
H,929,916,815,786,797,800,899,851,891,812
H,926,917,814,787,796,799,900,850,892,811
H,931,920,815,786,797,801,900,850,891,812
H,932,920,816,787,795,800,900,851,889,812
H,932,918,815,786,797,800,898,851,888,812
H,932,918,816,786,797,801,900,847,892,811
H,931,917,815,786,795,799,900,850,889,811
H,930,918,815,787,797,799,900,851,891,813
H,924,919,815,786,796,801,900,852,892,811
H,931,919,814,785,796,799,898,850,891,811
H,925,916,817,784,797,801,898,853,892,813
H,928,917,814,787,796,800,898,853,890,813
H,937,923,813,786,796,800,899,850,890,812
H,925,913,814,786,794,799,899,851,890,811
H,925,918,816,789,799,801,899,854,888,812
H,929,919,813,788,798,800,899,849,891,813
H,930,920,815,786,797,799,900,850,892,813
H,927,917,815,786,796,798,900,853,889,813
H,931,920,815,787,797,799,899,850,890,814
H,928,920,815,789,797,800,900,852,891,812
H,931,918,815,787,795,799,901,852,891,811
H,927,920,816,787,797,800,898,850,889,811
H,929,918,816,787,796,799,900,852,892,813
H,927,918,816,788,797,800,898,847,892,810
H,927,921,814,787,796,799,899,852,888,813
H,931,917,815,787,796,800,900,850,889,812
H,926,918,815,787,796,799,900,851,893,811
H,930,921,816,786,793,799,901,850,890,814
H,929,922,816,786,798,800,897,848,890,811
H,925,920,817,787,795,800,901,852,890,812
H,926,919,816,786,796,800,898,850,892,812
H,925,919,815,785,796,799,899,853,891,812
H,928,919,816,786,796,798,898,852,891,810
H,929,920,817,786,797,798,900,850,888,811
H,933,921,816,786,795,799,898,849,889,811
H,926,919,815,787,795,798,899,850,891,812
H,929,918,816,786,797,798,899,851,892,813
H,926,920,816,785,797,800,899,852,891,812
H,927,918,815,784,796,800,900,852,888,809
H,929,919,815,787,796,799,900,850,890,813
H,927,918,815,787,796,801,902,848,890,812
H,930,919,815,786,796,800,898,850,888,811
H,930,922,815,785,796,798,900,853,891,812
H,922,923,816,788,797,799,901,849,889,813
H,926,919,816,786,796,798,899,849,893,811
H,926,919,815,786,796,799,898,849,892,811
H,932,922,815,786,798,799,899,851,892,811
H,931,922,816,786,795,800,900,851,890,811
H,930,922,817,786,797,798,898,850,891,812
H,929,921,816,786,797,800,900,850,889,810
H,928,917,815,786,794,799,899,848,890,809
H,928,922,815,785,797,800,899,850,891,810
H,924,918,815,787,797,799,900,851,892,809
H,927,919,815,786,795,800,900,848,889,811
H,929,919,816,785,798,800,899,850,894,810
H,925,921,815,787,796,798,901,849,892,812
H,928,920,816,786,797,799,901,850,891,813
H,930,919,815,784,797,799,900,850,891,811
H,933,918,816,786,797,800,901,852,892,812
H,925,917,816,787,797,798,900,849,892,813
H,931,920,815,787,796,798,901,850,889,811
H,926,921,815,785,796,798,900,850,890,813
H,932,920,815,786,795,800,900,852,889,812
H,936,922,816,787,796,799,899,851,890,812
H,924,918,815,788,798,799,899,849,888,812
H,931,920,815,784,797,798,899,851,890,811
H,929,918,817,786,797,799,900,849,889,810
H,925,921,815,787,796,798,901,848,890,811
H,928,919,816,786,797,799,902,849,891,811
H,935,920,817,784,795,800,901,851,890,812
H,929,918,816,785,795,798,900,849,889,811
H,932,919,815,788,795,799,899,852,891,810
H,926,918,815,787,795,799,899,853,892,811
H,932,921,815,786,797,800,900,850,891,810
H,928,920,817,787,796,801,902,854,895,810
H,925,918,816,787,797,800,900,849,891,811
H,932,919,816,784,797,800,900,850,894,812
H,927,918,817,785,796,800,900,849,892,811
H,932,920,816,785,797,798,900,851,892,812
H,931,920,815,787,798,798,901,849,889,811
H,927,918,816,784,797,800,900,851,890,811
H,926,920,816,786,796,800,900,851,889,812
H,932,920,816,786,798,800,902,851,892,812
H,922,921,815,787,796,801,900,851,890,811
H,933,918,816,786,796,800,901,849,891,812
H,925,919,816,786,796,800,901,848,892,812
H,926,918,816,786,795,800,901,851,889,811
H,922,917,817,787,795,801,901,851,891,811
H,929,920,817,786,798,800,900,850,891,808
H,925,917,816,786,796,801,899,850,890,812
H,929,917,816,786,797,800,900,849,892,811
H,930,919,816,787,795,799,900,847,890,813
H,933,917,816,786,797,798,901,850,892,811
H,925,919,816,785,798,800,901,851,889,811
H,931,920,817,786,797,800,900,850,893,813
H,927,918,816,785,797,800,901,851,890,810
H,924,920,817,785,795,801,901,850,891,811
H,926,917,817,785,795,799,900,849,889,812
H,927,917,817,787,797,799,901,847,890,812
H,927,915,816,787,796,801,900,848,893,811
H,928,921,816,788,796,800,901,848,892,811
H,931,916,818,785,796,799,901,847,890,813
H,930,921,816,786,798,799,899,849,895,813
H,934,918,816,786,796,799,901,847,892,810
H,929,921,816,785,798,799,899,852,890,809
H,929,919,816,787,797,798,901,850,891,812
H,928,919,816,787,795,801,900,851,890,812
H,926,918,816,786,796,799,900,849,890,810
H,929,917,817,785,796,801,900,852,891,811
H,932,919,816,786,797,802,900,849,890,810
H,929,921,816,787,796,799,901,850,892,810
H,931,921,817,786,799,799,901,851,890,810
H,926,918,817,787,798,801,901,850,892,810
H,924,922,816,785,796,799,901,852,891,812
H,929,917,817,787,797,801,901,848,890,812
H,926,919,817,787,798,799,901,847,892,810
H,918,921,816,786,798,799,900,849,890,813
H,928,920,816,784,797,800,900,851,889,812
H,927,921,815,784,796,800,902,851,891,811
H,923,917,816,787,799,801,900,851,892,812
H,926,919,817,787,797,798,900,848,890,812
H,927,920,818,785,798,799,900,850,892,810
H,928,919,816,784,797,800,902,850,892,812
H,931,921,816,785,798,800,899,850,891,813
H,926,918,816,787,796,798,901,848,892,811
H,927,919,817,787,798,799,899,848,891,815
H,926,920,816,785,797,800,901,849,889,811
H,929,917,816,786,797,800,901,849,890,812
H,928,920,817,786,798,798,902,848,892,812
H,926,920,815,786,798,801,900,850,891,812
H,931,921,816,786,798,800,899,852,892,812
H,929,917,816,787,796,799,899,850,891,812
H,930,918,816,785,797,800,902,848,891,812
H,925,918,816,787,796,799,901,848,891,811
H,927,916,817,784,796,801,899,850,890,814
H,924,918,817,786,797,800,902,847,892,812
H,927,921,815,785,796,800,901,850,892,812
H,930,917,816,786,796,799,900,850,891,811
H,929,922,818,787,796,799,901,850,890,812
H,925,918,817,785,796,800,901,847,889,810
H,927,916,818,786,796,799,900,852,891,809
H,928,917,817,786,797,800,902,850,890,813
H,923,919,815,786,796,798,902,848,890,812
H,924,919,816,786,798,799,902,849,891,809
H,926,920,817,786,797,801,901,848,892,810
H,923,919,815,786,797,799,902,849,892,809
H,930,917,816,785,797,800,901,849,891,812
H,920,915,817,785,799,800,901,848,892,809
H,929,919,817,784,798,800,901,848,891,811
H,933,915,817,786,798,799,903,849,892,811
H,931,915,817,785,796,799,902,849,890,812
H,929,916,817,785,798,798,902,849,892,812
H,930,919,817,785,797,799,902,850,891,811
H,932,918,817,787,798,800,902,848,891,811
H,927,918,816,786,799,801,902,848,889,810
H,931,918,814,785,799,800,901,849,892,810
H,931,921,817,785,798,799,903,849,890,810
H,926,918,815,786,799,799,901,848,890,812
H,924,919,816,786,798,801,902,848,893,811
H,927,920,816,784,800,799,901,850,891,811
H,928,920,816,787,798,799,901,848,892,810
H,925,917,818,785,800,800,900,849,891,811
H,929,919,816,785,799,800,903,848,891,812
H,927,921,817,786,804,801,901,847,892,811
H,927,919,817,787,798,798,901,850,890,810
H,926,917,817,786,800,800,900,851,889,810
H,928,920,816,784,802,799,902,848,889,811
H,932,922,818,787,802,799,901,848,893,811
H,925,918,816,786,801,799,901,849,889,811
H,925,916,816,786,806,798,902,852,890,810
H,930,917,817,786,799,801,901,849,890,810
H,929,919,815,787,801,799,901,849,890,811
H,932,921,816,788,800,801,901,849,891,810
H,928,917,817,787,800,797,902,850,890,810
H,931,921,817,788,799,799,901,850,891,812
H,929,919,818,788,799,800,901,849,892,812
H,926,916,817,785,800,801,901,849,892,811
H,926,916,817,787,798,798,902,850,892,810
H,929,917,818,786,800,799,902,848,890,810
H,923,918,815,787,800,800,901,849,891,809
H,927,918,817,788,799,800,903,848,892,811
H,930,916,817,787,798,801,903,847,893,810
H,925,918,816,787,799,799,902,850,891,809
H,926,919,816,789,796,801,903,849,890,811
H,924,920,816,787,797,799,902,848,890,811
H,929,917,817,788,797,798,901,848,893,811
H,928,916,816,787,798,800,900,850,893,812
H,924,921,815,790,800,798,903,849,892,811
H,926,917,817,788,800,801,900,848,893,811
H,924,917,817,790,798,798,902,847,892,810
H,930,917,816,791,798,799,902,848,893,812
H,927,918,818,792,799,800,902,850,892,811
H,926,918,816,791,799,800,901,850,891,811
H,928,916,817,792,800,800,902,851,889,810
H,919,921,818,792,800,799,902,849,891,810
H,930,916,816,792,800,799,901,847,889,810
H,932,918,815,792,801,799,902,847,889,810
H,927,920,816,793,802,799,902,848,891,811
H,926,918,817,794,801,801,902,848,892,810
H,931,919,817,792,801,801,902,846,890,810
H,925,918,816,793,803,801,900,848,891,811
H,931,915,817,794,802,801,900,849,893,811
H,928,918,817,795,802,798,901,851,894,811
H,925,918,817,794,802,800,900,849,893,809
H,931,919,816,792,800,801,902,849,892,810
H,928,921,817,793,801,799,901,848,892,810
H,930,916,816,794,802,798,902,848,893,811
H,929,918,817,793,799,799,901,850,890,810
H,924,917,817,794,801,799,902,848,893,810
H,925,919,816,793,801,800,902,850,892,811
H,928,917,817,793,800,799,901,848,890,811
H,922,915,818,793,801,799,902,849,892,810
H,928,918,817,794,799,801,900,849,893,812
H,931,918,817,794,799,801,902,850,892,811
H,930,920,815,794,800,800,901,849,890,812
H,927,919,816,792,800,799,902,846,890,809
H,934,915,816,792,801,799,902,848,892,809
H,929,915,817,793,801,800,901,847,892,811
H,927,920,817,793,801,802,903,848,890,809
H,932,919,816,794,800,801,902,849,890,811
H,926,920,815,793,802,800,901,848,890,809
H,931,915,817,794,802,800,900,846,893,812
H,928,920,817,791,804,800,901,852,890,810
H,928,916,815,792,803,800,902,850,893,809
H,929,917,816,793,803,800,902,845,890,812
H,924,919,817,792,799,800,900,847,891,810
H,929,919,815,792,798,799,902,846,893,809
H,927,915,815,793,799,801,901,849,890,810
H,927,919,816,794,799,802,900,850,893,808
H,928,917,816,795,800,801,901,849,890,808
H,927,919,817,793,799,800,902,846,893,811
H,929,919,816,793,797,800,897,847,892,809
H,927,920,816,794,798,800,902,848,890,811
H,923,920,816,795,797,801,900,850,894,810
H,930,916,816,795,794,799,899,847,890,808
H,923,920,817,795,798,800,900,847,889,809
H,924,919,816,795,797,800,901,846,891,810
H,927,917,816,794,795,800,902,848,890,810
H,926,920,816,795,796,801,901,848,892,810
H,922,917,818,793,797,800,902,846,891,809
H,929,919,817,797,799,801,901,848,891,809
H,928,917,817,795,797,800,900,847,891,810
H,927,915,819,796,795,802,899,850,890,811
H,923,916,817,795,797,800,901,849,892,810
H,925,917,818,795,798,801,899,845,894,810
H,923,915,818,794,795,801,901,848,890,808
H,923,918,815,795,798,799,900,847,889,809
H,923,916,817,794,797,800,900,848,892,810
H,923,916,817,795,797,799,901,850,891,810
H,927,917,818,795,798,801,900,850,893,809
H,928,919,816,795,798,801,901,849,893,813
H,922,917,817,795,796,800,901,848,890,811
H,922,917,819,794,798,800,900,848,891,810
H,921,919,816,796,796,801,901,847,892,809
H,924,916,818,796,796,800,902,847,893,811
H,927,920,818,796,796,801,900,849,890,808
H,925,919,818,795,796,799,899,847,891,810
H,925,920,816,796,796,800,899,849,889,811
H,926,922,816,794,797,800,898,845,892,808
H,922,916,817,794,797,800,901,849,890,811
H,926,918,817,794,798,800,900,848,893,811
H,925,916,817,794,797,800,902,846,892,811
H,922,916,817,794,798,799,901,848,890,810
H,927,914,818,793,799,799,901,845,892,811
H,924,917,817,794,799,800,901,848,889,811
H,927,918,817,795,797,801,899,849,889,811
H,930,916,816,795,799,799,902,849,892,808
H,926,919,817,793,799,799,900,848,890,809
H,930,918,817,795,796,801,900,846,894,810
H,928,918,817,794,797,800,900,847,892,810
H,925,918,817,794,798,800,900,849,894,808
H,929,916,818,795,797,799,898,849,891,810
H,923,919,817,793,797,798,900,849,892,809
H,924,917,817,794,797,797,899,847,888,809
H,929,919,816,793,798,799,901,849,889,808
H,928,916,815,795,799,799,900,848,888,809
H,912,916,816,795,797,800,900,848,889,811
H,928,918,818,793,799,800,900,848,893,809
H,925,921,817,794,800,799,901,849,892,809
H,925,917,817,794,801,799,899,849,892,809
H,921,916,816,792,802,799,901,849,894,811
H,922,919,817,795,798,799,900,848,891,811
H,927,913,818,792,797,801,901,846,893,809
H,923,919,818,794,797,800,900,846,890,811
H,928,918,817,793,796,800,899,848,892,807
H,929,919,817,792,797,800,899,847,893,810
H,924,916,817,791,796,798,901,846,893,808
H,929,916,817,794,797,799,901,847,892,809
H,923,915,816,795,796,799,898,848,890,810
H,927,918,816,792,796,801,901,845,891,810
H,923,917,817,793,797,799,901,847,892,809
H,925,917,817,793,797,797,902,844,891,807
H,921,917,817,793,799,798,900,845,891,810
H,926,915,816,794,797,798,900,848,892,810
H,924,917,817,793,796,799,902,847,891,810
H,925,918,817,794,797,799,900,847,891,811
H,920,915,817,794,797,800,900,849,891,811
H,928,911,819,793,796,799,899,847,892,808
H,929,919,817,792,798,797,901,846,893,808
H,921,913,816,793,795,797,899,849,893,809
H,927,918,815,795,797,799,899,845,893,810
H,922,920,815,792,798,800,900,848,890,810
H,927,918,816,795,798,799,899,846,893,808
H,925,916,816,792,796,800,899,846,893,808
H,920,918,816,794,796,798,900,846,894,811
H,926,915,816,793,796,798,901,848,890,810
H,923,917,818,794,797,800,901,845,891,809
H,921,915,816,792,799,800,900,846,892,811
H,928,920,817,794,798,799,901,848,894,810
H,921,916,816,792,798,800,901,845,891,809
H,926,919,818,793,797,800,901,846,890,807
H,918,919,818,793,794,796,901,847,891,808
H,925,919,817,791,797,801,899,845,892,808
H,925,917,817,792,795,799,900,844,893,807
H,927,917,817,793,797,800,901,848,891,809
H,925,914,818,792,796,799,901,845,892,810
H,924,916,817,792,796,800,899,846,890,807
H,923,917,818,794,797,798,899,844,891,811
H,922,916,816,792,796,799,900,848,891,810
H,926,919,819,793,796,799,901,845,892,810
H,926,917,817,793,796,800,901,848,890,810
H,921,914,818,793,796,800,901,847,891,809
H,929,913,818,793,797,800,900,848,891,807
H,927,919,818,792,797,801,901,848,889,809
H,928,916,819,794,796,801,900,847,892,809
H,922,917,816,793,797,799,899,845,891,809
H,925,918,817,791,796,801,901,844,894,809
H,927,915,816,792,798,799,899,846,893,808
H,924,916,818,792,796,800,901,846,889,807
H,921,918,818,792,797,800,901,847,891,810
H,924,918,818,794,795,798,901,847,889,810
H,919,917,818,794,798,799,901,846,891,810
H,924,918,818,791,798,799,900,846,891,809
H,928,919,815,793,798,799,900,846,892,810
H,927,918,816,792,796,798,901,847,890,807
H,927,913,816,794,798,799,899,848,892,809
H,926,913,817,794,797,799,900,847,892,809
H,922,920,816,793,796,802,898,845,892,810
H,922,917,817,793,797,799,898,848,890,809
H,929,919,817,793,797,800,900,846,892,810
H,929,919,818,793,798,798,900,846,892,811
H,922,917,817,793,797,800,900,848,891,807
H,927,917,817,793,797,800,900,846,888,809
H,922,919,818,794,797,800,901,846,892,810
H,921,918,817,793,795,799,901,845,891,808
H,925,916,817,791,796,798,900,845,892,808
H,927,916,817,793,797,798,900,844,890,807
H,924,915,818,794,795,800,900,846,889,809
H,921,917,818,793,797,800,901,847,889,808
H,923,918,817,794,797,799,899,847,889,809
H,924,916,817,793,797,799,900,845,891,808
H,920,913,818,793,796,800,900,845,892,807
H,925,915,816,792,796,799,899,847,891,809
H,924,918,817,793,797,799,900,846,889,808
H,924,916,816,795,798,798,901,845,891,808
H,919,914,819,792,797,799,900,845,894,804
H,926,915,817,792,796,799,900,845,891,808
H,926,917,820,794,799,799,898,849,892,809
H,927,918,817,793,797,800,902,845,891,810
H,928,916,817,792,797,799,900,847,892,809
H,922,918,818,793,797,797,900,845,893,810
H,921,919,818,791,797,799,900,846,891,808
H,920,917,818,794,797,799,899,845,893,810
H,924,918,817,792,796,798,900,847,890,809
H,922,918,817,794,795,799,901,848,890,810
H,928,918,818,793,798,801,899,845,891,809
H,928,918,818,793,796,799,900,847,891,810
H,927,918,819,793,798,799,900,845,891,810
H,926,918,817,792,797,799,900,847,891,808
H,923,913,818,792,795,797,902,846,893,808
H,922,915,817,792,796,798,899,848,889,809
H,924,917,818,793,797,798,898,844,891,810
H,929,913,818,793,797,798,900,847,893,808
H,925,915,818,793,797,800,899,847,889,807
H,925,915,818,794,797,799,900,848,889,808
H,927,916,818,792,798,799,899,845,892,809
H,924,915,817,793,798,800,900,844,890,807
H,921,918,817,792,797,799,900,847,891,809
H,926,916,817,792,797,799,900,847,890,806
H,923,915,817,793,795,798,899,845,889,808
H,924,915,818,792,796,799,899,847,890,809
H,927,921,817,794,797,799,900,847,893,808
H,926,918,818,792,798,800,900,845,891,810
H,924,918,817,793,796,798,898,847,890,807
H,927,915,818,794,796,800,900,845,891,808
H,922,917,819,792,798,798,901,845,892,810
H,923,916,817,792,797,800,900,846,891,808
H,921,918,817,794,798,799,901,845,890,809
H,922,918,816,793,796,798,901,846,891,810
H,925,920,815,793,796,798,900,849,893,809
H,917,912,816,792,795,799,900,845,892,810
H,933,913,819,792,798,797,901,846,892,809
H,923,918,818,791,796,800,899,843,889,809
H,926,918,818,792,797,798,901,846,892,807
H,927,916,818,791,797,800,899,846,889,808
H,924,915,818,793,796,799,899,846,891,807
H,927,918,816,793,796,798,899,848,891,809
H,922,920,818,792,796,800,899,846,892,809
H,926,917,818,791,796,799,901,845,893,808
H,919,919,818,794,798,799,899,847,890,809
H,928,918,817,792,797,800,900,846,890,809
H,925,918,818,793,797,800,900,847,890,807
H,923,915,817,794,796,799,899,847,890,808
H,919,919,818,793,797,799,900,847,891,807
H,923,918,817,791,796,798,899,845,891,808
H,922,916,818,792,795,799,900,847,889,809
H,922,917,817,794,796,799,900,844,892,809
H,925,918,816,790,797,798,901,847,889,809
H,928,916,818,793,797,800,900,846,893,807
H,921,917,817,792,797,798,899,845,891,807
H,929,914,818,791,796,798,901,845,889,809
H,921,917,819,793,796,798,900,847,890,807
H,924,914,817,794,797,800,900,847,890,809
H,927,919,817,794,796,798,900,847,893,809
H,929,916,819,791,796,800,901,846,891,809
H,922,916,817,793,797,797,901,848,892,809
H,924,915,817,794,797,799,901,847,889,806
H,924,916,818,792,796,800,900,845,891,807
H,919,916,817,793,797,799,901,845,893,809
H,922,916,817,792,796,799,900,845,891,807
H,919,915,818,792,796,800,900,846,892,809
H,919,916,819,794,797,799,898,845,891,809
H,928,914,817,793,794,799,900,846,892,807
H,927,916,817,792,797,799,899,845,889,810
H,926,918,816,791,796,799,899,846,890,807
H,927,917,817,794,795,799,897,849,892,807
H,925,917,817,793,797,799,899,847,893,808
H,921,918,816,794,796,798,900,847,891,809
H,926,914,817,791,798,800,901,847,892,807
H,927,916,817,792,798,798,899,844,891,809
H,923,918,817,791,798,798,900,846,892,807
H,923,918,817,793,796,799,900,843,893,811
H,923,919,817,794,797,799,901,847,890,808
H,921,917,818,791,798,798,900,847,893,808
H,923,913,818,794,798,800,900,846,893,808
H,924,915,817,792,798,799,900,845,889,810
H,923,917,818,791,797,800,899,845,889,810
H,928,917,817,791,796,799,899,847,891,808
H,922,917,818,794,799,798,901,846,889,807
H,926,917,818,793,798,798,902,846,890,810
H,925,916,817,790,798,798,899,849,885,808
H,924,914,816,791,796,798,901,846,892,809
H,921,916,818,791,796,799,899,846,889,808
H,926,916,818,792,797,800,901,846,889,808
H,925,915,819,794,797,799,901,847,891,809
H,924,916,818,792,795,798,900,846,890,808
H,926,916,817,793,796,799,899,846,894,807
H,923,918,817,791,796,799,900,848,892,809
H,926,914,817,793,798,799,899,846,892,808
H,924,918,817,793,797,800,899,846,890,807
H,922,914,819,793,798,799,900,846,892,808
H,924,917,817,794,797,799,899,845,892,809
H,927,915,818,792,797,798,900,847,890,809
H,925,917,818,793,795,799,899,847,890,808
H,927,914,818,792,798,799,900,848,890,810
H,920,917,817,793,796,799,901,846,890,808
H,927,919,817,792,798,799,899,845,890,807
H,920,915,817,791,796,799,900,847,890,808
H,926,914,818,793,796,800,899,845,891,809
H,927,918,818,792,796,797,901,846,888,808
H,927,918,816,792,797,798,900,847,892,809
H,921,916,819,792,797,799,900,846,892,806
H,929,913,817,793,796,798,901,845,889,808
H,926,916,817,792,797,799,900,845,888,808
H,927,917,818,790,797,798,900,845,893,808
H,925,917,817,791,796,800,901,845,894,808
H,920,913,818,791,796,800,900,845,890,808
H,917,918,816,793,798,800,901,846,893,808
H,923,916,818,792,797,798,901,847,891,810
H,920,917,817,791,798,799,899,845,891,808
H,926,919,817,793,797,800,900,846,889,808
H,920,914,818,794,797,799,900,845,890,809
H,925,916,817,792,797,798,900,846,892,809
H,925,914,817,793,796,800,901,845,892,809
H,929,916,818,793,796,800,901,847,891,807
H,928,915,818,793,798,798,899,845,890,808
H,922,917,818,792,796,800,900,845,892,808
H,926,914,817,793,798,799,901,847,889,806
H,927,916,818,793,798,798,899,846,891,809
H,925,914,816,792,798,799,898,845,890,809
H,924,918,817,793,798,798,901,844,890,809
H,926,916,818,791,796,799,899,846,892,809
H,927,916,816,792,797,799,901,848,890,807
H,922,914,818,791,796,798,901,844,891,809
H,926,914,817,792,796,800,901,847,889,808
H,929,918,817,791,799,797,899,844,892,809
H,925,918,818,791,798,798,900,847,891,807
H,926,917,817,793,798,798,900,845,893,808
H,924,917,818,793,797,798,900,847,891,810
H,929,918,817,793,798,799,900,847,891,808
H,928,914,817,792,796,798,900,844,891,808
H,920,918,817,794,799,799,901,847,889,808
H,927,917,818,792,797,800,900,845,891,809
H,922,911,817,790,798,801,899,847,891,808
H,927,916,817,792,796,799,899,848,890,809
H,919,915,817,791,798,800,899,847,890,809
H,926,914,819,792,800,800,900,847,890,808
H,923,916,818,793,796,798,899,845,891,809
H,928,915,818,792,798,798,898,848,891,810
H,923,915,817,793,798,799,900,847,891,807
H,925,916,817,792,797,798,900,846,893,807
H,920,918,817,791,796,798,900,844,890,808
H,926,917,819,793,796,800,899,845,889,808
H,922,914,818,792,796,799,900,846,890,808
H,923,918,817,792,797,798,900,845,893,809
H,923,916,817,791,797,800,900,847,892,809
H,923,916,818,793,797,798,899,844,891,806
H,927,915,818,792,796,799,900,844,890,809
H,921,914,817,791,796,799,901,846,890,809
H,918,915,818,792,799,797,900,844,893,809
H,925,917,817,790,798,799,899,846,892,808
H,922,917,815,793,799,798,901,842,893,807
H,928,913,817,792,797,799,899,845,891,809
H,929,916,817,792,798,799,900,846,891,808
H,919,914,817,793,798,799,900,846,892,809
H,926,917,818,790,799,799,898,845,893,809
H,926,917,818,792,799,799,901,846,890,806
H,922,915,816,793,797,797,898,843,892,809
H,922,914,818,792,797,799,898,847,892,809
H,922,918,819,793,796,798,900,846,889,807
H,922,915,817,790,796,799,900,844,890,807
H,921,916,818,792,797,799,899,847,888,808
H,922,917,817,792,797,799,901,846,891,806
H,927,918,818,791,796,799,899,846,891,808
H,925,917,818,792,799,800,900,847,890,808
H,926,914,818,791,798,800,899,847,890,808
H,922,916,818,791,797,797,901,843,890,807
H,923,915,816,794,798,799,898,847,891,808
H,927,916,817,794,797,800,900,846,891,808
H,923,916,817,790,797,799,901,844,891,809
H,924,913,817,794,798,797,900,843,890,807
H,917,919,818,791,796,798,900,846,890,810
H,921,916,818,793,797,798,900,845,892,808
H,920,915,818,791,797,799,900,846,891,809
H,923,918,817,791,799,799,899,846,891,808
H,927,917,818,793,797,799,901,844,890,807
H,924,918,818,792,797,798,899,846,890,808
H,921,917,817,792,797,798,900,844,893,809
H,922,914,818,793,796,799,899,844,889,808
H,924,914,818,792,796,797,900,844,891,809
H,924,916,817,792,797,800,901,844,892,808
H,926,914,818,793,798,799,901,844,890,809
H,923,915,817,791,799,798,901,845,893,809
H,925,915,817,792,798,799,900,843,891,809
H,926,918,817,794,799,798,900,843,893,807
H,923,913,817,791,797,798,899,846,890,806
H,923,917,818,791,798,799,902,844,893,809
H,924,915,817,792,801,799,901,846,893,810
H,926,913,818,793,803,799,900,844,891,809
H,929,913,817,792,803,799,901,844,892,809
H,922,918,818,793,804,799,900,844,890,806
H,928,916,819,792,803,799,900,845,891,808
H,921,915,819,792,801,799,901,845,892,808
H,920,917,818,793,798,799,899,845,893,806
H,924,914,818,793,800,799,900,843,892,807
H,926,915,818,791,800,799,900,844,891,807
H,919,917,818,793,799,797,902,844,891,808
H,923,917,818,793,800,799,900,845,892,809
H,921,917,819,793,799,800,899,843,894,807
H,921,917,818,792,799,799,900,845,891,806
H,922,915,818,794,798,799,900,846,892,809
H,924,915,818,793,799,799,899,844,891,808
H,925,915,819,792,798,799,901,845,892,808
H,920,918,818,791,799,799,900,846,891,809
H,924,918,818,790,799,799,900,843,892,807
H,923,916,818,791,799,799,900,846,890,809
H,925,914,818,791,799,799,899,845,892,809
H,927,916,817,792,799,799,900,846,892,809
H,919,917,819,791,799,799,901,843,890,808
H,921,915,816,793,800,800,901,844,892,808
H,919,917,818,793,799,798,900,848,892,809
H,927,917,818,792,800,798,900,846,892,809
H,923,919,819,792,798,798,900,844,891,807
H,923,917,817,792,801,797,900,844,888,806
H,922,917,817,791,798,798,899,845,893,807
H,924,916,819,789,798,799,900,845,893,809
H,922,916,818,792,799,799,900,846,892,807
H,924,916,819,792,796,801,899,845,891,810
H,922,917,819,792,799,799,901,846,893,807
H,921,915,819,792,800,799,902,842,893,807
H,918,920,818,793,799,798,900,846,890,808
H,927,919,817,793,799,799,899,844,891,809
H,920,915,817,793,800,797,899,845,893,808
H,924,917,818,792,799,799,900,842,893,806
H,921,916,817,791,801,798,900,843,891,807
H,930,918,818,792,798,798,899,843,890,808
H,925,914,817,791,801,800,899,843,894,808
H,924,917,818,794,802,797,901,847,892,807
H,925,914,819,792,799,799,898,846,891,808
H,923,913,818,792,799,799,902,843,892,808
H,922,915,819,791,800,799,899,843,894,807
H,923,915,818,792,800,798,899,842,893,806
H,925,915,817,792,800,799,899,845,891,807
H,919,913,818,793,800,798,899,843,893,809
H,930,914,819,792,798,799,900,845,892,807
H,920,915,818,793,800,799,900,845,892,808
H,919,916,818,793,800,798,900,845,894,806
H,927,915,818,792,802,800,900,844,893,807
H,924,915,817,791,801,799,903,843,894,807
H,924,915,818,793,800,800,901,845,891,808
H,924,914,818,791,800,798,898,847,894,807
H,922,916,817,792,800,799,901,845,893,809
H,924,913,817,792,803,799,899,843,893,806
H,921,916,818,792,801,798,901,844,890,808
H,917,919,817,791,802,799,900,844,892,807
H,919,916,818,791,802,798,901,845,892,808
H,926,917,818,793,801,797,899,844,892,807
H,924,916,818,793,803,799,901,846,894,806
H,925,914,818,793,802,799,898,844,893,806
H,925,915,817,792,801,799,901,844,891,809
H,920,918,819,792,802,798,901,847,890,809
H,925,917,817,793,802,799,900,843,893,807
H,922,915,818,793,801,798,901,844,891,807
H,920,913,818,791,799,798,900,843,889,807
H,924,916,818,792,800,799,900,844,891,808
H,921,914,818,792,803,798,900,845,890,809
H,926,918,817,791,802,799,902,844,892,807
H,922,915,818,792,802,799,899,846,894,808
H,922,917,819,790,801,799,901,846,891,807
H,922,916,819,792,803,799,900,844,893,809
H,922,916,819,792,803,799,901,844,892,808
H,927,918,817,792,803,799,901,844,892,806
H,922,916,818,792,803,799,901,845,892,809
H,924,917,818,792,802,799,900,844,893,809
H,922,918,818,791,802,800,899,844,891,805
H,918,919,818,792,802,799,900,844,893,807
H,920,917,817,792,802,799,901,845,893,808
H,928,918,819,792,803,799,900,843,892,807
H,930,918,817,791,802,797,900,845,893,807
H,923,915,818,793,803,797,899,842,894,808
H,921,917,818,792,802,798,901,843,894,808
H,921,918,817,791,802,798,900,844,894,808
H,922,916,818,791,802,798,902,844,893,809
H,925,916,819,791,804,800,901,846,893,808
H,921,918,818,793,803,799,901,844,892,808
H,920,915,818,791,801,800,899,846,893,806
H,922,917,819,792,801,798,900,844,893,809
H,923,917,817,791,801,800,900,846,894,806
H,923,915,816,793,802,798,900,844,891,808
H,921,917,818,792,802,798,900,845,893,807
H,924,916,818,791,798,800,900,845,892,806
H,922,914,819,792,800,799,900,845,894,807
H,922,916,817,793,803,799,901,844,895,809
H,923,915,819,791,803,798,901,843,893,808
H,919,914,817,790,801,798,899,841,897,809
H,917,912,819,788,807,798,899,843,894,808
H,921,914,819,789,806,798,898,842,893,808
H,915,912,818,790,803,798,895,841,896,805
H,921,914,820,789,807,798,895,840,894,806
H,915,914,820,787,799,796,894,841,894,807
H,913,911,821,789,803,797,894,838,895,806
H,917,909,820,788,809,796,894,839,893,805
H,912,905,820,789,803,796,896,838,896,807
H,911,901,822,788,802,798,894,836,895,806
H,910,902,824,787,804,798,894,837,896,805
H,913,898,823,786,803,798,893,836,895,805
H,913,900,823,786,803,796,895,837,895,807
H,911,899,823,786,801,794,894,838,897,807
H,912,899,823,786,804,795,895,838,895,805
H,908,897,823,786,804,797,894,836,896,805
H,912,897,824,788,804,797,893,838,896,808
H,907,898,822,785,801,796,893,837,896,804
H,912,899,824,785,802,796,893,837,895,805
H,910,898,824,787,802,796,891,836,894,804
