Y,922,842,929,833,883,819,836,810,756,720
Y,915,843,930,835,884,818,838,810,756,721
Y,920,840,930,835,884,818,836,810,756,724
Y,924,841,929,834,885,819,836,810,755,721
Y,917,844,929,832,886,819,836,811,757,723
Y,922,839,929,833,881,816,837,811,757,721
Y,917,841,931,832,885,818,835,809,758,721
Y,922,839,930,834,882,819,837,811,757,723
Y,921,840,929,834,883,818,836,809,756,724
Y,920,840,929,833,884,817,837,809,758,722
Y,920,840,929,834,877,819,837,813,758,722
Y,920,838,928,833,885,817,837,811,757,723
Y,922,842,929,834,883,817,836,810,756,723
Y,915,841,930,833,882,817,836,810,757,723
Y,921,839,928,833,884,818,837,809,757,722
Y,919,841,930,835,882,818,837,809,757,721
Y,913,839,930,835,883,818,837,810,757,721
Y,915,840,929,833,883,817,837,808,757,720
Y,918,840,930,833,882,819,837,810,758,722
Y,918,840,929,833,884,818,837,811,756,722
Y,914,838,929,834,882,818,836,811,757,723
Y,918,839,929,832,884,818,837,811,757,722
Y,914,838,930,833,882,818,836,809,756,722
Y,919,839,930,834,884,818,837,808,756,722
Y,919,841,928,832,883,818,836,809,758,717
Y,918,839,929,834,883,818,837,809,757,716
Y,920,839,928,832,884,818,837,809,758,716
Y,916,839,929,833,884,817,838,808,755,716
Y,918,836,929,832,883,818,837,809,757,716
Y,916,836,930,833,883,818,838,809,756,717
Y,917,839,928,833,884,818,838,809,758,717
Y,926,840,928,832,882,818,838,810,755,716
Y,911,839,928,832,884,818,838,809,758,716
Y,911,840,929,832,884,817,838,811,758,717
Y,917,837,930,834,885,818,835,810,757,715
Y,920,841,928,833,884,818,838,810,757,717
Y,911,833,928,834,884,818,839,808,757,717
Y,918,841,930,833,884,817,838,810,757,716
Y,916,837,929,833,884,816,839,810,758,715
Y,922,837,929,833,884,817,838,808,758,715
Y,918,838,928,832,882,817,838,810,757,716
Y,920,838,929,832,882,818,839,809,757,717
Y,919,841,928,833,882,817,838,811,758,716
Y,901,839,927,834,884,816,839,809,758,715
Y,925,839,928,833,882,820,837,809,757,716
Y,906,836,928,833,883,818,839,809,757,716
Y,918,836,928,834,882,819,839,809,755,716
Y,928,838,925,832,883,818,841,810,757,715
Y,920,838,928,834,882,817,840,809,758,715
Y,916,840,928,834,881,817,841,809,756,716
Y,921,840,927,832,885,816,841,811,758,716
Y,924,840,927,833,884,817,842,808,756,716
Y,921,837,929,832,883,816,844,810,758,716
Y,914,837,929,832,883,817,845,810,758,717
Y,916,838,928,832,883,818,848,809,756,715
Y,920,840,928,832,884,818,848,809,757,717
Y,924,840,929,832,884,816,850,810,755,716
Y,919,836,927,833,883,816,854,808,755,717
Y,916,838,928,833,883,817,856,808,756,718
Y,920,835,928,833,884,817,856,809,756,718
Y,917,835,929,832,887,817,856,808,756,717
Y,923,839,929,833,883,817,855,804,754,713
Y,919,838,927,831,883,817,856,806,756,717
Y,918,838,927,830,883,819,861,812,757,716
Y,919,839,928,832,885,816,858,811,756,718
Y,921,840,925,831,883,818,856,808,757,717
Y,915,838,927,832,884,817,857,807,756,718
Y,920,838,927,832,884,817,857,807,756,717
Y,926,839,928,834,881,817,858,808,756,717
Y,920,837,930,833,882,817,856,806,756,717
Y,920,837,927,831,884,816,857,808,756,716
Y,917,839,928,833,883,817,857,807,756,716
Y,919,839,928,834,884,817,857,807,757,717
Y,914,839,928,832,885,819,855,808,755,715
Y,923,839,928,831,884,816,857,809,757,717
Y,921,839,927,830,884,815,854,807,757,717
Y,920,839,928,832,884,816,854,807,757,717
Y,914,840,928,832,886,817,854,806,759,716
Y,915,838,927,833,884,816,855,808,757,717
Y,918,838,927,832,883,816,854,808,757,717
Y,925,841,928,832,883,817,854,808,757,717
Y,924,838,925,832,885,816,854,806,758,716
Y,921,833,926,829,879,815,855,809,757,716
Y,917,835,929,830,882,818,852,809,757,718
Y,923,838,927,833,882,816,852,810,756,716
Y,916,837,927,831,883,817,852,807,758,717
Y,921,840,928,830,882,816,852,808,757,717
Y,916,837,927,832,884,816,853,807,757,718
Y,922,838,928,831,883,816,852,806,758,715
Y,920,837,927,831,882,816,852,809,758,716
Y,920,838,927,830,883,816,851,809,758,716
Y,919,840,927,834,882,816,852,808,757,716
Y,921,838,928,831,881,816,851,807,757,716
Y,918,838,928,832,884,817,851,808,758,717
Y,918,837,927,831,884,816,850,808,758,717
Y,919,838,928,832,883,816,852,808,757,717
Y,922,839,928,831,883,818,851,807,759,716
Y,925,841,925,831,886,817,852,807,758,716
Y,920,839,926,832,883,816,852,808,757,716
Y,915,836,926,831,883,817,851,808,757,716
Y,913,837,928,831,885,817,851,807,758,717
Y,914,837,927,829,885,816,851,809,757,715
Y,920,838,925,831,883,815,851,809,758,716
Y,914,839,927,831,884,817,851,806,759,719
Y,915,839,928,832,883,817,853,810,758,718
Y,919,839,928,831,884,817,850,808,758,716
Y,912,842,927,831,881,819,851,806,758,716
Y,919,840,927,832,884,817,852,807,759,718
Y,912,839,925,829,882,817,852,809,759,717
Y,925,838,926,832,881,815,851,808,758,717
Y,919,839,929,833,885,818,849,806,758,716
Y,918,841,928,831,883,816,851,806,757,716
Y,911,839,925,832,882,817,850,809,758,716
Y,913,837,925,831,882,818,851,808,761,716
Y,918,841,927,831,883,816,852,807,757,717
Y,935,839,928,831,884,817,851,807,757,717
Y,915,841,927,831,881,816,851,808,758,717
Y,918,841,927,831,882,818,852,809,757,719
Y,919,839,926,832,883,816,850,807,757,716
Y,916,841,925,831,882,817,851,808,758,716
Y,923,837,927,831,883,816,851,809,758,717
Y,917,840,926,831,884,817,852,807,757,717
Y,915,837,926,832,882,816,850,808,758,715
Y,922,837,928,831,885,817,850,807,757,718
Y,915,837,926,830,882,816,850,809,759,717
Y,923,838,927,831,884,816,850,807,759,717
Y,924,836,926,831,883,816,850,808,759,716
Y,919,837,926,831,883,816,852,807,759,716
Y,919,838,927,831,883,817,851,807,758,718
Y,908,839,925,832,885,816,851,808,759,718
Y,917,839,928,831,885,816,851,808,758,717
Y,919,838,926,831,883,816,851,807,758,716
Y,916,838,927,832,884,816,850,807,758,716
Y,922,833,925,830,883,817,851,808,759,717
Y,920,837,928,830,883,818,851,807,757,718
Y,924,836,927,832,883,816,851,808,758,717
Y,913,840,928,830,884,816,850,807,757,716
Y,921,841,926,831,882,817,851,807,758,717
Y,912,836,926,831,882,816,851,809,760,715
Y,921,838,926,830,883,815,851,808,759,716
Y,920,838,926,831,882,816,850,808,759,714
Y,921,836,927,831,884,816,850,808,758,716
Y,923,841,926,832,883,816,851,808,759,716
Y,913,838,928,830,884,816,851,808,759,717
Y,914,842,926,830,883,816,851,808,759,717
Y,919,842,928,830,883,816,851,808,759,716
Y,914,839,927,830,884,815,851,809,758,716
Y,922,836,928,831,883,815,851,808,758,718
Y,916,839,927,830,884,816,851,808,758,716
Y,906,837,927,830,885,817,851,806,759,716
Y,918,838,927,830,882,817,850,809,758,716
Y,921,837,925,829,883,816,851,808,759,717
Y,918,840,925,832,885,816,851,806,757,716
Y,930,838,927,830,882,816,851,807,759,716
Y,916,836,926,831,885,816,851,808,759,718
Y,913,837,926,831,883,815,851,807,758,716
Y,924,835,925,832,884,816,850,808,759,717
Y,918,839,924,830,883,817,850,808,759,717
Y,922,837,928,830,884,817,850,807,758,716
Y,923,839,926,831,884,817,851,807,759,717
Y,918,838,926,831,883,817,850,807,758,717
Y,923,839,926,830,884,817,850,806,760,717
Y,913,836,927,829,884,816,851,807,759,718
Y,924,830,926,831,883,815,850,809,758,717
Y,922,839,927,831,883,815,852,808,758,715
Y,922,838,926,831,883,816,851,807,759,718
Y,915,837,926,831,882,817,851,807,759,717
Y,913,837,925,832,881,817,852,807,758,717
Y,915,843,926,832,884,815,850,807,759,717
Y,913,839,927,830,884,818,852,808,759,717
Y,921,837,927,830,884,816,851,808,760,716
Y,916,835,926,830,883,817,852,808,760,717
Y,923,835,926,831,881,815,851,808,759,716
Y,922,836,927,831,883,816,851,807,758,716
Y,922,836,925,829,881,816,852,807,758,717
Y,916,835,927,830,882,815,851,808,758,716
Y,923,837,928,827,884,815,850,807,757,717
Y,921,836,925,831,884,816,850,807,758,716
Y,919,837,926,829,883,815,850,810,760,717
Y,912,836,923,833,881,817,851,807,758,718
Y,918,835,926,831,883,816,851,808,759,718
Y,919,836,926,831,885,818,851,809,758,715
Y,917,834,927,830,885,817,852,807,758,718
Y,917,836,927,830,883,816,852,807,759,716
Y,915,837,927,831,882,817,851,809,759,716
Y,916,834,927,829,883,815,851,808,759,717
Y,916,836,927,831,884,816,852,808,759,717
Y,918,835,929,831,883,816,851,806,759,716
Y,917,838,927,830,884,815,851,809,760,716
Y,914,837,926,831,884,817,851,807,758,717
Y,913,835,927,829,881,817,850,807,759,716
Y,918,839,927,830,883,817,851,808,760,716
Y,918,836,925,830,886,817,850,809,759,718
Y,916,842,924,830,883,816,851,808,759,717
Y,914,838,927,829,883,817,851,808,759,715
Y,920,835,927,830,884,817,851,806,757,716
Y,916,836,925,831,883,815,851,808,759,717
Y,920,837,925,830,883,817,852,807,759,717
Y,921,836,925,830,882,816,852,808,758,716
Y,924,841,925,829,883,816,851,807,759,716
Y,923,838,927,830,881,816,851,808,758,716
Y,922,837,925,831,881,815,852,807,759,718
Y,918,839,928,831,884,816,853,808,760,717
Y,916,840,925,831,879,817,851,809,759,718
Y,916,838,925,831,884,815,850,806,758,717
Y,918,839,927,830,882,816,851,807,759,717
Y,919,837,926,831,883,815,852,806,759,717
Y,915,839,925,828,885,816,851,808,759,716
Y,911,838,927,830,884,816,851,808,759,717
Y,919,838,927,829,881,817,851,806,758,716
Y,915,841,925,830,882,815,851,807,761,715
Y,921,841,926,831,885,817,852,807,759,717
Y,920,841,925,831,883,816,852,806,760,716
Y,916,843,924,830,884,817,852,807,760,716
Y,913,838,926,828,881,817,851,806,759,717
Y,914,841,925,829,882,815,851,809,760,716
Y,911,841,927,829,883,816,851,806,760,718
Y,916,837,926,831,884,816,850,807,759,717
Y,913,843,924,830,885,815,851,808,759,717
Y,916,840,926,830,884,817,850,808,759,718
Y,922,841,926,829,882,816,851,808,760,717
Y,916,841,925,829,883,815,851,808,759,717
Y,919,841,926,830,883,815,851,808,760,716
Y,914,843,927,828,884,816,851,805,759,717
Y,919,839,926,830,883,815,851,807,759,717
Y,918,842,926,829,883,816,850,808,760,716
Y,914,840,925,830,883,815,850,807,760,718
Y,915,844,926,831,882,817,850,807,761,717
Y,914,841,926,831,883,816,850,806,760,717
Y,919,842,927,828,882,815,849,807,760,717
Y,919,842,926,828,884,814,851,806,761,716
Y,921,842,925,829,884,814,851,807,759,718
Y,912,842,926,830,880,816,850,807,760,717
Y,922,841,926,830,882,816,851,809,759,717
Y,916,844,927,829,883,816,851,806,760,716
Y,915,845,925,829,885,816,851,807,758,716
Y,915,842,925,830,885,816,851,808,760,718
Y,923,841,925,831,883,816,851,808,759,718
Y,920,841,925,829,884,816,852,808,760,717
Y,914,846,926,829,881,817,852,807,761,718
Y,918,843,925,829,884,815,851,806,760,718
Y,922,843,925,831,884,817,852,809,759,717
Y,917,847,924,829,883,816,851,807,760,716
Y,917,845,926,831,884,816,852,807,760,717
Y,912,843,927,829,883,815,851,807,760,717
Y,918,841,926,829,884,815,851,807,759,718
Y,914,844,924,830,882,816,852,806,759,717
Y,913,843,925,829,883,817,852,808,759,717
Y,912,849,925,829,883,815,851,807,760,718
Y,918,844,928,830,883,816,850,807,760,718
Y,920,845,925,829,883,816,852,807,761,716
Y,921,845,927,829,883,815,851,808,759,718
Y,926,845,925,825,883,816,851,807,760,716
Y,916,844,926,829,883,815,852,808,760,716
Y,917,844,926,828,884,816,851,806,759,717
Y,919,843,926,829,884,817,851,807,761,717
Y,920,843,924,830,883,813,851,807,759,717
Y,921,846,925,830,883,816,851,806,759,716
Y,920,842,926,830,883,815,852,809,760,717
Y,914,842,926,829,883,815,851,806,760,717
Y,926,845,925,828,883,816,851,808,760,717
Y,916,843,926,829,884,814,850,806,760,718
Y,915,850,926,831,880,815,852,806,759,717
Y,919,845,926,829,884,815,851,809,759,717
Y,920,845,924,829,884,815,852,807,760,717
Y,915,845,924,830,883,816,850,807,760,717
Y,919,844,925,829,883,816,852,809,760,718
Y,917,841,927,832,882,816,851,807,760,718
Y,911,838,926,829,882,816,852,807,760,717
Y,915,838,923,826,883,816,851,807,759,718
Y,921,840,924,829,881,816,851,808,759,717
Y,915,839,925,828,884,818,852,805,762,719
Y,914,840,925,828,882,816,852,807,762,718
Y,923,847,921,833,883,816,852,807,760,718
Y,918,839,925,830,883,815,849,803,760,717
Y,916,842,924,829,882,818,851,808,761,717
Y,919,839,926,830,881,815,851,807,760,718
Y,915,839,923,831,882,815,852,806,760,718
Y,915,841,926,829,884,815,852,807,760,716
Y,914,843,925,830,883,816,851,807,760,718
Y,920,843,925,829,882,817,851,808,760,717
Y,919,842,925,828,882,815,851,807,760,718
Y,924,839,925,830,882,817,852,807,760,716
Y,912,840,926,828,881,816,851,807,761,718
Y,920,840,926,828,881,816,852,807,761,717
Y,916,838,924,830,882,816,851,806,760,717
Y,921,840,925,831,880,814,851,810,757,718
Y,920,840,925,828,883,816,851,807,760,717
Y,922,840,925,829,884,816,851,808,761,717
Y,919,840,924,830,882,815,852,808,760,717
Y,913,842,925,828,884,815,851,806,759,716
Y,932,841,926,829,883,816,851,807,760,717
Y,920,841,925,828,883,816,852,807,760,717
Y,920,841,926,827,887,815,852,805,761,716
Y,916,841,924,829,883,815,848,810,759,716
Y,914,840,925,828,882,816,851,807,761,717
Y,919,841,924,830,883,815,851,808,761,718
Y,917,843,925,830,881,816,851,808,760,718
Y,919,840,925,829,883,815,852,808,759,717
Y,915,841,925,828,882,815,852,809,759,717
Y,919,838,926,830,882,815,851,806,760,717
Y,920,841,925,830,884,816,852,807,760,717
Y,919,842,924,828,883,816,852,808,761,717
Y,919,838,926,828,883,816,852,806,760,717
Y,917,841,924,828,882,815,851,807,758,717
Y,912,841,925,830,881,815,851,808,760,718
Y,917,838,925,829,881,815,850,806,760,718
Y,917,841,926,829,884,816,851,807,760,718
Y,913,844,927,825,883,814,851,808,761,717
Y,919,840,925,828,883,815,852,808,761,717
Y,926,838,924,828,883,816,852,807,760,718
Y,915,840,926,832,885,816,852,807,761,718
Y,914,840,924,830,882,816,853,808,761,718
Y,920,839,925,830,881,816,852,807,760,719
Y,920,839,924,828,882,817,852,807,760,718
Y,918,837,924,829,883,815,850,808,760,717
Y,919,842,925,828,884,815,851,808,762,718
Y,914,841,926,829,882,816,851,807,761,718
Y,917,840,925,829,883,815,851,807,760,719
Y,917,841,925,829,884,815,850,807,760,717
Y,915,840,926,828,883,816,852,808,760,718
Y,918,841,925,828,882,816,852,807,760,718
Y,914,843,923,829,883,815,852,808,761,719
Y,923,841,923,830,880,816,852,806,760,718
Y,918,841,925,826,887,818,849,809,763,715
Y,918,840,925,829,883,815,851,807,761,722
Y,920,840,925,828,883,817,853,805,758,722
Y,920,839,925,828,884,816,852,808,760,720
Y,923,836,927,830,884,816,852,806,760,721
Y,918,839,925,827,881,816,851,808,761,722
Y,908,839,924,828,884,816,852,806,760,721
Y,925,844,927,831,883,816,852,808,761,721
Y,921,839,926,826,884,815,852,803,759,718
Y,921,840,926,829,884,816,852,806,761,720
Y,921,841,926,828,883,817,853,807,760,721
Y,914,841,925,827,883,815,852,807,761,721
Y,912,841,925,828,881,815,853,808,761,721
Y,922,833,924,828,881,816,852,807,761,721
Y,913,842,925,829,884,816,851,806,760,721
Y,921,841,923,827,879,814,851,805,761,721
Y,915,841,926,828,882,816,851,806,761,721
Y,916,840,924,826,882,816,852,808,762,720
Y,920,837,924,829,884,815,851,808,761,720
Y,921,838,924,829,883,816,852,806,761,721
Y,915,841,926,827,884,816,852,808,760,720
Y,912,839,924,828,884,815,851,806,762,719
Y,920,842,925,828,882,816,852,807,761,719
Y,922,840,924,828,883,814,851,806,760,720
Y,915,840,926,828,882,816,852,806,761,720
Y,917,841,925,828,882,816,852,808,760,721
Y,921,842,925,828,884,816,853,806,762,721
Y,919,839,923,829,884,816,851,806,762,720
Y,912,839,924,828,884,816,852,806,761,721
Y,910,840,925,829,883,816,852,807,762,721
Y,910,838,926,829,883,815,852,806,761,720
Y,920,840,924,827,884,816,851,808,761,720
Y,914,839,925,829,883,816,852,807,760,720
Y,916,839,925,827,882,815,851,806,762,720
Y,915,840,926,829,881,816,852,808,760,719
Y,920,838,922,828,883,817,852,807,761,720
Y,921,839,925,829,882,817,852,807,761,719
Y,921,840,926,828,884,815,851,806,761,720
Y,921,840,925,829,883,816,851,807,761,720
Y,920,842,923,828,883,815,851,808,759,719
Y,916,837,925,828,884,815,851,807,762,720
Y,916,840,924,827,882,816,852,807,762,720
Y,921,842,925,827,883,817,852,808,761,719
Y,918,841,925,829,882,817,852,808,760,720
Y,922,841,924,830,882,815,852,807,762,720
Y,915,839,925,828,883,815,852,806,760,720
Y,921,840,924,828,881,818,852,806,761,719
Y,914,841,924,828,883,815,851,807,761,719
Y,919,843,924,828,881,816,852,806,761,720
Y,920,842,926,829,884,816,853,807,761,720
Y,920,842,925,828,882,815,853,807,760,719
Y,913,841,925,826,883,816,852,806,760,721
Y,921,846,926,828,883,816,853,807,760,720
Y,922,849,926,828,883,815,851,807,762,722
Y,921,847,924,828,884,814,852,805,762,721
Y,918,843,923,826,883,815,853,805,761,722
Y,920,844,924,826,883,814,853,805,761,725
Y,928,847,923,825,884,815,852,805,760,722
Y,924,847,925,827,885,814,853,805,761,722
Y,914,839,925,827,885,814,853,805,759,721
Y,918,842,923,826,884,814,852,805,760,720
Y,920,841,925,826,886,815,852,806,760,721
Y,917,843,923,827,884,814,853,806,760,720
Y,916,843,924,825,887,814,852,804,760,720
Y,921,837,920,823,888,815,851,807,759,726
Y,923,841,920,826,887,813,853,803,758,737
Y,923,840,918,824,887,812,854,802,757,728
Y,923,841,918,822,888,810,854,803,759,729
Y,919,850,914,821,892,811,856,800,764,733
Y,922,859,915,822,891,810,856,801,767,732
Y,923,858,910,817,893,807,859,800,800,744
Y,924,851,909,815,893,808,859,798,825,759
Y,926,848,908,814,896,807,859,798,830,760
Y,919,846,905,814,896,807,859,797,844,769
Y,919,849,906,811,897,806,860,799,847,771
Y,933,845,904,815,896,806,860,796,847,771
Y,918,849,904,814,898,806,860,798,849,774
Y,918,853,904,812,898,804,859,797,851,775
Y,924,849,904,812,896,806,859,798,844,776
Y,919,849,904,812,896,807,859,797,844,775
Y,924,850,904,812,896,806,860,796,843,775
Y,926,850,903,812,897,806,861,799,851,774
Y,922,854,903,812,897,806,862,796,856,774
Y,929,849,903,810,897,806,860,797,862,776
Y,924,852,903,812,896,805,862,797,866,776
Y,919,849,904,812,897,803,861,795,868,777
Y,918,852,903,812,898,805,861,798,876,783
Y,916,854,903,811,895,806,861,797,883,784
Y,923,851,902,811,896,807,860,793,892,790
Y,920,853,903,812,898,804,862,795,897,788
Y,919,855,900,810,897,805,863,798,903,792
Y,925,853,901,810,897,805,864,796,903,793
Y,917,856,901,811,899,806,866,798,907,795
Y,923,858,899,809,897,806,868,798,908,796
Y,925,862,901,813,898,805,869,798,908,798
Y,922,866,898,811,902,806,870,797,907,797
Y,923,865,899,810,902,805,869,798,906,795
Y,920,864,899,810,901,805,870,797,904,795
Y,918,864,899,810,902,805,870,796,906,794
Y,924,864,899,807,903,804,867,797,901,790
Y,926,865,898,807,900,804,865,793,903,786
Y,920,861,896,803,898,805,862,795,898,782
Y,925,868,896,802,895,802,859,794,895,780
Y,921,867,897,802,896,802,858,793,895,780
Y,922,869,895,800,893,800,854,793,889,776
Y,924,870,894,800,895,801,853,792,888,775
Y,920,865,893,799,892,800,851,790,883,775
Y,919,864,894,797,892,800,851,792,882,773
Y,922,865,894,798,893,801,849,791,880,772
Y,921,865,894,798,893,801,849,789,880,771
Y,917,863,893,796,892,800,848,789,876,770
Y,916,864,891,795,891,799,848,789,871,767
Y,916,864,891,795,890,800,846,788,869,766
Y,914,862,890,794,890,799,846,789,867,764
Y,921,859,891,795,888,799,845,788,865,763
Y,914,862,890,791,889,798,844,788,862,760
Y,914,862,891,790,883,797,844,788,860,759
Y,913,862,891,790,883,797,844,787,857,757
Y,920,860,891,788,881,796,842,785,854,757
Y,915,862,891,789,884,796,840,786,851,756
Y,921,863,891,788,886,794,841,785,848,753
Y,920,862,889,786,887,795,839,781,844,752
Y,915,862,891,783,885,795,840,785,843,752
Y,918,863,889,782,888,794,839,785,840,751
Y,918,861,888,781,881,795,837,784,838,751
Y,914,861,887,777,881,794,837,783,837,749
Y,916,864,889,779,876,794,834,783,832,747
Y,915,864,887,778,875,792,834,783,831,748
Y,909,862,886,775,876,793,834,783,831,746
Y,914,863,887,775,874,793,834,783,830,746
Y,913,863,887,776,875,792,833,782,830,745
Y,909,864,887,775,874,791,833,781,828,745
Y,909,865,887,773,877,790,830,783,829,743
Y,912,864,885,774,874,792,832,781,829,744
Y,911,863,887,775,875,792,833,782,829,746
Y,911,863,886,774,874,791,832,781,828,744
Y,913,862,887,775,872,791,832,781,828,745
Y,911,865,886,773,875,791,832,781,828,743
Y,911,864,887,774,874,791,832,782,828,744
Y,912,862,886,774,875,791,832,781,827,744
Y,908,862,887,775,875,791,832,780,827,744
Y,904,864,887,774,873,791,832,782,828,744
Y,911,865,887,776,875,789,831,781,827,743
Y,913,864,887,775,874,789,831,783,827,744
Y,908,863,885,773,875,790,832,782,828,744
Y,911,865,886,774,874,791,832,782,827,744
Y,915,862,887,775,876,791,831,781,827,744
Y,914,862,887,775,877,790,830,781,827,743
Y,912,862,886,775,874,791,832,783,829,743
Y,912,861,886,776,872,791,832,781,827,744
Y,913,862,886,775,873,790,832,781,828,742
Y,913,862,886,774,872,790,832,781,828,744
Y,913,861,886,775,874,790,831,781,828,742
Y,908,861,887,775,875,790,832,781,827,743
Y,910,863,887,776,873,790,832,779,826,742
Y,912,861,887,775,874,790,832,780,827,744
Y,913,862,886,774,874,790,831,782,827,742
Y,911,861,884,774,875,790,832,781,827,743
Y,912,861,887,773,873,790,832,783,827,744
Y,914,863,886,774,875,790,832,782,827,743
Y,911,861,886,775,874,790,832,780,827,744
Y,909,861,888,774,874,789,833,781,828,742
Y,911,863,887,774,875,791,832,782,828,743
Y,912,865,887,776,875,790,832,782,826,742
Y,913,864,886,774,876,789,832,780,828,742
Y,908,861,886,776,874,791,832,782,826,742
Y,917,865,885,774,878,791,831,781,828,743
Y,915,864,888,777,874,790,831,782,828,743
Y,910,865,888,775,875,790,831,779,827,743
Y,911,865,886,776,875,790,830,780,829,743
Y,908,860,887,774,873,790,831,780,829,742
Y,907,856,887,775,874,789,832,779,828,743
Y,906,858,885,774,875,789,832,781,829,744
Y,907,857,886,775,874,788,830,781,831,746
Y,903,859,886,773,875,790,832,781,830,743
Y,910,857,887,775,874,790,832,781,830,743
Y,906,859,885,773,874,791,831,781,829,743
Y,912,856,886,774,873,789,831,780,829,743
Y,912,858,887,775,872,790,832,781,830,743
Y,913,858,885,776,873,789,831,781,830,743
Y,909,858,887,775,873,790,832,780,829,744
Y,908,858,886,776,873,790,832,781,829,743
Y,909,858,886,775,873,789,832,780,830,743
Y,903,860,887,776,872,790,832,780,830,742
Y,915,857,886,775,874,790,831,780,829,743
Y,909,860,885,776,873,790,831,780,830,744
Y,913,859,887,776,872,790,831,780,828,742
Y,914,861,887,775,874,789,831,780,830,743
Y,911,856,886,776,872,790,833,780,830,742
Y,910,861,885,775,873,789,832,780,828,744
Y,915,862,885,777,872,790,832,781,829,743
Y,914,861,887,777,873,789,832,779,829,743
Y,912,861,886,776,871,791,833,780,829,743
Y,907,863,887,778,873,791,833,778,827,742
Y,906,863,885,777,873,789,833,781,831,743
Y,908,860,886,776,873,789,833,778,829,743
Y,907,864,886,777,873,789,834,781,827,741
Y,908,860,888,777,872,788,833,780,827,742
Y,903,862,886,778,874,790,834,782,828,743
Y,911,862,886,777,873,790,834,781,829,743
Y,908,863,886,779,873,790,835,781,828,743
Y,912,864,886,778,879,789,834,781,830,743
Y,907,864,887,780,877,789,834,780,830,744
Y,912,865,887,780,875,791,834,780,829,743
Y,912,865,887,780,875,790,835,781,829,742
Y,910,863,885,781,875,788,833,781,830,743
Y,910,863,886,779,874,791,835,780,831,743
Y,913,867,887,782,872,791,834,781,829,743
Y,908,865,887,781,872,790,835,782,829,743
Y,912,863,885,782,873,790,835,782,831,744
Y,911,864,887,782,874,790,835,782,830,744
Y,913,863,886,782,874,790,835,782,831,745
Y,912,865,885,780,872,791,835,781,830,743
Y,912,864,885,781,874,790,834,782,830,744
Y,908,864,886,781,873,790,834,782,829,744
Y,907,863,885,782,874,790,834,782,831,745
Y,911,859,885,777,874,792,834,781,831,745
Y,913,866,886,781,872,790,833,781,830,744
Y,911,865,885,781,873,790,834,780,830,745
Y,912,864,886,782,873,791,835,783,831,743
Y,908,864,885,781,871,791,834,782,830,741
Y,909,864,885,779,873,790,835,781,829,743
Y,907,864,887,782,874,790,833,781,829,743
Y,911,863,886,781,876,791,834,782,829,743
Y,909,864,886,782,873,791,835,782,830,744
Y,905,858,886,781,872,791,835,781,831,742
Y,911,864,886,781,874,790,835,782,829,744
Y,909,864,885,782,873,790,834,782,831,743
Y,908,863,886,781,875,791,835,783,829,744
Y,908,863,886,782,874,790,834,782,829,743
Y,913,863,886,781,872,790,835,783,829,744
Y,912,863,886,780,872,790,835,781,830,743
Y,910,863,885,782,874,792,834,783,831,743
Y,912,862,885,781,872,791,834,783,828,743
Y,908,862,885,781,873,791,835,781,829,743
Y,907,861,886,782,874,790,835,781,831,744
Y,908,864,886,781,873,791,835,783,831,743
Y,907,864,885,782,872,792,834,780,830,743
Y,908,863,885,781,874,790,833,782,829,744
Y,909,862,885,782,873,790,834,782,829,744
Y,912,864,886,781,875,791,834,781,829,743
Y,910,862,885,782,875,792,834,781,829,742
Y,911,863,885,782,874,792,835,780,829,743
Y,909,861,886,781,874,790,834,782,829,744
Y,908,861,885,782,873,791,834,781,831,743
Y,913,864,886,780,874,791,835,782,829,744
Y,916,862,886,782,873,793,832,781,829,744
Y,914,863,885,782,875,791,834,782,829,744
Y,913,862,885,781,873,790,834,781,828,743
Y,916,862,885,781,875,790,834,781,828,744
Y,913,863,886,781,872,791,833,781,828,744
Y,910,862,886,781,873,791,835,781,829,744
Y,913,862,884,781,873,789,834,781,830,742
Y,915,863,885,782,874,792,834,782,830,743
Y,914,862,885,782,872,790,834,781,829,743
Y,914,861,886,781,875,790,834,781,828,744
Y,913,862,887,780,874,792,834,782,827,743
Y,917,862,886,781,874,791,834,782,830,743
Y,916,864,884,782,874,792,835,781,828,743
Y,917,863,885,782,872,790,833,781,830,743
Y,912,863,885,782,872,792,834,781,828,744
Y,910,862,885,782,871,792,834,781,829,743
Y,912,863,886,781,873,790,834,782,828,743
Y,913,864,887,780,874,790,833,781,830,744
Y,913,862,886,782,874,790,835,782,828,744
Y,914,862,883,781,874,792,836,782,830,744
Y,912,862,886,781,873,791,833,780,828,743
Y,913,862,886,782,872,791,834,782,829,744
Y,911,863,885,782,874,790,834,782,828,743
Y,910,863,886,782,873,792,835,780,828,744
Y,914,863,886,782,875,791,835,781,829,744
Y,912,863,885,781,873,790,832,781,828,742
Y,913,860,886,781,875,791,834,782,829,743
Y,908,860,886,780,875,791,834,782,829,742
Y,912,862,886,780,873,791,834,782,829,743
Y,913,863,885,780,873,792,835,782,830,742
Y,910,862,884,780,874,791,835,781,830,743
Y,909,861,886,784,873,790,835,784,830,743
Y,917,857,884,783,873,791,835,781,830,743
Y,906,861,886,779,874,790,835,783,829,743
Y,910,862,886,782,873,792,835,783,829,743
Y,909,861,886,782,874,791,835,783,828,743
Y,913,861,887,780,875,792,835,781,830,743
Y,907,861,886,781,873,791,834,782,829,745
Y,911,861,887,781,873,791,834,782,828,743
Y,912,863,885,781,873,791,835,780,830,740
Y,911,862,885,781,873,791,835,781,829,744
Y,911,863,886,782,876,792,834,782,829,743
Y,913,864,885,780,873,792,834,782,828,742
Y,912,863,887,782,875,791,833,782,828,744
Y,911,865,885,783,874,791,836,781,830,744
Y,908,862,885,780,874,791,835,782,828,743
Y,908,862,885,781,874,791,833,782,828,743
Y,910,863,885,781,875,792,834,782,829,743
Y,910,862,885,781,875,792,836,782,831,746
Y,908,862,886,781,875,791,835,782,829,743
Y,908,862,886,780,872,790,836,783,828,743
Y,913,863,885,781,873,791,833,783,828,744
Y,912,861,885,781,875,789,835,782,830,742
Y,908,861,886,781,875,791,835,782,827,743
Y,911,863,887,782,875,791,835,782,829,744
Y,909,862,885,781,878,792,834,781,828,743
Y,910,860,885,778,879,792,834,781,828,744
Y,905,863,885,781,876,791,835,782,828,743
Y,912,862,887,783,876,790,835,781,828,741
Y,905,863,885,782,876,791,834,781,831,741
Y,908,864,886,781,876,791,835,782,829,743
Y,908,860,886,781,878,792,835,783,828,744
Y,909,862,886,781,879,791,834,781,828,743
Y,911,861,886,781,876,791,834,782,828,744
Y,907,862,883,784,881,791,835,780,828,744
Y,912,863,886,781,876,790,834,781,829,742
Y,907,857,888,780,877,791,834,782,829,743
Y,909,862,888,779,876,791,836,782,826,743
Y,907,861,885,783,876,791,836,783,828,744
Y,914,862,886,780,876,790,835,782,829,743
Y,909,860,885,780,877,791,835,780,827,743
Y,913,863,886,783,881,792,836,781,829,744
Y,911,863,885,780,878,791,834,783,828,743
Y,912,862,887,780,878,791,834,782,829,743
Y,912,859,887,781,875,791,836,782,829,742
Y,911,860,886,781,876,791,835,782,829,741
Y,913,862,885,781,875,792,835,781,830,743
Y,913,863,886,780,878,792,835,782,828,743
Y,912,863,885,782,875,792,835,782,829,741
Y,915,859,887,782,874,790,834,782,830,744
Y,906,861,886,780,876,791,835,781,829,742
Y,907,861,887,782,876,791,835,781,829,742
Y,908,861,887,780,877,790,835,782,829,743
Y,912,862,886,782,874,791,834,781,827,743
Y,905,860,885,781,875,790,835,781,827,743
Y,908,863,885,782,876,792,836,782,829,744
Y,909,860,886,782,874,790,835,782,830,743
Y,913,862,886,781,875,790,834,781,829,743
Y,907,860,886,782,876,791,834,782,830,742
Y,908,865,886,781,876,792,835,781,829,742
Y,903,861,887,782,878,792,834,782,828,744
Y,906,863,885,782,877,792,835,783,829,744
Y,907,861,886,780,876,792,835,781,830,743
Y,911,864,888,783,877,791,835,782,830,744
Y,909,862,886,781,877,791,836,781,828,744
Y,906,861,887,783,878,791,837,783,827,743
Y,909,862,886,781,877,790,836,782,829,743
Y,909,863,887,781,876,791,834,782,829,743
Y,910,861,886,781,874,792,834,781,828,744
Y,909,859,884,781,875,791,835,782,830,743
Y,907,863,886,780,873,792,835,781,828,743
Y,908,860,886,781,870,790,836,782,830,744
Y,904,862,887,781,874,790,835,782,829,743
Y,906,861,885,780,874,790,833,780,831,743
Y,906,864,886,781,874,790,834,782,830,742
Y,903,860,885,782,874,792,834,782,828,743
Y,910,863,887,782,873,792,835,781,829,743
Y,905,861,886,781,873,791,835,782,829,741
Y,909,859,884,778,872,789,834,783,828,743
Y,909,860,886,781,874,790,833,781,828,742
Y,907,861,885,781,874,790,834,780,828,742
Y,910,861,885,782,875,792,834,782,829,743
Y,905,860,886,781,874,790,834,783,826,742
Y,905,863,886,781,873,791,834,781,827,743
Y,908,862,887,781,874,791,835,783,826,744
Y,906,860,886,779,873,790,834,780,829,743
Y,905,862,885,781,875,791,834,781,829,744
Y,908,861,886,782,875,790,834,782,827,741
Y,902,860,885,781,875,791,835,780,829,743
Y,905,861,886,781,873,791,833,781,828,742
Y,904,862,886,780,874,791,834,780,828,743
Y,912,859,887,782,874,792,833,781,829,742
Y,907,862,886,781,872,789,834,780,828,743
Y,908,860,885,781,873,791,832,781,828,743
Y,906,861,885,781,873,791,834,782,828,743
Y,904,862,885,780,871,791,833,781,827,742
Y,905,860,887,778,873,790,832,782,828,741
Y,904,862,887,780,873,791,834,782,826,742
Y,906,860,886,781,873,790,834,782,828,742
Y,910,861,886,780,874,791,833,780,828,742
Y,909,859,887,779,875,790,833,781,827,743
Y,905,860,888,777,875,791,833,781,825,741
Y,907,859,885,778,878,790,833,781,826,742
Y,907,862,886,779,877,791,832,780,824,741
Y,908,860,885,776,878,790,832,779,825,741
Y,906,859,886,776,873,790,832,781,825,740
Y,905,860,885,776,874,790,830,779,823,741
Y,909,859,885,778,872,791,831,780,822,741
Y,908,861,886,776,874,789,831,782,817,740
Y,908,862,886,774,875,789,830,780,819,741
Y,906,865,885,776,874,789,831,779,817,741
Y,907,861,886,775,875,789,830,779,816,740
Y,904,862,887,776,873,790,830,780,816,740
Y,906,862,885,775,872,789,829,779,815,739
Y,904,861,886,776,871,789,828,780,813,740
Y,907,861,885,774,874,790,829,780,813,740
Y,905,862,883,779,875,789,829,780,813,739
Y,909,861,885,775,871,788,829,781,814,741
Y,905,861,885,775,871,788,828,779,812,738
Y,904,862,885,776,873,789,829,780,812,740
Y,905,861,885,774,871,790,828,780,815,738
Y,907,860,885,776,871,788,830,778,814,739
Y,908,862,886,776,870,789,828,779,813,740
Y,904,863,885,776,872,789,829,780,815,740
Y,905,861,885,775,872,789,829,780,814,740
Y,908,861,884,774,872,788,828,778,812,738
Y,908,862,885,774,873,788,827,777,812,739
Y,908,862,885,774,871,790,827,779,812,738
Y,908,863,886,772,873,790,827,779,812,739
Y,904,861,885,769,873,790,827,775,815,738
Y,906,862,884,768,872,789,828,778,811,738
Y,905,861,885,767,876,788,828,777,813,738
Y,908,862,884,765,876,788,829,778,815,739
Y,905,861,884,765,875,788,828,777,816,737
Y,904,861,884,766,878,788,829,778,819,739
Y,898,861,885,765,876,787,829,776,816,738
Y,902,861,884,763,875,787,830,778,817,738
Y,897,858,883,764,878,787,829,776,817,737
Y,901,857,884,762,882,788,831,777,819,737
Y,899,859,885,762,875,788,834,775,821,739
Y,901,857,884,764,875,786,833,777,821,739
Y,899,857,885,763,876,786,834,776,823,738
Y,900,857,883,764,874,786,836,776,824,739
Y,897,855,884,764,876,787,836,776,824,738
Y,899,856,884,763,875,787,838,777,825,738
Y,901,857,884,764,876,786,838,777,825,738
Y,899,852,885,764,877,786,838,775,825,738
Y,901,856,886,761,874,787,838,777,827,738
Y,901,857,884,764,876,787,839,776,826,739
Y,901,857,884,762,878,787,839,777,827,738
Y,900,856,884,763,877,785,839,776,826,739
Y,900,856,884,764,877,786,840,776,826,737
Y,904,855,883,764,878,787,841,775,828,738
Y,899,856,884,764,880,785,839,777,825,740
Y,897,857,884,766,880,786,841,775,827,740
Y,898,857,884,765,881,786,841,775,827,739
Y,899,856,885,766,879,786,842,776,827,737
Y,899,857,885,765,884,786,843,776,828,740
Y,902,858,884,764,881,786,841,777,828,740
Y,900,858,885,765,881,787,841,777,828,738
Y,898,857,885,764,881,786,843,777,830,739
Y,902,856,885,764,882,786,843,777,828,739
Y,898,855,885,764,882,786,843,776,827,739
Y,899,856,884,765,885,785,842,778,829,741
Y,902,854,885,764,882,786,844,777,829,739
Y,900,856,884,765,882,786,845,778,825,739
Y,896,852,882,764,884,786,845,776,827,742
Y,898,856,883,764,883,785,845,776,829,739
Y,896,857,884,765,879,787,845,778,829,738
Y,896,858,884,766,879,786,843,777,825,744
Y,896,858,885,767,880,786,843,777,827,742
Y,897,856,883,767,879,786,842,778,825,743
Y,900,856,883,766,880,785,842,777,826,742
Y,897,855,883,767,887,786,843,776,829,743
Y,899,855,884,766,885,785,843,776,829,742
Y,900,855,883,764,883,786,843,777,830,743
Y,897,855,883,766,884,786,844,777,829,741
Y,898,855,884,765,882,785,845,777,829,742
Y,898,855,884,765,881,786,844,776,829,741
Y,897,857,882,765,880,786,845,776,829,746
Y,899,857,884,766,883,785,843,777,828,740
Y,899,856,884,765,885,786,844,776,829,741
Y,899,856,883,769,884,785,844,777,828,757
Y,899,855,883,765,881,786,844,777,829,749
Y,899,857,882,766,880,785,845,777,831,743
Y,898,855,884,765,882,786,844,775,830,743
Y,893,857,884,765,880,784,845,777,829,741
Y,897,856,883,764,881,785,843,777,831,741
Y,896,855,884,765,879,786,845,775,829,741
Y,899,857,883,765,879,786,844,776,830,741
Y,901,858,884,764,880,785,843,777,828,741
Y,899,856,884,765,882,784,844,777,828,741
Y,898,855,883,766,881,784,845,778,829,743
Y,899,857,884,766,881,785,843,776,829,744
Y,899,857,881,765,881,785,843,777,828,748
Y,896,855,884,765,883,786,843,777,829,747
Y,899,857,884,766,881,785,844,777,830,751
Y,897,856,883,765,879,785,844,777,830,750
Y,899,856,884,766,880,785,843,777,830,740
Y,898,857,885,765,879,785,844,776,829,741
Y,898,857,884,765,883,784,843,776,829,739
Y,897,857,884,767,877,787,842,775,829,741
Y,897,857,883,764,879,785,843,776,831,742
Y,898,856,883,763,881,784,843,776,828,741
Y,899,855,884,766,879,786,844,777,830,741
Y,898,855,883,765,879,786,843,776,830,741
Y,898,857,882,765,880,785,844,776,828,741
Y,900,856,883,766,879,785,844,776,829,741
Y,896,856,883,764,879,785,844,777,831,741
Y,898,857,885,766,878,783,842,776,828,740
Y,900,859,884,764,877,786,843,778,829,741
Y,896,858,882,766,881,786,843,777,830,741
Y,896,856,883,765,882,785,844,777,831,742
Y,898,859,884,764,880,785,844,776,829,742
Y,904,860,886,763,882,785,844,777,830,742
Y,900,863,882,765,884,786,844,776,830,742
Y,897,862,883,763,878,786,844,777,831,741
Y,900,861,882,765,879,786,844,776,830,741
Y,899,859,883,765,878,785,843,775,830,740
Y,897,860,883,766,879,785,843,777,831,741
Y,899,862,883,764,879,785,843,776,828,740
Y,893,858,882,764,880,785,843,777,829,740
Y,897,861,884,763,879,785,843,777,830,739
Y,899,860,883,764,877,785,843,776,830,741
Y,900,859,884,766,877,786,844,777,830,741
Y,895,859,883,766,877,784,843,775,829,740
Y,900,856,884,765,878,785,843,776,830,742
Y,899,860,884,765,878,784,844,776,829,741
Y,897,855,883,765,876,784,843,777,829,741
Y,899,858,884,764,877,785,843,776,830,740
Y,899,857,883,765,875,784,843,777,831,741
Y,906,859,881,764,877,783,844,776,829,740
Y,900,858,882,765,876,785,843,777,830,741
Y,900,857,882,765,876,785,844,777,830,740
Y,899,857,884,765,876,785,843,777,831,741
Y,904,859,882,765,877,785,843,777,830,740
Y,901,857,882,764,877,785,843,776,829,738
Y,901,858,884,764,876,785,842,777,831,741
Y,901,860,883,763,877,786,842,777,829,739
Y,905,859,884,765,877,785,843,777,829,742
Y,898,859,883,765,871,785,842,777,830,743
Y,901,857,883,766,875,786,843,778,831,746
Y,898,859,883,766,877,785,842,778,832,748
Y,902,856,882,766,877,785,841,779,833,746
Y,901,860,882,765,877,786,842,779,832,747
Y,896,856,884,767,877,784,842,780,835,746
Y,901,858,882,767,874,786,842,780,835,746
Y,903,858,882,768,874,786,843,780,835,745
Y,900,858,884,769,876,788,842,781,835,747
Y,898,858,882,767,875,786,843,780,835,745
Y,904,859,884,769,876,786,843,782,835,746
Y,902,856,883,769,875,785,841,780,838,745
Y,905,862,886,766,876,787,841,781,836,746
Y,900,858,884,768,874,787,842,781,837,747
Y,904,858,882,768,876,786,842,782,835,745
Y,901,859,884,768,875,787,844,782,836,745
Y,900,857,883,769,875,787,844,782,838,747
Y,901,859,884,768,874,787,845,782,838,747
Y,904,858,882,769,877,787,843,783,838,747
Y,904,858,884,768,879,789,844,783,840,757
Y,903,860,883,768,879,789,843,783,839,748
Y,901,859,883,767,876,789,844,783,841,754
Y,900,858,884,769,878,790,844,783,841,752
Y,899,860,884,768,878,790,844,781,839,751
Y,899,860,884,769,878,790,844,783,841,754
Y,901,860,884,767,877,788,845,785,841,751
Y,896,858,885,770,880,792,847,783,839,750
Y,895,859,883,767,875,790,843,784,838,750
Y,895,860,883,769,879,790,844,783,837,751
Y,894,861,882,767,877,789,844,780,839,751
Y,894,860,883,768,879,789,843,781,838,746
Y,896,859,883,768,878,790,844,781,832,749
Y,895,859,884,767,878,789,844,782,839,749
Y,896,860,883,767,877,789,845,781,837,747
Y,895,859,885,766,877,790,846,781,837,748
Y,896,860,885,767,876,790,846,779,837,745
Y,894,862,884,766,874,791,845,780,839,746
Y,895,861,884,766,875,789,846,781,836,749
Y,894,859,884,767,876,790,846,780,837,753
Y,893,858,884,766,874,790,845,780,838,753
Y,893,860,885,766,875,790,845,780,838,753
Y,897,860,884,766,877,791,847,780,838,751
Y,893,861,883,765,876,790,845,780,837,748
Y,896,860,883,765,874,789,845,779,838,748
Y,895,862,884,766,877,791,845,779,837,747
Y,893,860,884,768,875,790,845,783,840,754
Y,894,861,884,766,876,790,844,780,838,748
Y,896,862,884,766,876,789,845,778,836,749
Y,892,862,884,766,876,789,845,780,837,748
Y,893,859,883,765,876,791,845,779,837,749
Y,896,860,884,767,875,790,844,779,836,749
Y,896,860,883,766,876,791,845,779,838,747
Y,893,861,883,765,876,791,843,780,838,748
Y,892,859,883,767,876,790,845,779,837,748
Y,895,860,884,766,876,789,845,779,837,747
Y,892,860,884,765,875,790,846,778,836,748
Y,894,860,883,765,874,788,844,779,836,746
Y,895,858,884,764,877,789,843,780,837,746
Y,893,860,883,765,877,790,846,778,836,749
Y,894,861,883,766,878,789,845,778,836,746
Y,893,859,884,767,875,789,844,780,837,748
Y,894,860,884,766,875,790,844,779,837,749
Y,893,862,885,767,877,789,844,779,837,746
Y,895,860,884,767,876,789,845,778,835,746
Y,895,861,884,765,876,790,844,778,837,747
Y,897,861,884,766,875,789,844,779,835,746
Y,891,859,885,767,876,788,844,778,837,746
Y,894,859,885,766,874,790,844,779,837,747
Y,894,860,884,766,875,790,843,780,836,746
Y,893,860,884,765,875,789,843,778,837,749
Y,892,860,884,767,874,789,844,777,838,752
Y,894,862,885,766,875,789,843,777,835,743
Y,891,860,884,765,874,790,843,778,837,746
Y,892,861,884,766,874,789,843,779,835,746
Y,895,857,884,767,874,788,841,780,835,744
Y,896,861,883,766,873,789,842,779,834,747
Y,895,862,884,767,874,789,842,779,836,745
Y,895,860,885,767,875,790,842,779,836,747
Y,895,859,883,767,875,790,842,779,835,745
Y,896,859,884,767,875,790,842,779,835,747
Y,894,862,885,767,875,789,842,779,837,751
Y,891,861,884,767,874,789,842,777,836,749
Y,895,860,884,766,875,790,842,779,837,756
Y,895,859,883,767,875,790,840,780,837,750
Y,894,859,884,767,875,789,841,780,836,751
Y,893,862,883,766,873,789,842,778,836,748
Y,895,860,883,766,874,790,841,778,836,749
Y,895,861,884,767,874,789,841,779,837,747
Y,893,859,884,766,874,789,841,777,833,750
Y,891,860,882,765,873,788,842,778,835,749
Y,893,861,882,766,877,788,842,777,835,748
Y,896,858,882,765,873,789,841,778,835,748
Y,892,861,884,765,875,789,842,778,836,749
Y,892,860,884,767,873,790,841,777,833,747
Y,895,861,883,767,875,788,840,779,833,745
Y,894,859,883,765,874,788,842,778,835,749
Y,896,858,884,767,874,788,841,778,835,749
Y,894,860,884,767,875,789,841,779,835,748
Y,896,859,884,766,873,788,841,776,836,747
Y,895,860,884,767,875,788,842,778,836,748
Y,894,860,883,766,874,788,841,779,834,742
Y,897,861,884,767,874,789,842,777,833,749
Y,892,859,884,766,876,788,841,779,834,746
Y,893,861,884,766,873,789,842,778,836,749
Y,893,860,883,767,871,789,842,779,833,746
Y,888,860,884,763,870,790,840,777,835,747
Y,895,861,883,766,876,788,841,779,833,745
Y,894,861,883,767,873,789,841,778,833,749
Y,895,860,884,766,873,788,841,778,834,747
Y,896,861,883,766,873,788,842,779,834,748
Y,895,857,883,767,874,788,841,776,834,747
Y,893,862,883,765,875,787,843,778,833,749
Y,893,858,882,766,872,787,841,778,834,746
Y,893,859,884,766,873,789,841,778,835,748
Y,894,859,883,766,874,789,842,777,833,747
Y,892,860,884,764,872,788,842,778,835,746
Y,895,859,883,765,874,788,841,777,834,747
Y,894,860,883,763,875,786,844,776,830,747
Y,893,859,883,765,872,788,842,777,833,747
Y,894,863,885,767,874,788,842,778,833,746
Y,895,860,884,766,874,787,841,777,833,746
Y,893,859,883,766,874,788,841,777,834,748
Y,893,860,884,766,873,788,842,778,834,748
Y,893,862,884,766,873,789,841,777,834,746
Y,893,859,883,766,874,787,842,777,835,746
Y,894,860,881,767,872,788,841,778,833,743
Y,894,858,884,766,873,787,841,777,834,747
Y,894,859,882,766,873,788,841,778,834,747
Y,892,858,884,766,874,788,841,778,833,747
Y,896,859,883,765,875,787,841,777,833,748
Y,896,860,884,764,874,787,841,776,833,745
Y,895,859,884,767,873,787,841,777,834,746
Y,894,860,883,766,874,789,841,778,833,749
Y,897,859,884,767,873,788,841,778,835,748
Y,894,860,884,766,874,788,841,778,834,746
Y,896,859,884,767,872,789,841,777,835,747
Y,895,859,882,767,873,788,841,776,834,748
Y,895,860,882,765,872,789,842,777,834,750
Y,893,859,883,768,872,788,842,777,834,746
Y,897,859,883,766,875,788,842,778,834,748
Y,895,861,883,766,874,787,842,777,835,747
Y,894,861,883,766,873,788,840,777,834,745
Y,892,858,883,766,872,788,841,777,834,746
Y,893,860,883,766,873,788,841,777,834,750
Y,893,857,883,766,874,788,841,778,833,746
Y,893,858,883,766,873,788,841,778,835,745
Y,895,860,884,766,874,788,840,777,833,745
Y,895,859,882,766,874,787,841,778,835,748
Y,894,859,884,767,874,787,841,776,835,748
Y,895,861,883,767,874,789,841,777,835,749
Y,896,860,883,766,872,788,841,777,833,748
Y,894,860,884,765,873,787,842,776,833,744
Y,894,861,884,767,872,789,840,778,833,745
Y,895,858,883,767,874,787,840,778,833,748
Y,894,859,883,766,873,789,839,778,834,747
Y,893,861,883,766,874,787,840,777,833,745
Y,895,857,884,766,872,788,841,776,832,747
Y,894,858,884,767,874,787,840,778,834,747
Y,894,861,884,767,873,788,841,777,835,747
Y,893,858,885,764,873,788,840,778,833,745
