W,927,888,820,753,779,772,752,801,891,787
W,930,889,822,753,780,773,751,803,892,788
W,929,888,820,753,781,771,753,800,894,790
W,929,889,820,752,780,772,753,801,892,790
W,931,890,820,753,781,772,753,800,896,791
W,933,890,820,753,780,771,752,800,891,789
W,932,891,821,751,779,773,752,802,893,790
W,927,889,820,751,780,773,752,801,894,789
W,932,889,821,751,779,773,752,799,893,790
W,927,890,820,753,779,772,752,801,892,790
W,926,891,821,751,781,772,753,801,892,788
W,932,888,821,753,780,773,752,801,892,788
W,927,888,819,752,780,772,753,801,893,790
W,928,888,820,753,780,773,753,802,892,790
W,931,888,820,753,781,773,752,800,893,789
W,932,891,820,754,780,772,753,801,891,787
W,931,890,820,751,780,771,753,802,892,788
W,931,891,820,752,779,773,753,801,891,788
W,933,889,820,752,780,770,753,800,894,790
W,928,887,821,751,780,772,751,802,892,790
W,932,891,820,752,780,772,753,802,893,789
W,925,888,820,753,779,772,753,803,890,790
W,927,891,820,752,779,773,752,801,894,791
W,931,889,821,752,780,773,753,802,894,788
W,925,890,820,753,780,772,752,801,891,788
W,929,889,820,751,779,771,753,800,895,789
W,932,889,820,752,779,773,752,803,894,788
W,927,890,821,753,781,773,752,801,892,789
W,931,893,821,753,782,772,752,802,891,788
W,924,889,821,752,779,773,752,803,891,788
W,928,890,821,751,780,771,753,803,890,789
W,932,889,820,753,779,773,751,800,892,789
W,932,888,821,752,781,770,751,801,894,788
W,927,889,821,751,779,773,752,803,891,790
W,931,892,821,752,780,772,751,802,893,789
W,932,890,821,753,779,772,752,798,894,789
W,923,890,821,753,780,773,752,802,892,788
W,933,891,820,751,778,773,753,799,893,789
W,926,890,820,752,780,773,753,801,894,788
W,930,887,823,753,781,772,753,801,891,789
W,932,889,821,752,780,773,752,801,894,789
W,929,888,821,752,782,770,752,800,893,789
W,929,890,821,750,781,772,754,801,895,791
W,930,892,820,751,779,773,752,802,893,788
W,929,889,820,752,781,772,752,801,895,792
W,933,889,821,751,780,773,752,801,893,790
W,933,890,820,752,779,773,752,802,892,791
W,927,888,819,750,782,772,752,800,891,789
W,928,888,821,752,778,773,753,802,891,790
W,930,889,820,752,780,773,752,802,890,791
W,930,889,821,752,778,773,752,800,893,789
W,928,890,821,753,779,772,751,801,891,790
W,932,888,820,753,780,773,753,803,894,790
W,928,888,820,753,781,773,752,799,893,790
W,932,891,820,752,781,772,753,800,892,788
W,925,888,820,753,781,770,752,802,892,791
W,927,891,820,752,779,774,751,799,892,787
W,927,888,821,751,780,773,751,802,894,790
W,928,889,820,752,779,771,752,803,890,789
W,930,888,820,752,780,773,751,799,892,789
W,932,889,821,753,779,772,752,800,891,789
W,927,891,819,751,780,771,752,801,889,788
W,926,890,820,753,781,772,752,800,893,790
W,931,890,820,753,781,774,752,802,892,789
W,927,892,821,752,779,773,753,802,893,789
W,927,891,820,752,780,774,754,806,893,790
W,930,892,819,754,781,771,752,800,893,790
W,935,888,823,752,782,773,752,801,894,790
W,932,890,820,753,782,772,753,803,889,791
W,930,889,820,753,781,773,753,800,891,790
W,932,889,818,754,780,772,753,803,890,788
W,925,889,818,753,780,772,753,800,890,789
W,926,890,820,754,778,771,753,802,889,789
W,930,889,820,754,777,771,754,800,893,788
W,921,888,820,754,778,770,753,803,892,788
W,928,889,819,755,779,773,752,802,891,787
W,932,889,819,753,780,771,753,801,893,788
W,929,891,818,754,781,772,752,799,890,789
W,932,890,819,754,780,772,754,801,895,788
W,932,888,820,754,781,772,753,800,890,786
W,931,892,819,753,779,773,753,800,892,788
W,928,890,818,752,779,772,753,803,890,788
W,927,888,820,753,781,772,753,802,890,789
W,931,890,817,753,780,771,752,800,893,789
W,927,891,819,753,782,770,752,801,893,788
W,932,891,820,752,779,772,752,801,890,789
W,929,889,819,753,781,772,752,802,893,789
W,928,891,819,753,780,773,752,801,893,789
W,931,889,818,753,780,772,752,801,893,790
W,929,889,819,752,780,771,753,799,893,789
W,934,892,819,754,780,773,753,802,893,789
W,930,890,819,752,780,772,751,807,892,790
W,931,891,819,752,780,772,752,802,891,788
W,930,890,819,752,781,773,752,804,891,789
W,928,891,819,753,779,771,751,803,894,792
W,926,886,818,751,782,771,752,802,890,789
W,926,887,819,754,780,773,752,802,892,790
W,928,888,820,750,780,773,751,802,893,789
W,932,890,819,753,780,772,752,803,891,792
W,930,892,819,751,782,774,753,800,891,788
W,928,888,820,752,781,771,753,801,890,791
W,930,889,820,754,779,771,751,802,893,788
W,930,888,820,752,779,772,751,802,892,790
W,928,891,820,751,781,769,751,802,894,790
W,932,890,819,752,779,772,752,803,889,790
W,932,889,820,753,782,772,753,803,889,789
W,931,889,821,752,781,771,751,803,893,791
W,932,891,821,753,782,773,752,802,892,792
W,928,891,822,753,781,772,753,803,893,791
W,929,891,821,754,783,773,751,801,891,792
W,928,892,821,752,781,772,751,801,891,790
W,929,892,822,752,781,773,751,802,891,790
W,931,891,820,753,782,772,752,803,891,792
W,926,890,822,751,781,773,752,803,892,791
W,930,890,820,753,781,771,751,802,889,792
W,933,892,820,754,781,773,752,801,891,792
W,933,889,821,753,782,772,751,801,890,792
W,930,891,819,752,782,771,752,802,892,791
W,933,889,820,753,782,773,751,801,890,791
W,930,890,820,752,780,774,751,805,887,796
W,927,889,819,752,782,772,752,800,891,793
W,930,890,821,752,783,772,751,800,892,791
W,929,891,821,753,780,773,751,803,892,793
W,932,891,819,751,781,773,750,799,892,791
W,928,891,821,751,780,771,751,800,892,790
W,933,891,821,752,782,772,752,804,891,791
W,932,891,820,753,781,773,751,802,891,791
W,933,888,822,751,783,772,751,803,892,792
W,931,890,821,753,781,773,750,800,892,793
W,931,892,821,752,783,772,752,802,893,792
W,930,890,822,752,782,772,751,802,892,792
W,928,890,822,752,782,775,752,803,891,791
W,932,889,821,755,784,775,753,802,897,793
W,932,887,822,751,781,773,751,801,892,793
W,929,891,822,752,781,773,751,803,890,794
W,931,890,821,753,782,772,751,802,892,791
W,927,890,822,751,781,771,750,800,894,793
W,932,890,822,752,783,772,750,802,889,793
W,932,890,822,751,781,774,750,802,889,792
W,932,888,823,752,782,772,751,800,890,793
W,921,892,821,753,783,771,748,802,894,793
W,934,892,822,752,782,773,750,802,891,792
W,931,891,821,750,783,774,750,801,890,794
W,930,892,822,750,781,773,750,803,891,792
W,932,888,822,751,782,772,751,802,893,794
W,930,887,821,752,784,772,751,801,893,795
W,932,890,822,752,782,773,749,800,890,792
W,929,891,822,751,783,770,751,802,893,788
W,932,891,821,753,783,773,750,800,891,792
W,927,890,823,751,782,772,751,803,893,795
W,932,887,822,752,782,772,750,801,894,792
W,928,889,823,753,782,773,750,802,892,791
W,933,890,822,752,784,772,751,801,891,791
W,930,889,821,751,784,772,751,800,891,793
W,929,889,820,749,783,773,750,802,891,794
W,928,887,822,752,781,771,750,802,894,794
W,933,890,823,752,782,773,750,802,892,793
W,927,889,821,753,784,773,750,803,893,795
W,930,891,822,752,784,773,749,802,894,792
W,932,891,822,749,787,772,747,798,896,792
W,928,889,823,752,783,772,749,803,891,794
W,930,889,822,752,782,772,749,801,892,795
W,929,888,824,752,783,773,751,802,892,795
W,931,889,822,752,784,774,748,801,892,797
W,932,888,823,751,782,771,748,802,890,793
W,935,888,821,754,782,772,750,802,893,793
W,926,892,822,751,782,774,750,802,892,794
W,931,889,823,750,784,772,750,799,893,791
W,930,891,821,753,784,770,749,800,891,793
W,931,890,823,752,782,771,750,802,892,792
W,931,890,822,750,782,773,750,801,893,792
W,933,890,823,751,781,770,749,799,892,792
W,928,890,822,751,782,772,749,800,892,794
W,926,890,822,753,783,771,749,802,892,794
W,933,888,821,752,784,773,748,801,894,793
W,928,890,821,752,781,773,750,801,891,795
W,931,891,821,751,783,773,749,798,894,794
W,929,891,822,752,782,774,749,802,890,794
W,930,892,823,752,783,773,749,799,893,792
W,929,891,823,753,783,773,750,802,891,790
W,929,888,823,752,785,772,750,800,892,794
W,925,888,821,752,783,772,750,801,893,793
W,932,891,822,753,782,772,750,800,893,794
W,929,892,822,751,783,772,749,803,891,792
W,933,886,821,750,784,772,748,802,893,792
W,932,891,822,752,782,770,748,798,889,793
W,933,890,822,750,782,772,749,801,891,792
W,931,889,822,751,783,772,749,801,893,791
W,930,889,823,753,783,772,749,802,893,794
W,928,890,822,751,782,772,749,802,893,792
W,932,890,822,752,781,772,749,799,891,794
W,931,892,822,751,783,773,749,800,891,794
W,923,889,823,750,782,771,750,802,892,792
W,932,890,823,751,782,773,750,800,893,792
W,931,892,823,751,784,772,749,802,892,792
W,933,891,822,752,783,771,750,800,890,790
W,930,892,823,751,781,772,749,800,891,792
W,928,891,823,749,781,771,749,803,890,792
W,929,891,823,750,782,773,749,801,892,793
W,933,888,823,751,783,773,749,801,890,793
W,930,889,823,751,781,771,749,801,892,793
W,930,891,823,750,781,772,750,799,893,792
W,933,888,823,750,782,773,749,801,892,791
W,929,890,823,751,782,773,750,800,894,791
W,930,885,822,752,782,772,749,800,892,791
W,932,889,823,752,782,772,748,799,890,790
W,929,892,823,751,782,773,749,800,891,791
W,932,891,823,751,782,772,748,801,893,788
W,932,889,822,750,780,773,749,802,890,792
W,929,893,821,750,783,772,749,801,893,791
W,930,889,822,750,781,770,748,800,895,792
W,928,890,823,751,783,773,749,801,892,791
W,929,888,821,752,780,771,749,802,890,790
W,927,889,822,749,779,772,748,802,892,790
W,931,891,823,750,783,771,750,800,889,790
W,933,889,823,752,782,772,749,801,894,789
W,932,888,822,752,780,773,749,800,890,787
W,935,893,822,751,781,771,750,799,890,789
W,932,891,822,752,779,773,749,803,890,788
W,928,889,822,752,780,772,749,804,893,784
W,930,892,822,752,780,773,749,801,890,786
W,927,888,821,748,783,770,748,801,892,786
W,932,888,823,751,780,773,749,801,891,787
W,930,890,824,750,783,772,749,803,891,787
W,932,890,822,751,782,772,750,802,892,784
W,932,891,823,752,782,772,749,803,889,785
W,930,891,824,750,783,773,749,800,891,786
W,934,890,823,751,781,773,748,799,891,790
W,934,889,822,751,782,772,749,802,887,784
W,934,891,822,751,781,772,749,800,891,787
W,930,891,823,751,780,772,748,801,893,786
W,929,889,824,751,782,772,750,801,891,785
W,931,889,824,749,780,771,750,800,892,784
W,933,890,823,751,781,772,749,801,891,785
W,927,886,824,750,780,773,750,799,891,784
W,928,888,824,750,779,772,748,800,891,787
W,927,889,823,751,782,773,750,802,889,786
W,932,887,823,751,786,774,750,803,889,785
W,934,889,822,752,786,771,750,802,889,785
W,929,892,824,749,785,772,751,802,889,786
W,930,891,823,751,786,773,751,799,888,784
W,934,889,823,750,781,771,751,803,893,790
W,931,891,824,750,781,773,750,800,892,787
W,928,890,823,750,781,772,751,801,888,785
W,933,891,823,750,778,773,752,802,889,788
W,930,890,824,752,786,773,752,801,887,785
W,935,891,824,751,785,773,753,801,891,784
W,928,890,822,751,785,774,750,800,889,783
W,931,891,824,750,786,772,753,800,890,787
W,934,891,823,750,785,772,751,802,889,787
W,933,889,823,750,785,772,752,800,891,786
W,931,890,824,750,785,770,753,803,888,786
W,927,889,824,749,785,773,753,799,891,786
W,930,888,824,750,785,771,755,800,890,782
W,927,889,824,752,783,773,752,800,889,787
W,925,888,826,750,780,773,752,801,888,785
W,932,890,825,750,784,772,752,801,891,786
W,930,889,824,750,782,773,752,795,890,788
W,927,891,824,750,782,773,752,802,887,785
W,931,890,825,751,783,772,752,801,890,786
W,931,890,824,752,784,773,752,801,891,785
W,929,888,825,749,783,772,752,801,890,785
W,932,889,825,750,784,772,750,800,890,788
W,930,890,822,750,785,773,750,800,890,788
W,932,890,824,751,785,772,751,802,888,785
W,933,890,823,751,785,772,752,800,888,786
W,930,888,825,751,783,773,750,801,888,786
W,932,890,825,751,784,772,750,800,887,786
W,928,891,824,751,783,772,751,801,891,787
W,929,892,825,751,783,773,751,801,890,786
W,929,890,824,751,782,773,751,801,890,788
W,929,888,824,750,782,773,750,803,889,786
W,931,889,825,752,782,771,750,799,892,787
W,928,890,824,750,780,772,750,802,890,787
W,931,891,826,750,781,772,750,803,891,789
W,927,888,825,752,780,773,750,802,890,790
W,930,889,824,752,780,773,750,799,890,788
W,929,889,825,750,780,771,750,802,889,789
W,925,892,826,751,780,772,750,799,889,788
W,929,890,825,750,781,772,750,799,890,787
W,929,888,824,750,782,772,750,799,890,788
W,927,887,825,750,781,771,749,801,888,789
W,931,891,824,750,782,771,750,801,890,790
W,932,889,825,749,778,771,750,802,888,790
W,931,891,824,751,782,771,749,802,887,787
W,930,888,826,750,781,772,750,799,888,789
W,931,890,825,751,779,773,749,803,891,788
W,929,890,823,749,782,770,751,801,890,788
W,933,890,825,752,782,773,751,799,890,790
W,930,890,824,750,780,773,749,799,888,790
W,931,890,825,751,780,771,750,799,888,789
W,929,890,824,751,781,773,749,800,892,789
W,933,890,825,750,780,772,749,799,890,789
W,931,889,825,752,781,773,750,800,888,789
W,928,890,825,752,780,771,749,801,890,790
W,931,888,824,752,781,773,750,799,889,789
W,928,890,826,751,781,773,749,800,890,789
W,928,890,823,752,783,772,750,798,889,787
W,927,887,825,752,785,772,749,800,888,792
W,933,888,825,750,784,773,750,800,886,791
W,929,890,824,750,785,774,750,801,889,790
W,939,889,823,751,784,773,750,800,890,791
W,933,889,826,752,785,772,750,800,890,789
W,931,889,824,751,785,773,750,800,891,789
W,927,888,824,752,784,772,750,802,892,792
W,932,888,824,750,783,771,751,800,888,789
W,929,891,825,750,785,771,749,798,889,791
W,930,889,825,752,785,772,749,802,887,791
W,926,891,825,749,785,772,749,799,887,789
W,931,889,824,751,784,774,749,799,890,789
W,927,892,824,750,784,773,749,800,889,791
W,933,890,826,751,784,773,749,799,890,789
W,931,889,825,751,784,773,750,799,888,790
W,930,893,825,750,788,772,751,798,890,792
W,930,889,826,751,785,773,750,801,888,792
W,926,887,824,752,783,773,749,798,887,790
W,929,888,825,750,782,773,750,802,889,792
W,927,890,824,750,783,774,750,800,889,790
W,934,887,824,749,783,774,748,799,887,791
W,930,890,825,752,787,773,750,801,891,791
W,926,891,825,751,783,771,751,799,888,790
W,928,887,824,751,783,774,748,799,890,791
W,931,889,826,751,781,773,750,799,887,790
W,934,891,825,750,782,773,749,798,889,789
W,931,888,825,751,783,773,749,799,890,789
W,939,887,825,751,782,774,749,800,888,790
W,934,891,822,751,783,773,749,801,889,790
W,933,887,827,751,782,771,749,800,888,792
W,932,889,825,752,781,772,749,802,890,792
W,925,892,825,750,784,772,749,799,889,791
W,930,891,824,751,782,772,748,800,891,790
W,925,892,824,750,783,774,750,799,890,791
W,928,890,823,752,784,773,750,800,890,790
W,929,889,826,752,783,771,751,797,889,790
W,926,890,826,751,782,773,750,799,891,791
W,932,890,825,751,783,772,751,802,887,793
W,926,891,826,752,783,773,749,799,890,792
W,928,890,825,751,782,772,750,801,890,790
W,933,888,826,752,782,771,749,801,888,793
W,932,889,823,751,782,773,750,799,889,789
W,925,889,824,751,782,772,749,799,890,790
W,930,889,825,753,782,773,750,801,890,790
W,933,888,824,752,783,770,750,801,889,791
W,926,889,826,753,782,771,749,799,891,792
W,930,888,826,751,783,772,749,800,889,791
W,931,890,826,752,781,772,750,798,890,791
W,930,891,826,753,783,772,750,800,887,790
W,934,889,825,752,781,771,750,801,888,789
W,932,891,825,751,783,773,749,799,888,790
W,927,890,825,752,785,772,749,802,892,790
W,926,888,824,752,781,773,749,800,888,790
W,929,891,825,751,783,772,749,801,888,793
W,933,891,826,752,782,773,750,799,889,792
W,930,889,825,753,782,773,750,800,886,791
W,935,889,826,752,779,773,750,800,889,790
W,931,889,825,750,778,772,751,795,892,793
W,927,891,825,753,782,772,750,801,890,789
W,929,889,823,753,782,773,751,800,891,790
W,931,888,827,749,782,772,748,801,889,791
W,926,888,826,751,781,773,750,801,886,792
W,933,889,825,753,781,773,751,801,890,788
W,928,890,825,752,784,774,750,798,890,792
W,933,891,824,752,781,773,749,799,890,790
W,929,890,825,752,782,774,748,800,888,788
W,932,888,825,753,781,773,750,799,888,791
W,928,889,826,749,784,773,750,799,887,790
W,931,891,825,752,784,772,749,799,888,791
W,929,887,823,753,783,772,750,800,890,789
W,927,891,826,751,780,775,751,802,888,789
W,928,886,825,752,782,773,750,800,889,792
W,932,891,825,751,783,772,750,801,888,791
W,934,889,825,753,783,772,749,801,888,789
W,931,891,825,752,781,773,751,801,887,790
W,928,889,825,753,782,774,750,799,889,790
W,926,887,826,753,780,772,750,801,893,788
W,926,889,826,752,778,773,749,799,890,791
W,932,891,825,752,782,772,750,801,888,790
W,929,892,825,751,780,772,749,800,889,792
W,930,889,824,751,781,773,751,798,893,791
W,929,889,826,752,780,772,750,800,889,790
W,932,892,825,751,783,772,749,801,890,791
W,930,890,826,751,782,771,751,799,889,790
W,930,890,826,748,780,772,750,800,888,789
W,928,891,825,752,780,773,750,800,891,790
W,932,889,826,750,782,773,750,800,887,790
W,932,892,826,751,781,773,750,799,889,789
W,933,891,825,753,782,772,750,800,888,789
W,925,891,825,752,780,771,749,801,890,790
W,932,889,825,751,781,771,750,800,888,788
W,934,887,824,750,781,772,751,800,889,790
W,928,888,826,752,780,773,749,800,889,791
W,932,888,825,751,780,771,750,798,890,788
W,932,889,824,750,780,773,750,800,889,789
W,932,890,825,751,781,772,750,802,890,790
W,928,893,826,752,781,773,749,799,887,791
W,933,887,826,751,780,771,749,801,889,791
W,927,893,824,750,780,771,750,799,887,790
W,928,891,825,751,781,770,750,801,888,789
W,927,891,826,751,781,775,751,800,891,789
W,931,890,825,752,780,772,749,801,887,787
W,934,887,825,752,780,774,749,802,891,789
W,928,890,825,752,781,773,749,800,889,789
W,929,891,823,751,782,770,749,796,889,790
W,932,888,826,753,781,771,749,800,889,789
W,934,888,825,751,782,774,749,801,891,789
W,928,888,826,750,782,773,750,799,888,790
W,929,894,824,750,780,772,749,800,888,790
W,929,889,823,753,780,772,749,800,890,790
W,929,889,825,752,779,773,750,802,888,790
W,932,891,825,754,782,772,751,800,888,790
W,933,889,825,757,779,772,750,801,890,790
W,931,889,823,760,781,772,750,800,886,791
W,931,889,823,762,781,774,750,800,889,790
W,931,890,822,759,782,772,750,801,887,789
W,933,889,824,759,781,773,749,802,888,789
W,934,889,823,754,780,772,749,800,889,790
W,928,889,823,756,780,773,750,799,891,789
W,928,890,822,755,781,773,749,800,887,788
W,930,888,823,755,780,772,750,799,892,789
W,929,889,822,755,781,773,748,800,887,789
W,926,890,820,753,782,773,748,800,889,791
W,932,888,823,755,782,773,749,800,888,791
W,930,891,822,752,781,772,750,801,888,790
W,928,888,822,754,779,773,750,800,889,791
W,927,890,822,753,779,773,750,801,891,788
W,929,889,820,753,781,773,749,801,890,790
W,931,890,821,755,779,772,749,795,888,790
W,928,891,821,755,780,772,750,797,888,791
W,929,891,822,755,779,772,750,799,888,789
W,926,887,821,753,780,770,751,799,888,790
W,928,889,822,754,780,772,750,799,887,789
W,927,889,822,753,779,772,750,799,891,792
W,924,888,822,754,781,772,750,800,889,789
W,931,889,821,755,778,774,751,800,890,789
W,930,887,821,755,781,773,750,798,889,789
W,931,889,820,754,781,772,750,798,887,791
W,929,888,823,755,781,772,749,800,889,790
W,931,889,821,754,779,771,750,798,887,789
W,932,889,821,754,782,773,750,799,889,789
W,927,889,822,754,780,773,749,799,891,789
W,929,895,820,752,781,771,750,799,891,792
W,927,888,822,754,781,772,750,801,889,790
W,931,889,822,754,780,772,750,799,893,793
W,926,889,820,753,779,772,751,799,889,789
W,932,896,822,751,780,773,751,801,891,788
W,930,887,821,753,779,772,750,799,890,788
W,934,893,822,755,782,772,749,797,886,791
W,931,888,821,754,781,774,750,798,890,789
W,934,892,820,753,779,773,750,799,888,788
W,932,887,821,753,779,771,749,799,889,789
W,929,889,820,755,782,772,749,799,890,791
W,930,889,820,753,781,772,750,800,888,790
W,929,890,822,752,782,772,750,798,889,790
W,927,888,820,753,779,773,749,800,887,789
W,928,888,820,753,780,773,750,800,887,790
W,927,887,820,755,780,771,748,801,890,790
W,929,889,822,752,780,770,751,799,889,791
W,933,891,821,753,781,772,750,799,888,788
W,932,888,822,753,781,771,749,799,887,790
W,932,888,821,752,780,772,751,798,889,790
W,930,888,821,754,780,771,750,798,887,791
W,927,890,819,755,780,772,751,798,890,790
W,931,890,821,753,780,773,748,798,887,791
W,927,888,820,752,781,771,749,797,886,789
W,930,892,821,751,781,773,750,799,887,791
W,929,888,821,753,781,773,750,800,886,789
W,932,888,822,752,781,773,750,800,888,790
W,928,889,820,753,780,773,750,800,890,791
W,931,889,820,754,781,772,751,798,888,790
W,927,891,821,753,781,773,751,799,891,788
W,934,891,822,754,781,771,749,800,888,789
W,927,891,821,754,781,772,750,798,889,788
W,926,890,822,754,780,773,750,799,889,789
W,933,890,820,753,780,772,751,798,890,788
W,933,889,822,753,782,772,750,798,890,790
W,927,889,822,754,784,772,749,798,890,789
W,928,890,822,754,787,773,750,798,887,788
W,931,890,822,753,787,772,752,799,888,789
W,928,887,820,753,788,772,750,800,890,791
W,930,890,821,753,787,773,753,799,888,789
W,933,888,820,753,794,771,751,798,890,790
W,927,888,822,753,798,775,752,800,889,789
W,925,890,822,754,798,774,753,798,890,789
W,930,890,821,753,796,773,751,799,889,788
W,926,891,820,756,791,769,754,802,889,788
W,930,890,821,754,790,774,752,800,889,789
W,928,892,820,754,788,773,752,801,890,790
W,931,889,821,753,789,771,752,800,888,791
W,930,890,821,754,790,771,752,799,892,790
W,930,892,822,754,787,772,751,799,889,791
W,930,889,820,752,786,771,753,799,890,790
W,931,889,821,754,787,772,752,797,889,789
W,927,887,820,754,785,773,752,798,889,791
W,924,889,821,753,783,772,753,801,887,791
W,929,890,820,752,786,774,753,797,888,790
W,932,888,821,753,784,774,752,798,889,789
W,930,890,822,754,784,772,752,800,887,789
W,930,890,821,755,783,773,753,799,890,790
W,927,890,822,753,782,774,754,799,888,789
W,932,890,820,753,782,773,752,799,887,789
W,933,889,820,756,782,773,752,800,888,790
W,929,888,820,754,787,772,752,799,887,791
W,931,890,821,753,785,774,752,799,890,789
W,934,888,821,755,787,772,753,799,890,791
W,926,890,820,755,786,772,751,798,889,789
W,927,890,822,754,788,773,752,800,889,791
W,927,893,820,753,787,772,752,798,886,790
W,930,888,821,752,787,772,753,800,890,790
W,927,892,820,753,786,772,752,800,885,790
W,928,891,821,754,786,771,752,799,887,789
W,930,891,820,754,786,773,752,799,890,789
W,929,888,823,750,785,774,754,798,887,790
W,930,888,822,755,781,773,752,797,890,792
W,927,889,821,755,782,773,751,801,886,788
W,930,890,821,754,783,772,752,800,888,789
W,928,892,820,753,781,773,753,798,889,789
W,925,889,821,754,782,773,753,798,888,788
W,932,889,821,754,782,773,752,799,891,790
W,929,888,821,754,780,774,752,798,886,789
W,931,887,821,754,785,775,752,800,888,790
W,928,891,820,753,782,775,752,799,889,790
W,929,887,821,754,783,772,753,800,890,791
W,927,889,820,752,781,771,753,800,886,789
W,928,889,820,752,780,772,752,799,888,789
W,929,888,821,753,779,772,754,801,888,790
W,928,889,821,752,780,773,752,799,889,788
W,928,888,822,752,780,773,753,800,887,789
W,926,890,822,753,780,772,753,801,890,789
W,929,887,823,753,779,773,753,799,886,789
W,928,888,821,752,780,775,752,798,888,791
W,924,889,821,753,778,774,754,800,889,789
W,931,890,821,754,780,772,754,799,889,790
W,928,890,822,754,779,773,754,799,888,789
W,928,891,822,755,778,773,753,797,887,789
W,929,887,822,753,780,772,754,797,887,788
W,931,890,822,752,779,772,752,798,889,790
W,930,889,822,754,779,773,752,800,890,791
W,930,887,822,752,780,772,752,798,889,789
W,930,888,822,754,779,774,753,799,887,788
W,926,889,823,752,777,772,753,799,889,791
W,931,889,822,753,779,772,752,799,888,791
W,928,890,822,753,779,772,753,799,890,790
W,926,890,822,752,780,773,752,798,887,789
W,931,891,820,753,780,774,752,799,887,791
W,929,889,822,753,780,774,751,800,888,787
W,932,890,822,752,778,773,753,799,890,789
W,930,890,822,752,778,773,753,799,888,790
W,928,892,822,753,778,773,751,798,887,791
W,924,890,822,753,780,772,754,797,889,789
W,927,890,821,753,780,773,751,800,888,789
W,925,889,822,753,779,772,752,800,887,790
W,928,888,822,752,778,774,753,798,890,789
W,927,890,822,753,780,772,752,799,891,789
W,928,888,822,753,780,772,751,801,887,788
W,929,887,823,752,779,773,752,800,886,789
W,935,891,822,750,784,773,752,801,890,792
W,929,887,824,753,788,773,752,797,889,790
W,925,890,822,753,787,773,751,798,887,790
W,929,889,824,753,787,772,751,801,888,791
W,928,889,824,751,786,773,752,799,889,789
W,930,887,824,753,788,771,751,798,888,789
W,931,890,823,750,785,773,751,798,888,789
W,928,888,823,752,789,773,751,798,887,790
W,928,890,823,751,786,773,750,800,889,789
W,927,892,823,751,786,773,750,797,889,790
W,930,891,823,752,786,771,750,797,888,791
W,930,890,822,752,786,773,751,797,886,788
W,928,887,824,751,784,772,751,798,888,791
W,930,889,823,752,783,772,751,797,890,788
W,930,888,823,751,789,772,751,800,888,788
W,933,889,823,750,790,774,751,799,885,790
W,931,890,822,752,783,773,751,800,889,790
W,926,887,824,752,782,771,751,798,887,790
W,931,890,822,752,784,774,750,801,888,788
W,932,888,823,751,785,772,751,800,890,787
W,932,890,824,752,783,773,750,800,889,790
W,930,891,823,751,779,771,751,798,886,790
W,927,887,823,752,781,772,752,800,889,789
W,934,888,823,753,781,772,752,798,887,789
W,927,889,823,752,780,772,751,798,890,790
W,931,891,824,750,781,773,751,798,889,789
W,929,890,822,750,780,772,752,799,889,790
W,930,889,823,751,780,773,751,797,888,789
W,927,888,825,752,781,773,749,802,885,788
W,927,890,823,752,780,773,750,800,887,790
W,925,887,823,752,781,770,751,798,889,789
W,927,887,824,752,780,772,751,800,889,788
W,932,889,823,752,782,773,750,799,886,788
W,932,891,822,750,782,774,750,799,887,789
W,931,887,822,753,780,775,751,798,886,788
W,926,888,824,752,782,772,752,798,888,789
W,927,890,823,750,785,774,751,800,889,788
W,928,888,821,751,783,772,751,801,886,790
W,930,889,822,750,783,773,751,800,889,790
W,932,890,821,752,784,772,750,797,887,789
W,931,890,823,751,785,772,751,798,890,788
W,934,890,822,752,787,773,751,800,888,790
W,929,890,823,751,786,771,750,799,889,789
W,930,889,823,752,780,774,751,801,887,789
W,928,890,821,753,780,774,751,799,890,789
W,930,889,823,752,783,772,750,796,889,789
W,927,887,824,752,782,773,752,801,889,787
W,932,889,823,750,783,772,750,797,887,790
W,929,891,822,751,781,773,752,799,890,789
W,928,889,823,753,780,773,751,800,888,788
W,931,891,823,750,780,773,751,800,888,787
W,926,891,824,751,784,772,749,800,890,789
W,928,892,823,753,784,774,751,801,889,788
W,933,890,824,752,783,773,751,799,888,788
W,929,887,824,754,785,771,751,799,890,788
W,933,892,823,751,782,773,750,800,886,790
W,930,891,823,751,782,772,752,798,886,788
W,932,888,822,751,784,773,751,800,889,787
W,930,890,823,753,782,773,751,799,885,788
W,930,890,824,753,779,772,751,798,891,787
W,931,890,824,754,780,774,750,800,888,788
W,929,889,823,754,781,772,751,796,892,791
W,928,892,822,754,783,773,751,800,889,788
W,928,891,823,754,781,773,751,800,890,786
W,927,887,822,755,780,774,750,798,886,790
W,928,887,823,753,782,772,750,799,888,789
W,925,888,823,751,780,776,751,799,887,789
W,927,892,823,754,781,773,751,800,888,788
W,929,888,823,753,782,772,752,799,888,788
W,928,890,823,754,780,771,752,797,886,785
W,931,889,822,753,781,774,751,797,887,789
W,926,889,823,755,781,772,753,799,886,788
W,929,890,823,754,780,773,751,799,888,789
W,932,888,822,753,781,774,752,798,888,789
W,932,888,823,753,781,774,751,801,889,787
W,927,890,823,753,780,774,752,799,886,788
W,930,889,822,754,782,773,751,801,887,786
W,932,888,822,754,780,773,752,800,889,786
W,927,891,823,755,781,772,752,798,889,789
W,928,889,822,754,780,774,751,798,889,789
W,927,890,824,753,780,774,752,799,889,789
W,930,889,823,754,781,773,751,800,888,787
W,927,888,822,753,779,772,752,799,886,786
W,928,888,823,753,779,771,752,798,886,788
W,925,888,823,753,781,771,751,797,886,788
W,925,889,822,752,780,773,750,799,889,788
W,931,887,821,753,780,772,751,797,886,788
W,928,889,823,752,782,772,750,800,887,789
W,933,892,824,751,779,773,750,799,887,787
W,930,891,823,753,779,773,751,799,888,788
W,932,890,823,754,779,771,750,799,886,786
W,927,888,823,753,780,771,749,797,887,788
W,920,887,822,753,783,773,751,798,885,787
W,928,889,823,752,780,773,751,801,889,787
W,928,890,823,753,780,772,751,798,886,789
W,929,888,824,754,778,773,751,799,887,787
W,927,889,822,754,780,773,751,797,888,788
W,929,891,823,752,783,770,750,796,889,788
W,930,890,822,754,781,773,751,801,885,790
W,928,889,823,755,780,774,751,799,886,788
W,929,889,823,753,780,773,751,800,888,785
W,929,891,823,755,776,774,750,799,889,789
W,932,889,824,752,780,773,751,798,886,786
W,928,889,823,753,781,773,751,799,888,789
W,925,887,823,754,779,774,750,799,888,787
W,925,888,823,752,781,772,751,798,889,788
W,931,890,823,752,781,774,751,800,889,786
W,931,890,822,754,781,772,751,798,888,786
W,928,890,822,753,780,772,750,798,885,789
W,928,887,823,754,780,772,750,797,888,788
W,930,889,823,754,781,774,749,798,889,787
W,926,890,823,753,781,772,750,798,889,786
W,932,890,823,753,779,773,750,799,889,789
W,930,888,823,752,780,773,751,799,890,786
W,931,887,824,754,781,773,750,800,888,788
W,925,891,822,753,780,774,751,799,889,786
W,925,891,823,754,779,773,750,798,888,786
W,926,887,822,753,781,773,751,800,884,785
W,927,888,822,751,782,772,751,800,888,788
W,931,888,822,754,779,772,751,799,889,786
W,929,890,823,753,781,773,750,799,886,787
W,922,888,824,750,780,773,751,797,889,789
W,930,888,824,753,781,773,750,801,888,788
W,926,890,822,754,781,773,751,799,886,789
W,930,888,823,752,781,772,750,798,886,787
W,932,892,820,754,782,772,750,798,887,789
W,927,890,822,754,779,773,751,800,886,787
W,929,888,823,752,780,773,750,800,888,788
W,930,888,824,752,780,773,750,800,890,787
W,925,892,825,755,780,773,750,798,886,788
W,931,891,824,753,779,774,750,798,887,789
W,924,890,822,752,783,772,749,796,889,788
W,927,887,823,751,779,771,751,800,890,788
W,927,892,824,752,781,770,751,797,890,789
W,924,888,824,751,783,773,751,797,887,789
W,930,888,824,753,781,774,751,801,889,788
W,929,890,824,754,780,773,752,797,888,789
W,926,889,823,753,782,772,751,798,888,789
W,926,887,823,751,783,773,751,799,885,789
W,929,888,824,752,780,772,749,796,888,787
W,927,889,823,753,782,772,749,799,891,788
W,928,891,824,752,783,774,750,794,886,787
W,931,888,822,754,782,771,751,800,886,787
W,929,887,823,754,783,772,750,798,887,788
W,923,889,824,752,783,773,752,798,888,786
W,928,890,824,754,783,773,751,799,885,787
W,926,887,823,753,785,773,750,799,889,788
W,930,891,823,752,787,773,751,800,888,789
W,926,887,823,752,783,773,751,800,887,790
W,927,890,823,753,783,772,750,800,888,792
W,931,888,824,754,782,773,751,799,889,790
W,926,890,824,750,785,772,752,798,887,789
W,928,889,823,753,784,772,751,795,887,788
W,929,887,823,752,785,771,750,799,889,790
W,931,888,824,752,784,774,751,801,887,791
W,933,889,824,753,784,774,751,800,888,791
W,928,889,823,754,785,772,751,800,886,789
W,925,889,823,755,786,775,750,798,888,791
W,928,890,824,752,783,773,751,800,889,789
W,935,889,822,753,785,773,751,798,888,788
W,929,889,824,752,786,773,751,801,888,790
W,927,886,824,752,785,772,752,799,888,790
W,925,888,824,754,783,772,751,799,886,790
W,928,888,824,754,784,773,751,798,890,791
W,929,888,824,754,784,774,750,800,888,789
W,928,890,824,752,785,773,752,797,887,789
W,928,890,823,752,786,773,751,799,886,789
W,923,890,823,753,785,771,751,799,887,791
W,928,888,824,754,784,774,752,798,886,789
W,926,886,823,754,785,772,750,797,888,790
W,932,893,822,752,785,772,752,800,886,789
W,930,889,823,752,783,773,750,799,887,790
W,928,889,824,752,786,773,751,799,890,791
W,932,888,825,754,784,772,751,799,885,790
W,931,890,827,753,785,772,752,797,887,789
W,931,890,823,753,783,773,751,799,888,790
W,932,889,824,753,783,772,751,799,891,788
W,925,891,823,755,782,773,752,800,887,789
W,926,891,822,753,784,774,750,800,888,792
W,926,887,824,756,785,773,751,801,888,789
W,925,890,824,755,785,772,751,800,886,795
W,926,891,824,754,783,774,750,799,885,791
W,929,889,823,755,786,772,750,798,887,791
W,929,889,823,753,784,773,750,799,887,790
W,929,887,824,754,783,773,752,800,887,791
W,928,887,823,754,785,773,750,800,889,791
W,928,888,824,753,783,774,751,799,889,790
W,927,886,826,751,786,774,752,799,888,789
W,931,888,824,752,783,774,751,799,888,790
W,930,888,824,754,784,772,751,797,888,790
W,925,888,824,752,784,772,750,797,886,792
W,923,891,823,753,784,772,751,799,889,790
W,931,888,824,754,783,772,751,800,887,789
W,932,888,824,753,782,774,751,799,886,791
W,929,888,824,753,783,773,751,800,886,791
W,930,888,823,753,784,773,751,800,890,791
W,932,890,823,754,783,772,752,801,887,790
W,930,889,823,753,784,773,751,803,889,792
W,926,888,824,754,782,772,751,797,886,791
W,933,889,825,752,785,773,750,800,887,792
W,932,890,822,753,785,774,751,801,890,792
W,931,890,825,754,787,774,751,799,890,792
W,933,888,823,755,785,773,750,800,888,793
W,932,890,824,754,784,774,750,798,891,794
W,933,889,824,753,786,774,753,800,890,791
W,932,889,821,754,785,773,752,799,888,792
W,928,889,824,754,784,771,751,798,890,793
W,931,888,823,754,785,774,751,800,887,791
W,928,888,824,753,784,772,751,799,888,791
W,928,888,824,754,783,774,751,797,889,790
W,931,890,822,754,783,773,751,800,890,792
W,932,891,824,755,782,773,752,798,889,793
W,928,887,823,753,781,772,751,801,887,792
W,927,888,823,755,784,774,751,798,888,790
W,931,890,824,752,781,771,753,795,886,792
W,931,890,823,754,783,773,752,799,890,791
W,931,887,823,753,781,775,752,801,889,793
W,934,889,822,753,780,772,750,798,887,792
W,929,891,822,752,780,773,750,800,889,790
W,933,890,823,754,783,774,752,799,890,791
W,933,890,824,753,780,772,752,798,887,792
W,929,890,823,753,781,772,751,799,888,791
W,933,889,824,751,780,772,750,798,888,788
W,932,889,822,753,782,772,751,797,888,790
W,928,887,823,754,781,772,751,798,888,791
W,934,890,824,751,780,773,752,797,888,791
W,934,890,823,752,780,774,751,798,886,790
W,936,884,825,751,777,773,751,798,888,791
W,931,889,822,760,783,771,750,796,891,788
W,929,889,822,756,780,772,751,798,887,791
W,932,891,823,757,781,773,751,796,885,790
W,933,889,823,756,784,772,752,798,888,787
W,934,889,824,756,782,772,752,798,885,790
W,929,889,823,756,781,774,752,798,887,790
W,930,890,823,758,782,772,752,799,888,788
W,933,889,822,758,782,774,752,797,890,789
W,934,891,823,758,781,771,752,797,887,790
W,929,891,822,757,782,772,752,797,889,789
W,928,888,822,755,782,772,753,798,889,791
W,927,889,824,756,782,774,752,798,887,789
W,928,887,823,755,780,773,751,797,888,788
W,928,886,822,758,780,771,751,800,887,788
W,927,887,821,757,781,772,752,797,886,790
W,930,887,823,756,784,770,752,794,884,790
W,936,889,824,757,783,773,752,799,886,790
W,929,887,822,757,784,772,752,797,887,790
W,926,888,822,758,783,771,753,799,888,791
W,927,891,823,758,784,772,753,799,889,791
W,927,889,822,759,786,774,751,801,889,784
W,927,891,822,755,784,772,752,797,888,789
W,931,891,822,758,783,773,750,798,887,790
W,934,888,823,760,784,773,752,799,888,787
W,927,889,822,755,782,773,753,797,890,791
W,928,890,824,753,782,771,752,797,889,791
W,933,888,822,756,784,773,753,797,887,790
W,930,890,822,753,782,773,753,798,889,789
W,933,886,823,754,783,772,753,797,889,789
W,928,887,821,753,784,772,752,799,887,791
W,927,890,821,755,783,771,752,799,886,788
W,930,887,822,754,784,772,752,796,890,788
W,929,889,821,754,782,772,751,798,886,790
W,929,889,823,756,784,771,752,797,889,790
W,928,888,821,754,785,772,751,799,888,789
W,926,892,821,756,784,774,752,798,888,788
W,932,890,822,753,785,773,752,798,885,787
W,928,889,820,753,784,772,753,798,889,789
W,932,889,822,755,785,771,751,797,885,788
W,927,889,822,753,783,771,753,796,888,788
W,929,889,822,753,784,772,751,798,888,790
W,927,890,821,754,786,772,751,800,888,789
W,927,890,820,755,785,773,751,796,888,792
W,930,890,820,756,783,772,753,797,886,789
W,928,887,819,754,784,771,751,797,886,790
W,931,888,820,753,780,773,752,800,889,790
W,928,887,819,754,780,771,753,797,887,791
W,930,889,821,755,781,771,752,796,887,790
W,929,892,822,753,780,773,752,798,888,787
W,931,888,820,756,780,772,751,797,885,789
W,932,891,821,754,780,772,752,799,886,789
W,932,892,820,756,779,772,752,798,888,789
W,931,890,819,756,779,771,753,797,887,788
W,930,891,820,754,780,771,751,799,888,788
W,932,887,821,755,780,772,751,797,888,789
W,932,887,822,755,779,771,751,798,889,788
W,929,892,821,755,778,772,751,798,888,791
W,933,892,820,755,779,772,751,800,885,788
W,935,888,820,754,779,772,752,798,888,790
W,928,888,820,754,780,775,749,796,886,789
W,928,888,820,755,781,772,751,798,885,788
W,931,890,822,755,780,772,752,799,885,789
W,936,889,821,754,780,772,753,799,889,789
W,931,888,819,754,779,773,751,797,887,789
W,928,889,820,755,779,772,751,798,889,790
W,930,891,821,753,778,772,753,799,887,789
W,925,887,819,755,779,772,752,798,888,791
W,932,888,820,754,780,773,752,799,884,788
W,929,890,822,755,779,772,752,801,887,791
W,927,887,821,755,778,770,751,799,886,790
W,935,889,822,754,779,772,753,798,887,788
W,930,891,821,755,779,773,750,797,886,788
W,931,889,821,753,779,773,752,799,888,791
W,930,887,821,754,779,773,752,797,884,786
W,931,887,822,754,780,770,751,797,889,790
W,930,888,820,755,776,771,752,797,886,788
W,932,887,820,755,781,772,751,801,889,791
W,932,890,821,755,780,772,752,798,891,789
W,931,889,821,754,780,772,752,798,886,789
W,933,886,822,755,778,773,750,797,889,788
W,929,890,821,754,779,772,751,798,885,788
W,930,889,822,755,781,772,751,799,888,789
W,930,888,821,751,784,776,752,799,887,790
W,930,886,821,755,778,772,752,797,888,789
W,931,890,821,754,778,772,752,798,888,789
W,928,890,820,754,779,771,752,797,886,789
W,929,890,821,754,779,770,752,797,889,787
W,928,887,821,754,780,773,750,797,885,788
W,929,891,820,753,779,772,752,799,888,788
W,930,890,821,754,780,772,753,797,887,791
W,931,888,820,753,779,772,752,797,887,789
W,928,889,820,754,779,771,750,799,886,790
W,930,888,820,752,778,773,750,798,890,788
W,926,890,821,755,779,773,751,800,888,790
W,928,887,819,753,779,774,751,797,888,789
W,932,892,820,756,777,772,752,799,886,790
W,931,890,820,755,779,772,751,798,887,789
W,930,889,821,753,780,771,751,798,889,790
W,930,890,820,754,780,771,751,800,885,788
W,930,885,820,755,782,772,750,799,886,790
W,929,888,820,754,779,772,751,797,890,791
W,931,891,820,753,780,771,752,799,886,789
W,926,888,819,754,779,772,752,797,888,788
W,925,887,820,752,780,772,751,796,886,791
W,932,890,819,751,780,771,751,799,888,789
W,928,887,820,753,779,773,751,799,884,791
W,927,887,818,751,779,772,751,796,885,790
W,927,889,821,754,778,773,750,797,887,788
W,934,892,820,753,779,773,751,797,888,788
W,926,889,820,753,779,772,753,796,886,788
W,931,891,820,755,779,772,752,798,889,790
W,928,887,820,754,779,772,751,799,888,791
W,931,890,819,753,779,773,752,798,888,788
W,928,887,820,753,780,773,750,798,885,789
W,929,885,820,753,780,772,752,797,886,790
W,926,888,819,752,778,772,751,797,887,791
W,937,887,821,755,778,771,750,797,887,789
W,928,890,820,754,780,771,752,800,885,791
W,927,888,820,753,779,772,752,796,889,787
W,932,888,819,752,779,772,750,799,887,790
W,932,888,818,752,779,772,751,797,887,789
W,930,890,821,752,781,773,751,799,886,789
W,931,889,819,753,779,772,751,797,888,789
W,930,890,821,753,780,772,752,797,887,787
W,924,897,819,753,779,771,750,797,886,788
W,931,888,820,753,780,773,751,800,886,788
W,931,889,820,753,781,773,752,796,886,791
W,926,889,820,754,780,772,752,796,887,789
W,930,889,820,753,781,772,750,798,885,788
W,932,890,820,753,779,773,752,800,891,789
W,928,888,821,753,780,772,752,798,888,789
W,930,889,821,754,781,771,752,799,888,790
W,928,888,821,754,778,772,751,799,884,789
W,926,887,820,753,780,771,750,800,885,791
W,926,888,821,754,781,771,752,800,885,790
W,930,891,821,753,779,772,751,799,887,790
W,931,890,819,755,780,773,750,800,887,790
W,928,890,821,754,779,771,752,798,888,788
W,929,888,820,752,778,772,751,796,887,791
W,929,890,819,753,779,773,750,798,888,789
W,928,890,821,753,780,772,751,798,886,789
W,929,891,820,753,781,772,751,800,886,791
W,932,890,820,754,779,773,751,799,888,789
W,930,890,820,753,781,771,751,799,887,790
W,926,888,820,752,779,772,751,800,889,794
W,932,888,822,754,779,771,750,800,887,791
W,927,888,821,755,779,772,751,800,887,790
W,931,888,821,753,780,772,752,800,889,790
W,931,885,820,753,778,773,751,798,885,789
W,929,890,820,752,780,771,750,800,886,790
W,930,888,821,753,779,773,751,800,888,789
W,926,890,821,753,780,773,750,798,888,788
W,930,887,821,753,779,771,751,798,886,791
W,929,889,820,752,780,771,750,798,885,790
W,932,887,821,752,781,773,752,797,891,790
W,932,887,821,752,779,771,752,799,888,790
W,926,892,819,753,780,772,751,800,886,790
W,930,890,822,754,780,772,751,799,886,791
W,931,888,821,752,778,772,751,799,888,790
W,937,889,821,753,780,771,750,800,885,791
W,927,891,820,753,780,773,751,799,887,791
W,929,890,820,753,780,771,751,800,887,788
W,930,889,822,753,779,770,752,799,888,790
W,927,890,820,753,780,772,752,798,889,788
W,927,888,821,754,779,772,751,800,888,791
W,930,888,821,754,781,773,751,801,886,789
W,927,888,821,754,779,771,751,799,887,789
W,933,891,819,752,781,773,751,800,888,791
W,930,891,820,753,779,773,751,799,889,791
W,927,891,821,754,779,772,750,798,887,791
W,922,891,821,753,780,771,750,800,887,790
W,928,887,821,754,780,773,751,800,886,790
W,925,892,820,754,781,772,751,799,887,789
W,928,889,820,752,778,772,750,799,887,790
W,928,890,821,753,778,772,752,798,887,790
W,928,887,821,754,781,772,751,800,888,791
W,927,891,820,754,779,772,751,799,888,789
W,928,889,821,753,779,771,750,801,887,791
W,925,889,820,753,779,772,751,800,884,790
W,928,888,821,753,780,773,752,799,886,791
W,931,887,820,752,780,772,752,797,884,790
W,929,889,821,752,781,772,750,799,888,790
W,932,890,821,752,779,773,751,797,885,792
W,927,889,822,754,779,773,751,799,887,790
W,927,891,819,752,779,771,752,799,890,789
W,929,889,821,753,779,773,751,798,885,790
W,930,887,821,753,779,771,751,799,885,790
W,932,888,820,754,781,772,752,798,886,791
W,930,889,821,754,781,773,749,796,886,794
W,931,890,821,753,780,772,752,800,888,790
W,930,890,821,752,780,772,751,800,887,792
W,932,887,819,750,780,771,750,798,888,789
W,931,889,821,754,780,771,751,799,883,792
W,925,886,820,753,778,772,751,800,887,792
W,926,888,820,754,779,772,751,800,885,790
W,925,887,818,753,782,773,750,798,885,791
W,935,886,820,753,779,770,751,800,887,790
W,926,889,821,753,780,773,751,799,885,792
W,929,888,820,751,778,772,751,798,888,791
W,928,890,820,754,779,771,751,801,886,789
W,930,889,822,752,780,772,751,799,888,789
W,927,889,821,753,779,771,752,799,888,788
W,929,887,820,754,781,773,751,798,889,789
W,931,888,819,754,780,772,751,799,885,790
W,927,890,820,754,779,773,751,799,885,790
W,931,887,820,751,778,771,752,799,887,790
W,932,887,821,752,781,773,752,799,884,791
W,929,889,820,752,779,773,751,798,886,791
W,927,890,820,754,780,771,751,799,886,790
W,935,884,822,754,778,773,751,800,889,791
W,936,888,821,753,779,772,751,799,887,790
W,931,886,820,754,779,772,751,800,890,792
W,931,888,820,751,780,774,751,801,886,791
W,931,890,821,752,781,773,751,801,888,792
W,929,889,820,754,780,773,750,800,889,788
W,929,888,821,753,779,771,751,800,885,791
W,926,888,821,753,778,773,750,798,889,792
