F,891,882,883,775,820,778,767,766,765,719
F,887,881,881,774,820,778,767,767,764,721
F,890,880,880,774,820,779,767,764,764,719
F,895,882,882,774,819,778,767,767,764,720
F,890,880,881,772,821,778,767,766,765,719
F,891,884,882,774,821,779,767,765,765,719
F,893,880,883,773,820,779,767,765,764,720
F,889,882,882,773,820,778,768,763,766,718
F,897,881,882,774,821,777,768,766,765,720
F,895,881,881,773,821,779,767,766,766,720
F,891,881,881,775,821,778,768,767,764,721
F,892,880,881,772,819,778,767,766,764,719
F,895,881,881,775,821,778,768,766,765,719
F,890,882,882,774,819,778,768,766,766,720
F,892,879,882,774,819,779,768,764,765,719
F,887,880,881,774,821,778,768,767,765,720
F,892,879,882,772,818,778,768,766,766,720
F,892,879,881,774,820,779,768,766,766,720
F,892,881,881,773,819,778,769,766,766,721
F,892,882,880,771,819,778,767,766,763,719
F,895,881,882,774,818,778,768,765,765,721
F,892,881,881,774,820,778,769,766,766,719
F,892,881,882,773,819,778,768,766,764,721
F,896,882,883,774,818,777,768,767,765,721
F,896,879,882,774,817,779,769,767,764,720
F,895,880,881,774,819,779,769,766,765,719
F,892,880,881,772,818,779,769,765,765,720
F,895,880,882,774,819,778,768,765,766,721
F,896,877,881,773,818,778,768,768,765,720
F,895,879,882,772,818,779,769,764,765,717
F,894,880,881,774,818,779,769,767,765,720
F,894,878,882,773,819,779,768,767,766,719
F,893,881,883,774,818,779,768,766,766,719
F,887,876,880,774,817,778,768,766,765,720
F,895,878,881,774,819,779,769,766,766,721
F,891,880,882,774,817,778,770,768,765,721
F,898,880,882,773,817,778,768,766,766,720
F,887,877,882,773,817,778,768,766,764,720
F,888,878,882,774,819,779,769,767,765,719
F,891,881,881,772,818,779,768,766,765,719
F,893,879,882,774,815,779,768,765,766,720
F,895,881,881,771,816,778,768,768,767,721
F,893,880,884,773,817,779,768,766,766,719
F,893,881,882,773,818,776,768,766,764,720
F,889,879,882,774,818,779,768,766,765,722
F,886,883,882,774,818,778,768,766,765,719
F,887,882,882,775,817,779,768,766,766,720
F,895,881,883,773,817,779,768,766,766,721
F,891,880,882,773,818,778,769,767,764,720
F,890,879,882,773,818,778,769,766,765,721
F,895,878,881,775,817,778,770,766,765,720
F,891,878,883,773,818,778,768,766,766,720
F,893,878,883,773,818,778,769,767,766,720
F,896,878,881,773,818,779,769,766,766,719
F,897,882,881,772,819,778,769,767,765,720
F,889,876,881,772,816,778,769,766,765,720
F,897,877,884,773,816,780,768,767,766,720
F,890,879,883,774,817,778,768,766,766,720
F,894,879,881,774,817,779,768,767,766,719
F,894,879,882,772,819,778,769,767,765,721
F,895,877,881,774,819,779,767,765,766,721
F,893,876,881,774,817,779,768,766,766,720
F,891,879,881,773,820,779,768,765,766,721
F,893,879,882,774,818,778,770,765,767,719
F,896,877,881,774,819,778,768,764,766,718
F,891,878,882,773,820,779,769,766,765,720
F,894,878,883,772,819,778,768,767,765,719
F,890,876,881,773,819,780,769,766,766,720
F,894,879,882,771,818,779,769,766,765,721
F,894,877,883,772,819,777,768,765,765,719
F,891,879,883,772,818,778,768,767,766,719
F,889,875,882,774,817,778,770,765,765,719
F,891,876,882,773,818,780,770,768,767,719
F,890,876,881,774,819,778,769,766,765,719
F,892,880,881,773,820,778,770,768,767,720
F,894,878,883,772,819,778,767,767,766,721
F,891,879,883,773,819,777,769,766,766,719
F,896,880,884,773,820,778,769,765,765,720
F,895,876,883,773,819,778,768,767,766,721
F,895,878,881,774,819,778,769,765,766,720
F,896,877,882,773,819,779,770,766,766,720
F,891,876,882,773,817,778,768,766,766,720
F,894,879,883,774,819,779,769,766,766,719
F,896,879,881,774,820,779,770,767,765,721
F,892,878,882,774,817,778,770,767,766,720
F,891,878,883,773,818,777,769,767,767,721
F,895,879,882,773,820,779,768,766,765,718
F,891,878,881,772,819,777,769,767,766,719
F,893,879,883,773,818,779,769,765,767,720
F,895,879,881,771,819,779,769,767,767,719
F,893,877,881,772,819,778,770,766,767,720
F,887,879,881,771,815,777,770,767,766,718
F,889,879,883,774,820,779,770,767,766,719
F,895,876,881,772,819,779,770,766,767,721
F,893,878,883,772,818,778,767,767,765,720
F,880,877,882,773,820,778,769,766,765,719
F,887,875,882,771,819,778,769,766,767,719
F,889,877,883,774,819,778,769,766,765,721
F,896,877,884,773,819,778,770,765,766,720
F,893,879,883,772,820,778,768,767,767,719
F,892,878,883,773,820,778,769,767,766,719
F,895,877,883,774,821,779,770,766,766,719
F,893,877,882,774,820,778,769,765,764,721
F,895,878,884,773,819,779,770,766,765,720
F,889,875,883,773,821,779,770,768,766,720
F,891,876,883,774,821,778,769,765,766,721
F,889,879,882,774,817,778,769,767,766,720
F,894,877,883,772,821,778,769,766,767,719
F,896,879,883,773,820,779,769,766,766,719
F,893,877,883,774,820,779,769,766,764,721
F,902,875,882,773,820,778,769,766,766,720
F,896,876,884,772,821,779,769,766,767,719
F,894,877,882,772,821,780,770,767,767,721
F,893,878,883,772,821,778,770,767,766,721
F,892,876,882,773,820,778,769,766,766,721
F,896,877,883,773,820,778,769,765,768,721
F,891,876,882,772,821,778,769,767,767,720
F,892,878,882,774,818,779,769,765,765,721
F,891,879,883,773,820,778,769,766,767,719
F,890,878,882,772,819,778,770,766,767,720
F,890,878,883,774,820,779,770,766,765,720
F,893,875,883,772,820,778,769,766,765,720
F,897,876,881,773,821,779,769,767,768,721
F,896,879,883,773,822,778,769,766,765,719
F,888,878,881,773,820,779,770,767,765,721
F,894,879,881,773,821,779,769,766,766,721
F,890,878,883,774,820,778,770,765,766,721
F,891,875,881,773,820,778,770,767,767,720
F,888,880,880,771,821,777,771,766,767,720
F,889,875,881,771,819,777,770,765,767,721
F,894,878,882,772,820,777,769,766,766,720
F,893,876,881,772,820,779,769,766,766,721
F,894,877,883,774,821,778,770,766,767,720
F,893,879,882,772,820,779,770,766,768,721
F,888,878,883,772,820,778,769,767,768,719
F,890,877,882,774,821,779,770,766,769,721
F,884,875,882,772,821,778,770,767,767,721
F,891,877,882,774,820,779,770,765,767,721
F,899,878,881,771,821,777,770,768,766,719
F,893,878,883,772,822,777,770,765,766,720
F,890,874,881,774,821,779,769,766,767,721
F,889,877,882,776,821,778,771,766,767,719
F,894,876,883,772,822,778,770,765,767,720
F,895,877,881,774,819,778,770,767,767,719
F,905,875,884,775,823,778,769,767,768,719
F,889,877,882,773,821,777,769,767,766,721
F,894,877,883,772,821,779,770,766,768,720
F,888,879,882,773,820,778,769,765,766,720
F,890,876,883,773,822,778,770,765,767,721
F,894,879,882,773,820,779,770,764,767,718
F,894,877,883,772,823,778,770,767,768,719
F,887,878,884,775,824,778,769,765,767,719
F,887,877,882,773,822,779,770,766,768,720
F,893,879,882,771,827,779,769,765,768,720
F,891,876,881,772,823,779,770,766,768,720
F,895,878,883,773,824,780,770,765,768,721
F,893,880,886,769,824,779,769,766,768,721
F,894,878,883,773,821,777,769,765,765,720
F,892,878,883,772,822,778,769,766,767,719
F,893,877,882,773,822,779,770,767,766,719
F,891,876,882,774,821,779,769,765,766,719
F,887,875,880,771,821,779,768,768,769,722
F,890,878,883,773,821,779,769,766,768,720
F,891,880,879,773,820,778,770,766,768,719
F,895,877,881,774,823,779,770,765,768,721
F,896,879,883,773,823,779,771,768,767,719
F,891,878,883,773,822,779,770,766,767,721
F,892,880,882,774,824,777,771,767,767,720
F,891,878,882,774,823,779,770,767,767,721
F,892,878,882,773,825,779,770,766,768,721
F,895,877,881,773,824,778,770,767,766,720
F,896,879,881,772,823,778,770,767,767,721
F,893,880,881,773,821,778,770,767,767,720
F,887,878,882,773,822,778,769,766,768,720
F,894,880,883,772,823,779,769,767,767,721
F,892,879,883,774,821,778,770,767,768,721
F,893,879,883,771,823,779,770,766,766,721
F,897,880,881,769,823,778,771,766,766,720
F,892,877,881,772,822,779,770,765,767,720
F,895,879,882,771,825,779,770,765,768,719
F,894,876,883,773,823,779,771,766,767,721
F,891,877,883,773,822,778,771,765,767,719
F,890,877,883,773,822,779,771,765,768,720
F,896,875,883,774,825,779,769,766,768,720
F,892,879,882,773,823,777,769,766,768,721
F,893,877,881,771,831,779,769,767,767,721
F,893,875,882,773,825,778,771,765,768,720
F,889,876,881,774,823,778,770,767,768,721
F,894,878,883,774,823,777,770,767,767,720
F,896,877,881,773,826,778,771,766,768,721
F,894,876,882,773,824,778,770,766,768,720
F,890,879,883,773,824,779,770,766,767,721
F,890,877,881,774,823,779,770,766,765,722
F,894,879,882,773,822,778,770,767,767,720
F,893,875,881,770,826,779,769,766,768,719
F,888,875,883,772,824,778,770,766,768,721
F,893,877,882,773,823,779,771,768,767,720
F,892,878,883,773,823,779,770,767,767,720
F,894,876,883,774,821,779,770,765,768,721
F,892,879,882,775,823,777,769,767,770,722
F,894,877,881,773,821,778,770,766,768,720
F,893,876,882,773,821,777,770,766,767,720
F,896,876,882,771,819,778,770,763,766,720
F,900,875,881,772,821,778,771,766,766,720
F,897,876,883,774,823,778,771,766,768,720
F,896,878,882,773,821,778,771,766,767,721
F,896,877,882,774,825,777,770,768,768,719
F,890,877,884,773,823,778,770,766,768,720
F,896,876,882,774,824,777,771,768,769,720
F,890,875,882,772,824,778,771,766,768,720
F,895,877,883,772,825,777,770,767,767,721
F,891,882,881,773,826,778,770,767,768,721
F,889,878,880,774,826,779,770,766,768,721
F,895,876,880,772,824,778,770,766,767,722
F,895,879,882,772,825,777,770,767,768,721
F,898,876,884,772,824,779,769,767,768,720
F,890,872,880,773,824,777,770,767,769,721
F,896,877,883,773,823,778,770,767,769,721
F,892,876,884,775,822,778,769,767,767,722
F,893,877,883,773,820,780,771,764,770,722
F,889,875,883,774,821,778,770,766,767,722
F,895,877,883,773,822,779,770,765,767,722
F,891,876,882,773,821,778,769,767,769,720
F,896,877,882,774,822,778,769,765,769,721
F,891,874,882,775,822,779,769,767,769,720
F,891,874,882,773,821,778,769,766,768,721
F,895,878,883,773,823,778,770,766,768,720
F,887,879,881,773,822,778,771,767,768,721
F,891,876,881,772,822,778,770,767,768,720
F,895,876,882,774,823,779,769,766,768,720
F,896,875,883,773,825,777,769,767,768,720
F,890,877,883,774,823,778,769,767,767,721
F,896,876,883,773,823,779,771,766,769,720
F,896,879,882,773,824,778,770,767,769,721
F,891,878,883,773,823,778,770,767,768,721
F,894,876,884,774,821,779,769,766,770,721
F,895,878,882,773,823,778,770,766,769,721
F,892,872,879,775,823,777,769,768,769,722
F,895,878,883,772,822,779,770,767,769,722
F,891,877,883,774,825,778,769,767,768,722
F,892,876,883,772,826,778,768,767,769,719
F,892,875,884,771,823,778,770,767,768,720
F,892,877,882,775,824,778,773,766,767,719
F,893,877,881,774,824,777,771,766,769,722
F,892,876,881,773,825,778,770,767,768,721
F,895,875,882,773,824,777,769,766,768,720
F,893,875,882,772,825,777,769,766,767,720
F,892,877,883,772,824,778,770,767,769,720
F,895,875,884,773,824,778,770,766,768,721
F,891,878,883,773,826,780,769,767,769,721
F,886,876,881,772,823,778,769,767,769,720
F,894,880,881,774,823,779,768,765,769,721
F,891,878,882,772,822,779,770,767,769,721
F,891,880,884,774,823,778,770,765,768,720
F,896,877,882,772,822,778,770,767,768,721
F,896,876,881,774,822,778,769,766,767,721
F,897,879,882,773,821,778,770,766,767,721
F,893,877,881,773,822,777,771,765,768,722
F,892,877,882,773,822,778,770,767,768,719
F,899,878,882,772,824,778,770,767,767,720
F,895,876,883,773,822,778,770,765,768,720
F,893,877,881,774,823,778,770,766,768,719
F,895,879,881,774,823,777,771,767,767,721
F,896,879,880,773,825,778,769,765,769,722
F,890,877,882,771,822,779,770,766,769,720
F,896,877,883,772,822,778,770,767,768,720
F,894,878,883,774,823,778,771,766,768,722
F,894,878,882,774,822,778,769,766,767,721
F,892,879,883,773,820,779,770,764,768,721
F,889,876,883,772,822,778,770,767,769,720
F,895,875,882,773,821,779,770,766,769,720
F,894,875,881,773,821,778,770,766,768,720
F,896,880,883,773,821,779,768,767,769,721
F,893,877,882,772,822,780,769,766,769,721
F,893,879,882,772,821,777,768,767,768,721
F,892,878,882,771,819,778,769,768,769,721
F,894,878,881,773,819,778,769,768,768,722
F,891,876,881,773,819,778,770,767,768,722
F,889,875,881,772,820,779,770,767,768,719
F,897,875,882,773,819,777,771,767,767,720
F,895,878,883,771,819,778,771,767,770,720
F,894,874,883,772,819,777,770,767,769,721
F,892,877,883,773,821,778,770,766,769,719
F,897,877,882,775,824,778,769,767,769,721
F,890,873,881,773,823,779,770,766,769,720
F,893,879,881,773,825,778,769,767,768,722
F,891,874,883,773,827,779,771,768,769,720
F,894,876,881,774,825,778,770,767,769,720
F,891,875,883,773,825,778,770,766,770,720
F,887,879,885,773,824,778,770,767,768,722
F,892,874,883,772,823,778,769,766,769,719
F,898,876,883,774,821,778,771,766,769,721
F,898,877,882,771,822,778,771,766,770,721
F,894,875,883,772,823,778,769,766,770,720
F,896,877,883,773,824,778,769,767,767,720
F,894,877,882,772,821,779,770,768,769,720
F,891,875,883,772,822,778,770,767,770,720
F,892,875,883,772,824,779,770,767,769,721
F,894,878,882,774,821,778,770,767,768,721
F,898,876,881,772,821,777,770,766,769,722
F,884,879,883,773,821,779,770,767,770,722
F,894,875,883,774,821,777,770,768,769,720
F,897,876,882,774,818,777,771,767,769,720
F,898,879,882,772,820,778,770,768,770,720
F,894,876,882,772,820,779,768,768,769,721
F,891,879,881,772,819,778,770,766,768,720
F,891,875,882,774,820,778,770,767,769,720
F,892,875,883,774,818,778,771,766,768,722
F,891,875,883,773,821,778,769,767,769,722
F,888,876,883,774,819,778,769,766,770,719
F,889,878,883,774,819,780,770,766,768,720
F,896,874,881,773,821,778,770,766,770,722
F,888,876,883,774,821,778,769,767,768,720
F,894,878,883,772,821,779,770,767,770,722
F,894,875,881,775,820,779,770,765,768,720
F,888,877,882,772,821,778,770,767,769,720
F,889,877,883,774,822,779,771,767,769,720
F,895,878,882,772,822,779,770,766,768,721
F,891,881,881,772,821,778,771,765,770,720
F,896,877,882,774,821,779,770,768,770,721
F,895,875,882,773,820,778,769,766,769,721
F,889,879,882,775,820,778,768,767,770,719
F,895,876,881,774,822,778,770,767,770,720
F,893,879,883,773,823,778,771,765,770,723
F,890,877,883,772,822,779,769,765,771,721
F,893,875,884,773,823,777,770,766,770,722
F,889,875,883,774,818,779,770,766,769,720
F,891,876,882,773,819,778,770,765,768,722
F,890,879,883,772,818,778,771,767,771,721
F,896,878,884,774,819,777,770,767,770,720
F,897,877,882,773,819,778,771,767,769,721
F,892,876,882,774,819,779,770,766,770,721
F,891,877,883,773,820,779,771,767,771,723
F,889,875,881,773,819,778,771,767,771,721
F,895,872,881,772,819,779,771,767,770,721
F,891,878,882,772,819,778,771,766,771,722
F,903,877,882,774,818,778,771,765,770,720
F,893,879,883,772,820,777,770,766,769,721
F,895,878,881,772,820,778,770,766,769,720
F,894,875,884,772,820,779,771,766,769,722
F,891,878,883,773,819,779,771,767,770,719
F,889,875,883,773,820,779,770,765,768,720
F,891,879,882,772,818,778,771,768,769,722
F,892,878,882,774,818,778,770,766,770,721
F,890,876,882,774,817,778,771,766,769,722
F,891,876,882,772,818,777,770,767,769,722
F,896,874,883,773,819,778,770,767,770,720
F,893,879,882,772,818,777,770,766,769,721
F,896,876,882,772,818,778,771,767,770,719
F,894,876,882,773,819,779,770,765,771,721
F,895,876,882,774,817,778,770,768,771,721
F,889,876,882,774,817,779,770,768,770,722
F,892,873,883,774,817,779,771,766,771,721
F,889,876,882,773,819,779,770,767,770,720
F,895,875,882,773,819,778,770,767,770,721
F,896,876,883,773,819,778,771,766,770,722
F,892,878,881,774,818,778,770,767,771,721
F,897,876,883,773,818,779,771,766,770,720
F,892,878,882,773,818,778,770,766,771,720
F,893,879,883,773,819,778,770,766,770,721
F,893,875,883,771,822,778,772,767,768,722
F,895,878,883,773,818,778,771,766,770,721
F,887,874,883,774,819,779,770,766,769,720
F,894,875,882,774,821,779,770,767,770,720
F,896,878,882,772,821,779,770,766,770,722
F,894,878,881,772,819,778,771,765,770,720
F,892,874,881,772,819,779,771,766,770,720
F,892,875,881,773,822,776,771,766,770,722
F,894,877,881,772,819,778,771,767,770,721
F,894,879,883,773,819,778,770,768,770,722
F,895,875,882,775,819,778,770,766,771,720
F,894,877,883,773,819,779,770,767,770,722
F,895,877,883,772,819,778,771,765,769,722
F,894,878,883,773,819,778,771,767,770,721
F,895,875,880,773,819,778,771,767,770,722
F,890,877,883,773,819,778,770,768,771,720
F,893,879,883,774,819,779,771,766,770,722
F,894,876,882,774,819,778,771,765,769,721
F,896,878,882,772,819,778,771,767,770,721
F,882,874,881,771,818,779,770,767,769,720
F,892,878,880,773,820,778,771,765,773,720
F,892,878,884,773,821,779,771,767,770,721
F,890,875,881,772,818,778,771,768,770,722
F,897,878,882,774,817,779,771,767,770,721
F,888,875,882,774,820,778,771,767,771,721
F,891,875,885,775,820,778,770,768,770,721
F,895,875,883,775,819,778,771,767,771,721
F,888,875,881,772,820,777,771,767,772,721
F,891,880,881,771,819,779,771,766,770,721
F,889,875,883,772,819,777,769,767,771,721
F,891,877,881,773,818,780,770,767,770,722
F,892,879,882,774,818,779,771,767,770,721
F,895,875,883,772,820,779,771,763,767,721
F,893,876,883,773,818,779,771,767,771,722
F,892,876,883,772,818,778,771,766,770,720
F,894,876,882,772,820,778,771,767,770,721
F,891,876,882,774,820,779,770,765,771,721
F,896,877,884,772,819,778,770,765,772,722
F,893,878,882,771,819,778,771,767,770,722
F,889,878,882,773,818,779,771,766,771,722
F,895,877,883,774,818,778,770,767,769,721
F,893,878,882,773,819,778,771,765,769,722
F,890,878,881,772,818,778,772,765,771,721
F,893,876,882,774,817,778,770,764,769,721
F,892,876,882,772,819,777,771,766,770,722
F,895,877,882,772,818,778,769,767,771,720
F,892,877,882,772,818,778,771,766,771,721
F,891,875,883,775,820,778,771,768,770,721
F,893,877,882,773,818,777,771,766,770,721
F,890,875,881,774,819,778,770,766,770,721
F,901,876,882,773,819,779,771,768,770,720
F,893,877,883,774,819,779,771,766,771,722
F,892,874,882,775,819,778,770,765,771,722
F,897,876,881,774,818,778,771,766,772,722
F,894,875,880,773,820,778,770,767,770,721
F,891,878,882,772,820,778,771,768,771,722
F,891,874,881,772,818,777,769,767,770,720
F,895,877,884,772,819,777,770,766,770,722
F,896,875,882,774,818,779,770,767,770,722
F,894,874,882,773,819,778,771,766,770,721
F,892,881,882,774,819,779,771,767,770,722
F,897,875,883,774,819,780,770,767,770,722
F,896,877,883,773,818,779,771,766,771,722
F,895,875,883,773,818,779,770,767,772,720
F,896,879,882,772,817,778,770,768,772,720
F,893,878,885,775,818,777,769,766,769,722
F,891,875,883,774,818,778,771,766,772,722
F,897,878,883,774,818,779,771,767,771,722
F,894,875,882,774,819,779,770,767,769,722
F,892,874,882,775,818,778,770,767,770,722
F,895,876,882,772,819,779,771,767,769,721
F,894,878,883,774,819,779,772,766,772,721
F,888,875,882,774,819,778,771,766,772,719
F,890,878,881,774,819,779,770,767,771,721
F,896,876,883,772,819,778,771,767,772,721
F,888,875,883,772,817,779,768,768,769,720
F,893,874,883,774,819,779,772,767,771,721
F,894,876,882,773,819,779,771,766,770,721
F,891,877,882,773,819,778,771,766,769,721
F,890,879,883,772,820,777,770,767,770,720
F,896,874,882,773,819,777,771,767,771,722
F,896,876,882,772,818,778,771,767,771,720
F,894,876,883,774,817,778,770,768,771,722
F,890,878,881,772,818,777,771,767,771,722
F,893,877,883,772,819,778,771,769,771,722
F,890,877,883,772,817,778,770,765,770,721
F,897,875,882,772,819,778,771,767,771,722
F,893,876,884,773,819,779,771,767,772,721
F,891,876,881,776,818,778,770,766,771,722
F,895,876,882,774,819,779,771,766,771,720
F,891,877,882,772,820,777,770,765,770,722
F,891,875,882,772,819,777,771,766,771,721
F,889,877,882,772,819,778,772,767,772,722
F,895,875,883,772,817,779,771,766,772,721
F,891,875,883,773,818,779,771,766,772,722
F,894,875,882,773,819,777,770,766,771,720
F,890,873,882,772,817,778,771,767,770,721
F,893,875,882,774,818,778,772,767,771,721
F,895,878,883,774,819,778,772,766,772,722
F,894,877,883,774,818,779,770,767,770,721
F,890,877,884,773,819,778,771,766,772,721
F,894,877,882,773,818,779,771,767,771,722
F,895,878,883,772,820,778,770,766,770,721
F,893,875,883,774,819,778,772,767,770,722
F,897,875,881,773,820,778,771,766,770,722
F,891,877,883,773,817,777,770,768,771,721
F,895,876,882,773,819,778,770,767,771,721
F,894,876,882,772,818,778,771,766,771,719
F,892,874,883,774,817,779,772,765,771,721
F,897,878,883,773,818,778,772,766,772,722
F,891,877,883,773,818,778,771,766,770,721
F,898,875,882,771,818,780,771,767,771,721
F,887,874,882,771,819,779,771,767,771,722
F,896,875,880,775,818,778,771,768,771,721
F,890,878,883,773,817,777,771,767,771,721
F,890,876,883,774,820,778,772,765,771,720
F,895,875,882,773,819,779,771,767,772,721
F,891,876,883,773,819,779,771,766,772,721
F,888,877,881,773,817,777,770,766,771,720
F,896,875,884,771,818,779,771,767,770,721
F,894,878,884,772,818,778,770,767,772,722
F,896,876,881,772,819,778,772,768,770,720
F,893,875,883,774,817,778,770,767,771,721
F,896,878,884,773,820,779,772,765,771,721
F,897,875,886,776,819,779,769,766,770,723
F,895,875,882,772,819,778,771,767,770,720
F,894,876,883,773,818,777,771,767,772,722
F,896,877,883,772,818,778,772,766,772,723
F,895,875,882,770,820,778,771,767,770,722
F,890,876,883,774,819,779,771,767,773,721
F,889,875,883,773,819,778,772,766,770,721
F,896,878,884,774,817,778,772,768,772,720
F,898,878,883,774,817,778,771,767,771,721
F,894,878,882,773,818,778,771,768,772,720
F,895,875,883,772,818,777,771,768,771,721
F,897,876,883,774,817,779,772,767,770,721
F,888,876,885,776,816,777,770,767,771,720
F,892,878,883,772,818,779,771,767,772,722
F,890,876,882,772,819,778,771,768,774,723
F,894,877,884,772,819,778,771,767,771,721
F,891,876,882,772,818,778,771,766,772,721
F,892,875,882,772,816,779,771,766,769,724
F,896,875,882,774,818,778,770,766,772,720
F,890,878,882,772,816,777,772,766,772,721
F,890,876,881,773,817,778,771,766,772,722
F,897,877,884,773,818,778,771,762,771,721
F,894,875,884,773,817,778,771,767,772,722
F,893,878,882,774,819,778,771,768,771,721
F,894,876,884,773,818,778,772,767,771,721
F,891,877,884,773,816,778,772,767,771,721
F,896,874,882,772,818,779,771,768,771,722
F,890,876,884,773,817,778,771,767,770,722
F,890,875,882,774,817,777,772,766,771,723
F,894,877,883,773,817,778,772,767,771,722
F,897,878,882,773,818,778,772,766,772,721
F,893,877,881,773,817,778,772,766,773,720
F,892,875,882,772,819,779,772,766,771,721
F,896,879,884,773,819,778,771,766,772,722
F,894,875,882,773,819,778,771,766,772,721
F,893,877,881,772,819,779,772,768,773,721
F,890,876,882,772,819,779,773,768,773,721
F,889,876,883,774,818,779,772,766,772,722
F,895,876,884,774,817,779,771,767,772,721
F,889,876,882,773,817,778,771,766,773,721
F,892,878,883,772,817,777,772,766,769,721
F,889,876,881,773,818,779,772,766,772,721
F,889,880,883,775,819,779,771,768,771,721
F,895,878,883,772,819,779,771,768,771,721
F,891,875,884,773,817,778,771,767,771,722
F,895,880,884,774,817,778,771,766,772,721
F,891,878,883,773,818,779,773,767,771,720
F,891,878,884,773,817,778,771,766,772,723
F,895,876,882,773,816,779,772,765,770,721
F,891,879,883,773,818,779,771,766,771,721
F,897,879,881,773,817,777,771,767,771,723
F,896,877,883,773,818,778,772,766,771,721
F,889,875,883,774,818,778,772,767,773,722
F,899,877,884,774,816,778,772,767,771,722
F,889,877,884,774,816,778,771,766,772,722
F,895,877,883,773,817,777,770,765,772,721
F,889,872,884,773,817,778,771,767,773,721
F,892,876,884,773,817,778,771,767,771,722
F,891,877,883,774,817,778,772,766,772,721
F,893,877,883,773,816,778,771,767,771,721
F,897,874,882,774,817,778,772,767,771,721
F,894,876,883,774,817,779,772,767,772,721
F,891,875,883,774,818,778,772,768,772,723
F,895,876,883,773,817,778,770,767,772,722
F,889,878,882,772,818,778,771,767,772,721
F,890,876,883,773,817,779,771,766,773,721
F,893,875,883,773,818,778,772,768,771,722
F,886,874,883,771,817,778,772,768,771,721
F,890,875,882,771,816,778,771,766,773,721
F,892,876,882,773,817,779,772,767,773,721
F,890,877,883,774,818,778,770,770,772,721
F,896,878,882,773,818,779,771,766,775,722
F,889,877,882,775,817,779,772,766,771,722
F,889,877,882,771,819,778,772,767,773,722
F,895,875,883,772,818,779,771,766,771,722
F,893,878,882,772,818,778,772,767,772,722
F,895,882,883,773,817,778,771,765,772,722
F,896,875,882,772,818,778,771,766,773,722
F,890,874,883,772,817,778,771,767,772,723
F,897,877,883,774,817,778,772,766,770,721
F,892,874,884,773,818,778,772,768,773,722
F,893,878,882,773,817,778,771,765,773,722
F,889,876,881,772,818,779,772,767,770,721
F,888,878,884,771,819,778,772,768,772,722
F,895,878,882,772,817,779,772,768,772,721
F,893,874,884,772,817,778,771,766,773,722
F,895,877,883,773,818,778,771,766,772,723
F,890,874,882,772,818,778,772,765,770,722
F,891,877,883,771,819,779,772,766,771,722
F,883,875,883,773,818,778,772,766,771,721
F,891,876,882,773,818,779,771,767,772,721
F,895,873,883,772,815,778,771,768,773,721
F,892,874,883,773,817,778,771,768,773,721
F,891,874,882,773,817,778,772,766,773,722
F,896,875,883,774,818,778,771,767,772,721
F,897,876,883,774,816,778,771,768,773,721
F,893,878,883,774,819,777,771,765,772,723
F,889,875,883,773,817,779,772,767,770,721
F,895,878,882,772,819,778,771,767,773,722
F,897,876,884,773,818,777,772,766,773,720
F,896,877,883,774,819,778,771,767,774,722
F,891,877,884,772,818,777,772,766,773,721
F,889,879,882,772,817,778,772,768,771,722
F,894,878,883,774,818,778,771,766,771,721
F,889,874,882,774,817,779,772,766,773,721
F,896,878,884,774,818,778,772,768,771,720
F,893,876,882,772,818,777,772,767,773,721
F,892,876,882,773,819,778,770,767,772,720
F,895,875,882,773,818,779,771,766,773,722
F,890,877,882,772,820,778,772,765,771,723
F,896,876,883,773,816,778,772,767,772,722
F,889,877,883,773,819,779,771,765,771,720
F,898,877,883,773,819,777,772,767,772,723
F,891,876,883,773,817,778,772,768,771,723
F,893,877,882,774,818,779,772,767,772,721
F,893,876,881,773,819,777,771,768,771,723
F,892,878,884,773,820,778,772,766,773,721
F,889,876,882,774,817,778,772,768,771,722
F,894,877,883,773,819,779,771,767,771,723
F,895,875,883,776,818,776,771,768,773,723
F,891,877,882,773,819,778,772,767,772,722
F,890,877,883,772,819,778,772,764,772,721
F,896,878,884,773,819,779,772,766,772,721
F,896,876,882,774,818,778,772,767,771,721
F,895,879,884,773,819,779,772,767,772,723
F,893,879,882,771,817,778,772,766,772,721
F,892,877,883,773,819,778,772,768,773,722
F,892,875,884,773,818,779,772,767,772,721
F,895,876,883,774,820,778,770,768,772,722
F,895,878,883,773,819,778,771,767,772,722
F,891,875,881,774,820,778,771,766,772,722
F,891,875,884,772,820,778,771,766,774,721
F,890,879,883,773,819,778,772,767,773,723
F,893,877,883,772,820,778,772,766,774,721
F,888,873,884,774,820,778,771,766,772,721
F,895,879,882,770,821,777,771,766,773,722
F,890,877,884,772,819,778,772,766,773,722
F,891,875,882,774,818,779,771,767,772,721
F,887,877,883,773,820,778,771,768,772,723
F,893,875,882,775,820,779,772,768,773,721
F,894,877,882,774,820,778,772,767,772,723
F,892,875,883,773,818,777,771,769,771,722
F,896,876,884,771,817,778,771,767,773,722
F,891,878,883,773,819,778,772,767,772,722
F,893,879,883,775,818,778,772,767,772,723
F,892,876,885,772,819,778,771,767,772,722
F,891,873,883,775,819,778,772,767,773,721
F,897,876,882,774,820,778,772,768,774,723
F,891,876,883,773,819,778,772,767,773,723
F,891,875,884,773,818,778,771,766,771,722
F,889,878,885,772,820,778,772,767,773,722
F,894,875,882,772,817,777,771,766,772,723
F,897,878,885,773,821,778,772,766,773,721
F,893,879,884,773,819,777,772,768,772,723
F,896,875,883,774,817,778,771,767,772,722
F,891,878,884,772,820,779,770,765,772,721
F,888,877,881,774,820,778,771,767,773,720
F,894,878,883,773,819,777,772,766,772,721
F,898,876,884,773,820,778,770,768,774,721
F,895,877,884,774,819,778,772,767,773,723
F,893,878,882,773,818,778,772,765,771,722
F,895,878,883,772,817,777,770,768,771,720
F,893,879,881,774,818,778,772,767,773,721
F,894,878,883,773,818,777,772,767,774,721
F,893,877,883,773,818,778,771,766,773,721
F,895,875,884,772,818,778,771,767,772,720
F,893,879,884,774,820,778,771,767,771,723
F,896,877,884,774,818,778,772,766,773,722
F,893,879,882,772,817,778,771,766,773,721
F,892,874,883,773,818,778,772,767,774,722
F,897,880,879,775,819,778,771,767,772,721
F,890,874,884,774,818,778,770,767,773,721
F,891,879,883,772,819,779,773,765,774,722
F,887,875,882,772,817,778,772,768,774,722
F,893,878,883,773,818,779,772,767,773,722
F,894,875,885,772,819,778,772,767,774,723
F,892,877,883,773,818,777,772,767,773,722
F,893,877,882,773,818,778,771,766,772,721
F,893,875,883,772,818,778,771,768,772,721
F,897,871,884,772,820,778,771,768,773,721
F,890,878,883,772,818,778,771,766,774,722
F,888,877,884,773,818,779,772,766,773,721
F,896,877,884,774,819,779,771,767,772,721
F,901,879,884,773,819,778,771,767,773,722
F,894,875,883,772,818,779,772,767,772,723
F,894,876,883,770,817,779,772,766,772,722
F,890,878,884,774,818,778,772,767,773,722
F,892,874,882,772,819,778,772,767,772,722
F,897,875,884,772,818,778,771,765,774,721
F,890,873,882,774,818,778,772,767,772,722
F,887,876,883,774,819,779,772,766,772,723
F,892,877,885,773,820,778,772,767,773,722
F,903,879,883,774,818,779,771,766,772,721
F,893,875,883,773,819,777,771,767,771,721
F,898,878,884,772,818,778,772,766,772,723
F,891,876,883,772,817,778,773,768,774,721
F,892,873,884,774,817,778,771,767,772,722
F,895,875,884,771,818,777,772,766,772,722
F,896,878,884,772,819,779,772,766,773,722
F,893,875,884,772,819,778,772,766,774,721
F,891,877,884,772,816,778,773,765,773,723
F,895,877,885,774,818,778,771,767,773,722
F,895,876,881,772,819,777,771,767,772,721
F,897,882,883,773,818,777,772,767,773,721
F,893,871,885,772,818,777,772,767,774,720
F,895,876,884,773,819,778,772,766,773,723
F,892,877,883,773,819,779,772,768,774,721
F,894,875,885,773,818,779,771,766,773,721
F,895,874,886,771,818,779,771,765,773,722
F,890,876,885,773,818,778,772,767,772,722
F,896,877,883,774,817,779,771,765,775,722
F,889,874,884,773,820,777,773,769,773,723
F,893,877,884,773,818,778,772,767,773,723
F,892,879,885,773,817,778,773,767,773,721
F,895,875,883,774,819,778,770,767,774,722
F,894,877,884,773,818,778,770,763,773,721
F,892,876,884,773,817,778,771,767,774,722
F,892,876,884,772,818,776,773,765,771,721
F,900,877,882,773,818,778,772,767,774,721
F,890,877,884,771,819,779,771,767,772,722
F,896,875,883,773,819,779,772,767,773,722
F,892,876,887,773,818,778,772,766,774,722
F,892,877,884,774,818,778,772,766,773,722
F,890,875,885,772,818,779,771,766,773,722
F,892,875,884,771,819,778,771,766,774,723
F,888,876,885,773,818,779,771,767,775,721
F,889,874,885,773,817,779,772,768,774,723
F,895,875,884,773,819,779,772,766,772,722
F,892,877,884,772,819,778,772,767,773,721
F,889,878,884,773,817,777,772,769,776,722
F,897,875,883,774,820,778,771,767,774,721
F,897,878,885,774,819,779,773,766,773,721
F,896,876,885,773,819,778,772,766,774,720
F,894,876,883,774,820,777,772,768,774,721
F,876,883,886,769,820,777,771,767,774,722
F,896,874,885,772,819,777,771,766,769,719
F,892,877,884,772,819,779,772,766,774,721
F,894,879,884,773,818,777,771,765,773,723
F,893,875,884,774,818,779,771,768,774,720
F,895,874,884,773,818,777,772,767,774,721
F,893,876,884,773,819,778,772,766,774,721
F,895,877,885,774,820,778,772,767,774,723
F,894,876,884,772,820,778,773,765,773,724
F,890,877,884,773,817,778,771,766,773,723
F,896,876,886,769,819,778,772,768,774,721
F,895,877,884,773,819,778,771,766,773,721
F,891,874,883,773,820,777,772,767,775,723
F,889,877,883,772,820,778,772,767,773,723
F,891,875,885,773,820,778,772,767,774,722
F,895,877,883,772,820,778,772,765,774,721
F,888,874,885,771,819,777,772,765,774,721
F,892,876,885,772,819,778,771,765,772,723
F,896,874,883,772,819,778,772,767,774,722
F,894,873,884,773,820,778,773,767,774,721
F,889,876,883,774,819,777,772,767,773,722
F,894,875,883,773,819,778,772,766,771,724
F,895,876,883,772,818,777,770,766,774,722
F,890,875,883,772,819,778,772,767,774,723
F,891,873,883,774,820,777,772,767,775,723
F,889,875,883,772,821,776,772,765,769,723
F,889,874,883,772,818,779,772,766,774,723
F,894,874,884,773,820,779,771,769,773,718
F,885,877,883,773,818,778,772,766,774,720
F,898,875,882,772,820,778,772,768,773,723
F,882,874,881,772,818,778,771,767,773,720
F,893,876,884,774,818,779,772,767,773,721
F,898,876,883,773,819,778,772,767,774,723
F,899,872,886,773,822,778,772,766,774,722
F,896,876,885,772,819,779,771,767,774,723
F,890,876,883,774,818,778,773,765,774,721
F,893,874,885,773,819,778,773,767,774,722
F,892,874,883,772,819,778,771,766,777,720
F,883,874,886,770,817,779,773,766,774,721
F,895,874,883,772,818,778,771,766,772,721
F,895,875,883,772,818,778,773,768,774,722
F,897,876,883,772,818,778,773,768,774,722
F,895,877,883,773,817,778,770,769,774,722
F,896,877,885,773,819,778,773,765,775,723
F,893,876,884,774,819,776,771,765,775,724
F,890,876,884,772,819,777,772,768,773,721
F,897,875,883,772,820,779,773,767,772,722
F,890,877,884,772,819,777,772,768,775,722
F,892,876,883,774,821,777,773,767,774,722
F,895,876,884,774,819,778,772,767,773,722
F,890,875,884,773,819,779,772,766,775,723
F,893,876,885,773,819,779,772,768,773,723
F,896,877,883,772,819,778,772,766,774,723
F,890,874,884,774,821,777,771,766,774,721
F,895,875,885,773,820,779,772,767,774,722
F,891,878,883,773,820,778,771,766,773,722
F,889,877,886,775,821,778,772,766,773,721
F,893,875,883,774,821,778,773,768,775,721
F,896,877,883,772,820,779,772,766,774,722
F,895,878,884,772,819,778,772,768,773,723
F,886,879,884,773,818,779,772,767,775,722
F,892,877,884,772,824,775,771,765,775,720
F,889,877,884,773,820,779,773,766,774,721
F,894,876,886,775,823,777,770,765,774,722
F,891,876,884,773,822,778,771,765,775,721
F,890,878,883,773,822,777,771,765,773,722
F,896,878,885,773,822,778,772,767,774,723
F,897,876,884,772,823,778,772,767,775,721
F,895,874,885,772,821,779,771,768,774,723
F,890,874,883,773,821,778,772,766,774,721
F,893,875,880,775,822,777,774,767,774,722
F,891,876,884,773,821,779,772,767,773,723
F,894,876,883,772,819,778,772,766,774,722
F,896,875,883,773,821,778,771,766,774,722
F,894,877,883,775,822,778,773,767,774,722
F,895,876,884,772,821,778,772,767,773,721
F,894,877,885,772,822,778,771,766,774,721
F,893,877,883,772,821,779,772,766,774,723
F,890,875,884,773,822,779,772,768,773,722
F,890,879,881,774,822,778,772,765,774,723
F,892,880,882,773,820,780,773,768,772,722
F,891,876,884,773,821,777,773,767,774,722
F,898,877,883,771,823,777,773,767,774,723
F,893,877,885,774,822,779,772,767,773,723
F,896,876,883,775,821,780,774,769,774,722
F,892,877,884,772,822,779,773,766,774,721
F,890,874,883,773,822,778,771,765,773,721
F,895,878,884,773,822,778,772,766,775,721
F,896,877,884,772,820,778,771,766,775,722
F,886,875,883,773,821,779,772,768,774,721
F,889,876,885,774,821,778,772,766,775,722
F,895,877,884,773,822,778,772,767,773,723
F,894,876,883,773,820,778,772,766,774,722
F,897,878,884,773,822,779,773,767,775,721
F,891,878,883,773,822,777,772,767,775,721
F,896,874,883,774,819,776,773,767,775,721
F,893,878,885,772,822,777,772,767,774,723
F,889,877,883,773,821,778,772,767,772,722
F,895,878,885,774,821,778,773,766,774,723
F,896,876,884,773,820,778,773,767,774,721
F,889,878,885,772,822,777,770,766,773,722
F,890,876,884,774,820,778,772,768,773,722
F,893,874,883,773,820,778,772,767,773,723
F,896,875,883,773,821,778,772,767,774,721
F,896,878,884,772,820,778,772,768,774,722
F,890,875,884,775,821,778,772,768,773,723
F,897,877,884,773,821,777,773,766,776,721
F,891,874,884,772,821,778,771,767,775,722
F,895,876,884,774,822,776,773,766,775,724
F,897,877,884,773,822,777,772,767,773,723
F,893,875,885,774,820,777,773,767,774,723
F,890,878,884,774,822,778,771,767,772,721
F,890,879,883,773,821,777,773,766,773,721
F,891,878,885,774,821,779,772,766,774,721
F,898,879,882,774,820,779,772,767,774,722
F,895,877,884,775,822,777,773,767,775,723
F,890,879,885,773,820,778,772,766,774,722
F,899,875,886,774,819,778,773,766,774,721
F,895,874,884,774,820,776,771,766,772,722
F,894,877,883,773,821,778,772,767,774,722
F,891,876,884,772,820,779,771,766,775,723
F,897,879,883,772,822,777,774,767,774,722
F,895,877,884,773,819,777,773,767,774,722
F,902,874,883,773,820,779,772,766,773,723
F,896,875,885,772,820,777,773,766,773,722
F,892,880,882,773,822,778,772,766,775,721
F,891,875,883,772,819,776,773,766,774,721
F,894,877,884,772,819,777,772,766,775,723
F,891,876,884,772,820,778,772,767,774,721
F,889,877,884,772,822,778,773,766,774,722
F,894,874,886,773,821,779,773,766,774,721
F,891,878,885,773,821,777,772,765,774,722
F,888,875,883,773,821,778,773,769,774,723
F,891,878,884,772,821,779,773,768,775,723
F,889,876,883,773,822,778,773,766,775,723
F,891,878,884,771,821,778,771,766,774,721
F,892,875,884,773,821,777,772,767,773,722
F,893,876,884,773,822,778,772,766,772,722
F,888,876,883,774,824,778,773,766,775,721
F,892,877,885,774,821,777,772,767,774,723
F,897,876,883,771,821,779,773,766,776,722
F,895,877,884,774,821,778,772,768,774,721
F,896,876,885,772,822,778,773,767,775,721
F,896,875,883,772,824,780,772,768,775,720
F,894,877,884,772,821,778,772,767,774,722
F,892,875,887,772,825,778,773,767,775,722
F,892,878,883,773,823,778,773,767,773,721
F,893,877,883,773,821,778,771,766,775,720
F,896,878,883,773,822,779,772,767,775,722
F,890,878,883,772,822,779,771,766,773,721
F,888,876,884,773,821,777,773,768,774,723
F,896,878,883,773,821,778,772,766,775,722
F,891,877,883,773,823,778,773,767,774,722
F,889,877,884,773,822,777,772,767,774,723
F,889,875,884,772,822,778,772,767,774,721
F,891,878,883,773,823,779,772,769,776,722
F,890,876,884,774,824,779,773,766,775,722
F,897,878,885,772,821,778,773,765,772,722
F,889,871,881,777,822,777,772,767,774,723
F,898,878,884,772,822,778,772,767,774,721
F,894,877,885,773,821,779,771,766,774,721
F,891,874,883,771,822,778,772,767,775,723
F,890,876,882,773,823,778,773,766,774,719
F,889,874,885,773,823,778,773,767,774,722
F,895,878,885,773,824,779,773,767,774,721
F,890,875,884,772,824,778,773,768,774,721
F,892,879,884,771,822,778,773,767,773,722
F,892,878,884,773,820,779,773,768,775,723
F,896,876,884,773,821,779,772,767,773,722
F,893,878,886,773,824,778,773,767,775,722
F,893,875,885,774,821,778,772,765,775,722
F,894,877,884,773,823,778,772,765,775,722
F,892,877,885,773,821,779,773,767,774,721
F,893,877,884,775,822,779,770,768,774,722
F,895,875,885,774,823,779,772,767,774,723
F,890,877,884,772,823,777,773,768,776,722
F,894,875,885,773,822,778,773,766,774,723
F,888,872,884,775,821,779,772,767,773,721
F,892,876,883,772,822,779,772,766,775,721
F,893,880,885,775,821,777,771,768,775,721
F,891,877,884,774,821,779,772,767,773,721
F,894,875,885,772,822,778,773,768,775,723
F,891,875,884,772,822,779,772,767,773,723
F,891,878,884,772,823,778,773,767,776,721
F,891,876,883,772,822,778,772,767,775,721
F,895,876,885,773,822,779,774,765,773,723
F,894,876,885,773,822,778,772,767,775,721
F,896,879,884,772,820,779,773,766,775,721
F,893,874,883,771,822,778,772,766,775,722
F,894,875,884,772,821,779,771,766,775,722
F,893,875,884,772,820,779,773,768,774,723
F,895,874,884,772,823,778,772,766,773,723
F,897,875,883,771,822,778,773,766,774,722
F,894,876,884,773,824,779,772,768,774,719
F,890,875,883,772,822,777,772,767,774,721
F,891,876,883,773,822,779,773,768,774,721
F,890,876,885,774,821,778,773,765,774,720
F,889,876,883,773,822,778,773,766,774,723
F,892,877,883,774,823,778,772,766,774,722
F,895,878,885,774,822,777,773,765,773,721
F,891,877,885,773,822,778,772,766,775,721
F,893,870,883,772,822,779,773,765,775,722
F,890,876,883,773,824,779,772,766,775,723
F,895,875,884,773,821,779,773,766,775,722
F,893,875,883,772,822,778,773,766,774,721
F,896,876,884,773,821,778,772,766,773,722
F,888,877,885,774,824,777,773,768,774,723
F,889,878,883,772,823,777,772,765,773,722
F,891,876,882,773,822,778,773,767,775,722
F,897,875,884,774,823,777,772,766,773,723
F,893,877,884,771,825,778,772,767,775,723
F,891,876,885,774,822,778,773,766,773,721
F,890,876,885,773,823,778,773,767,775,722
F,892,875,883,774,823,778,773,767,775,723
F,896,878,883,773,823,779,771,765,770,720
F,893,875,883,773,823,778,773,765,775,722
F,893,874,884,772,824,778,772,766,774,723
F,896,879,883,772,822,777,773,766,773,721
F,890,876,885,773,823,778,772,765,777,722
F,892,877,885,774,823,778,772,765,774,722
F,894,876,885,773,824,778,772,767,773,723
F,894,876,884,774,824,778,773,766,774,722
F,896,877,883,773,823,777,772,767,774,721
F,889,877,884,773,825,779,772,766,774,722
F,885,876,883,773,823,778,773,766,774,721
F,895,876,885,774,824,777,772,767,774,723
F,895,878,883,774,824,778,773,767,775,720
F,895,874,884,773,823,778,772,766,775,723
F,892,877,884,774,822,778,772,766,775,723
F,888,873,885,774,824,779,772,766,775,723
F,891,874,885,773,822,778,773,766,775,723
F,889,877,885,772,825,778,771,767,774,723
F,890,875,883,773,823,779,773,768,774,721
F,898,874,884,773,822,778,773,767,774,722
F,890,880,882,771,821,779,772,765,775,724
F,895,876,885,773,822,779,773,767,775,721
F,895,875,885,772,824,778,772,766,774,721
F,897,877,885,772,822,778,772,767,774,723
F,894,876,885,773,822,777,773,766,777,722
F,894,875,883,775,824,778,774,766,774,722
F,891,875,885,774,822,778,772,766,774,722
F,898,877,885,773,821,778,773,765,774,722
F,897,874,884,773,822,778,774,767,775,722
F,893,876,885,773,823,779,773,766,775,722
F,899,875,885,773,820,780,773,767,775,722
F,896,877,884,772,822,779,774,766,774,721
F,891,875,883,774,820,778,773,766,775,721
F,891,876,887,771,823,779,772,768,774,721
F,889,875,883,774,822,778,773,766,775,723
F,893,876,884,774,823,780,772,767,772,722
F,890,876,882,772,822,778,772,767,774,724
F,896,877,884,772,823,777,773,766,773,723
F,891,877,884,773,822,778,773,768,774,723
F,896,875,884,772,823,779,772,764,774,721
F,893,878,884,773,823,778,773,766,774,721
F,893,876,884,773,823,778,772,767,774,723
F,887,879,884,773,822,778,773,767,776,722
F,897,877,884,772,822,778,772,767,773,721
F,890,875,881,776,822,779,773,765,776,723
F,892,874,884,773,824,779,773,767,776,722
F,888,874,883,772,821,777,773,766,775,723
F,894,877,884,772,822,777,773,766,774,724
F,892,878,884,774,824,779,772,765,776,721
F,894,876,884,773,822,777,773,765,774,722
F,902,877,886,774,822,778,772,768,774,722
F,894,877,884,772,822,778,773,768,775,722
F,890,878,884,773,824,779,772,767,774,721
F,892,875,883,772,822,779,773,766,775,722
F,893,876,883,773,823,778,773,766,776,721
F,895,879,883,773,824,777,773,767,775,723
F,893,878,884,774,823,778,772,765,775,721
F,893,876,884,772,823,778,773,767,774,722
F,895,875,884,773,825,777,772,768,774,722
F,893,879,881,772,822,779,773,767,774,722
F,895,876,885,773,824,779,773,766,776,723
F,892,875,883,775,822,777,773,769,774,721
F,893,876,884,773,823,778,772,762,776,726
F,893,877,885,774,823,778,774,767,776,721
F,895,878,885,773,822,778,773,766,774,722
F,892,873,885,774,822,778,773,765,774,723
F,898,877,885,773,824,777,774,766,774,721
F,894,876,883,773,824,779,773,767,776,722
