M,898,839,811,758,905,812,865,802,884,797
M,941,899,929,803,872,795,860,799,888,801
M,945,899,928,801,874,795,859,801,885,803
M,943,898,930,802,873,795,859,800,886,802
M,945,897,928,801,875,795,859,800,889,802
M,941,895,928,802,874,794,860,799,884,801
M,947,897,929,802,873,794,858,799,889,802
M,945,894,928,799,874,794,858,800,885,803
M,943,892,928,802,874,794,860,801,888,803
M,944,893,928,800,875,795,859,801,886,806
M,943,893,929,801,874,794,859,800,884,805
M,941,892,929,803,874,792,859,801,889,803
M,942,892,929,801,874,794,857,801,888,804
M,944,894,930,803,873,793,858,801,884,803
M,943,891,928,801,875,795,859,800,887,802
M,943,890,928,801,874,794,857,801,886,803
M,941,895,929,803,875,795,859,800,886,804
M,946,892,928,802,875,794,859,801,886,802
M,945,894,929,802,875,796,860,801,888,805
M,943,895,929,800,874,794,859,801,884,804
M,943,891,929,802,873,793,859,801,888,800
M,943,889,928,802,873,793,859,801,888,804
M,945,893,927,802,873,794,857,799,890,803
M,943,892,928,802,872,793,858,799,888,804
M,942,890,929,801,876,793,859,799,886,801
M,943,890,927,803,872,796,859,801,887,806
M,944,892,928,801,874,794,859,800,889,808
M,943,890,928,803,872,794,858,799,887,805
M,946,888,928,802,874,792,858,800,886,805
M,946,889,928,800,874,795,857,801,891,803
M,942,893,928,802,874,795,858,801,889,801
M,947,892,928,801,873,797,860,802,888,804
M,943,894,928,802,875,796,859,800,886,804
M,945,890,926,801,877,794,858,798,886,805
M,944,894,928,801,872,795,858,801,888,803
M,944,894,928,803,875,795,859,800,884,801
M,941,889,928,802,874,794,859,800,884,803
M,941,892,926,802,873,794,859,801,886,805
M,940,890,928,802,873,793,856,801,885,803
M,942,891,928,802,875,794,858,802,884,801
M,944,894,927,803,873,795,858,801,886,802
M,941,890,929,802,876,794,857,801,885,804
M,944,892,926,801,874,794,857,801,886,804
M,943,889,928,801,875,796,858,800,884,800
M,944,889,926,803,872,795,858,801,885,804
M,943,893,926,802,873,795,857,800,888,802
M,944,892,928,802,873,794,857,800,888,804
M,941,893,927,802,873,793,858,799,889,802
M,946,890,927,803,873,794,857,800,889,804
M,941,893,927,802,874,796,859,800,887,805
M,947,891,927,802,873,795,856,801,886,805
M,944,893,927,801,876,792,859,801,891,801
M,943,889,928,800,874,796,856,802,885,803
M,942,886,927,801,875,796,857,800,885,804
M,945,890,926,801,872,793,858,800,884,802
M,942,890,928,801,873,796,857,801,889,802
M,945,890,926,803,875,796,857,799,889,800
M,940,896,928,799,874,794,858,800,888,805
M,943,891,926,801,873,795,857,800,888,806
M,945,893,928,801,873,793,858,800,888,802
M,944,889,927,802,875,793,856,800,889,805
M,945,891,927,803,875,796,858,801,885,803
M,943,890,927,801,876,795,857,800,887,804
M,945,895,929,801,874,794,857,800,889,803
M,939,888,926,802,875,794,857,801,889,803
M,946,895,928,803,875,795,857,801,887,806
M,945,894,928,801,873,794,856,801,889,800
M,943,891,928,801,875,794,857,801,888,804
M,944,889,928,801,874,795,857,801,887,804
M,942,894,927,801,874,795,857,800,887,803
M,944,891,927,802,874,795,857,800,894,799
M,941,889,927,803,873,795,857,800,889,805
M,939,893,927,800,874,796,857,800,885,804
M,944,892,927,802,874,793,857,801,886,803
M,943,888,928,801,874,794,857,801,887,804
M,941,891,927,801,874,795,857,799,884,800
M,940,888,926,802,875,793,856,800,886,800
M,944,888,927,800,876,794,857,799,885,802
M,942,891,928,803,874,796,855,800,888,804
M,944,890,926,802,873,795,855,799,885,800
M,944,882,927,803,873,794,857,798,888,804
M,945,885,927,803,875,794,857,800,886,805
M,943,890,927,803,875,796,856,798,887,804
M,943,891,927,801,873,792,856,799,888,799
M,943,891,927,802,874,795,855,801,887,804
M,938,884,927,802,873,796,856,800,886,803
M,941,893,927,799,875,795,857,797,885,802
M,945,889,927,800,872,796,854,799,886,803
M,942,889,926,800,874,796,857,799,883,802
M,945,894,927,801,872,795,857,799,880,803
M,941,891,925,802,874,795,857,799,887,804
M,943,892,927,802,875,796,856,799,886,803
M,946,884,926,800,874,794,855,799,883,801
M,942,891,926,800,874,793,857,798,883,805
M,946,891,926,802,874,795,857,799,888,800
M,942,885,929,802,871,794,857,797,883,802
M,943,887,928,802,873,793,854,799,886,800
M,944,893,927,800,875,794,856,799,887,803
M,943,888,925,804,876,794,854,803,886,801
M,945,886,925,802,873,796,857,800,889,804
M,943,890,926,801,873,794,857,800,889,809
M,944,889,927,802,873,795,856,800,885,801
M,946,887,928,801,874,793,856,799,886,804
M,944,888,927,803,871,794,856,801,884,804
M,945,887,927,801,873,796,856,801,888,799
M,945,892,928,802,874,795,856,802,891,801
M,942,891,927,801,874,795,855,800,891,801
M,943,891,928,800,872,795,854,801,890,804
M,944,892,925,803,875,795,856,800,891,803
M,945,888,928,802,875,796,855,801,892,806
M,940,886,926,802,875,794,856,801,891,802
M,944,888,926,799,874,792,855,800,894,806
M,945,887,928,801,874,794,856,801,894,805
M,945,891,927,800,874,793,855,801,894,806
M,942,886,926,798,876,793,857,799,894,802
M,944,891,927,802,875,796,853,803,893,804
M,943,891,928,801,874,794,855,800,894,805
M,943,893,928,801,875,795,856,800,894,806
M,945,888,927,801,875,796,853,802,893,804
M,946,886,927,801,873,795,854,803,895,805
M,943,889,927,800,874,794,855,800,894,805
M,944,888,927,802,875,795,855,801,892,804
M,945,889,927,802,872,794,853,802,897,805
M,939,886,928,800,876,796,856,799,896,806
M,946,885,928,801,872,793,855,802,894,805
M,945,889,927,800,875,794,854,804,899,804
M,944,890,927,802,874,795,854,801,895,804
M,943,884,927,802,872,795,856,801,900,807
M,941,889,928,802,872,793,853,800,894,803
M,942,888,926,801,875,795,855,801,896,804
M,941,888,926,802,874,795,854,800,897,804
M,941,887,928,800,874,794,853,799,895,800
M,940,894,926,801,871,796,854,802,895,804
M,944,891,926,801,874,796,855,800,894,805
M,943,887,928,800,875,795,854,802,895,806
M,944,889,926,802,878,793,852,803,900,807
M,943,889,928,800,874,795,855,801,894,806
M,942,889,928,800,873,795,855,798,892,807
M,943,889,928,800,874,794,855,801,897,804
M,941,888,927,801,874,794,854,801,894,805
M,943,887,926,799,874,796,854,800,894,805
M,942,890,929,802,875,795,854,800,893,803
M,940,889,927,800,873,795,855,803,894,803
M,941,886,926,800,874,796,852,802,894,805
M,941,890,927,803,877,796,855,799,893,807
M,943,887,928,800,872,794,854,802,894,805
M,943,885,927,802,875,795,854,803,893,804
M,942,889,926,799,875,794,853,801,897,805
M,942,885,925,801,873,794,855,801,895,806
M,944,890,926,802,874,794,855,802,898,803
M,940,888,925,800,873,796,854,802,896,804
M,944,887,927,801,875,794,854,802,894,802
M,939,886,928,802,872,794,854,800,891,803
M,940,889,927,801,873,796,853,803,891,799
M,942,887,928,800,871,797,855,806,893,806
M,945,892,926,801,876,795,853,804,897,801
M,945,885,926,802,872,795,854,802,895,802
M,945,886,927,802,875,797,854,803,893,806
M,937,894,925,802,872,796,855,802,895,803
M,941,889,926,800,875,795,853,803,896,804
M,943,889,925,800,874,795,853,801,892,803
M,941,890,925,799,876,795,853,798,895,806
M,943,888,927,801,875,795,854,802,896,804
M,944,888,926,801,874,795,854,802,894,800
M,939,885,925,801,875,795,853,799,894,803
M,940,889,925,801,871,796,853,802,893,805
M,940,889,925,801,874,794,853,800,896,806
M,942,889,926,800,874,795,852,799,893,806
M,943,885,925,803,874,797,853,800,894,803
M,940,887,926,802,874,796,853,801,896,805
M,942,888,926,802,874,795,854,800,891,806
M,943,884,926,802,874,795,854,800,891,804
M,942,888,924,800,874,794,853,801,894,802
M,944,888,925,800,875,795,854,801,894,806
M,944,889,925,799,875,796,853,803,894,807
M,943,888,925,800,876,794,853,805,893,805
M,944,890,926,801,876,793,853,803,896,806
M,941,885,925,802,873,795,854,801,895,803
M,943,887,926,801,874,795,853,803,893,804
M,943,886,925,799,878,794,852,802,893,803
M,939,886,926,802,875,795,854,799,896,805
M,943,887,925,802,874,795,851,799,889,804
M,947,886,925,800,875,795,854,803,891,803
M,940,888,925,800,875,794,853,802,893,804
M,943,887,925,800,876,794,853,801,892,805
M,944,890,924,802,875,795,853,801,892,804
M,941,885,924,799,874,795,852,801,896,806
M,941,885,926,800,873,794,854,802,893,806
M,943,888,925,803,873,794,852,803,893,806
M,940,885,925,801,874,794,852,800,892,803
M,942,888,925,801,875,795,852,800,897,802
M,940,887,924,800,873,796,852,805,891,805
M,940,889,924,801,874,794,852,801,893,806
M,942,884,925,801,876,794,853,801,894,804
M,939,887,924,800,875,797,853,801,894,803
M,943,886,926,801,876,793,854,801,892,802
M,943,888,924,799,876,797,851,803,890,804
M,940,888,925,801,874,796,852,802,891,804
M,942,885,925,801,874,794,852,802,892,803
M,942,890,926,800,873,795,855,802,894,797
M,940,885,924,802,873,796,852,803,895,802
M,942,886,924,802,873,796,853,800,891,804
M,943,890,925,799,872,795,852,801,892,803
M,944,885,924,802,875,795,851,801,893,804
M,941,888,925,802,872,794,852,802,892,803
M,942,885,926,801,873,796,854,801,892,806
M,943,888,925,801,873,795,853,801,892,802
M,940,892,924,800,875,795,853,801,893,806
M,939,888,924,799,873,794,853,795,891,807
M,945,885,925,801,874,795,852,801,892,806
M,942,890,924,801,874,796,853,802,892,804
M,940,886,925,801,875,796,852,801,883,806
M,942,888,923,801,872,794,852,802,891,806
M,940,889,924,800,874,793,853,802,894,805
M,944,887,925,801,874,794,851,800,889,802
M,942,889,925,801,874,794,852,800,891,807
M,939,886,925,803,875,796,853,801,890,803
M,945,885,923,800,874,795,852,803,892,805
M,941,885,924,798,874,795,852,801,893,806
M,942,890,924,800,875,794,852,803,894,803
M,941,889,926,800,874,796,852,801,890,802
M,941,887,924,802,873,795,852,801,891,807
M,942,885,925,804,876,795,852,802,893,803
M,940,884,925,800,875,796,853,804,888,804
M,940,888,925,801,874,796,852,802,893,806
M,938,889,924,800,875,796,852,804,889,804
M,941,884,924,803,876,795,852,804,893,806
M,938,883,926,798,873,795,853,801,890,806
M,942,886,922,801,875,796,852,801,892,804
M,942,882,923,800,878,796,852,804,889,804
M,944,887,924,801,874,796,852,801,890,806
M,943,885,923,802,874,795,852,802,893,807
M,941,883,925,804,874,796,851,802,890,807
M,941,888,925,800,873,795,852,803,893,805
M,943,884,924,801,875,794,853,802,889,803
M,944,887,924,799,874,795,852,802,890,807
M,944,885,923,801,873,795,853,803,891,802
M,943,886,923,801,875,795,851,801,889,803
M,943,888,924,802,874,797,853,803,893,805
M,941,888,924,801,876,795,852,802,888,804
M,940,888,924,800,873,796,851,803,887,801
M,942,890,922,802,873,795,851,803,892,805
M,939,882,925,799,877,796,851,801,893,806
M,943,888,924,800,874,796,853,802,890,805
M,943,889,923,801,874,796,851,802,890,807
M,941,889,924,801,875,796,852,803,891,803
M,943,887,923,802,875,795,852,802,891,805
M,942,887,922,802,875,795,852,803,889,803
M,942,885,924,802,875,796,853,802,890,805
M,939,889,923,802,875,795,853,803,891,806
M,941,888,923,801,873,796,853,802,889,805
M,941,889,924,801,876,796,851,802,889,805
M,940,882,922,800,877,797,852,804,890,805
M,944,884,922,799,875,796,853,804,889,803
M,942,882,924,800,874,796,852,802,890,801
M,944,888,923,804,877,796,851,805,892,804
M,943,884,923,801,875,796,852,802,889,806
M,944,888,922,800,875,796,851,803,890,807
M,943,885,923,801,874,796,851,803,890,803
M,942,886,923,800,874,796,851,802,892,803
M,941,885,922,800,873,796,851,804,890,805
M,939,886,923,800,875,797,852,801,889,802
M,944,885,922,802,873,796,851,804,892,806
M,941,886,924,803,878,797,852,803,890,805
M,940,890,921,802,876,796,851,802,893,805
M,941,887,922,800,875,797,852,806,894,803
M,941,891,923,800,875,796,851,804,890,806
M,942,888,923,801,875,797,852,803,889,803
M,939,887,925,799,873,795,851,804,889,807
M,941,885,923,800,875,796,850,805,893,807
M,942,886,923,800,873,796,851,804,887,807
M,940,884,923,801,874,795,851,804,891,805
M,941,884,923,802,873,796,852,803,891,803
M,942,887,923,801,874,796,851,803,890,804
M,940,885,924,802,875,795,851,802,891,803
M,941,886,923,800,873,796,852,803,891,806
M,940,889,921,801,875,795,850,804,887,804
M,942,887,922,800,873,796,852,803,891,804
M,938,891,922,800,873,795,852,804,890,805
M,940,888,923,801,875,796,851,802,890,806
M,941,887,922,801,874,796,851,803,888,806
M,941,888,923,800,874,796,851,804,891,805
M,943,888,923,801,875,797,851,804,892,803
M,939,887,923,801,875,797,851,802,887,804
M,942,883,921,802,874,796,851,803,890,806
M,944,885,922,802,875,797,852,803,891,804
M,940,888,921,802,873,795,850,803,887,803
M,942,885,922,800,873,797,851,806,892,807
M,943,896,923,800,875,796,850,805,889,806
M,940,886,923,801,873,796,850,805,890,805
M,943,885,925,800,877,798,850,805,891,804
M,940,886,925,800,873,795,851,806,889,804
M,939,890,924,801,875,797,850,804,890,804
M,942,886,922,800,874,797,850,805,888,805
M,942,887,923,801,874,796,851,804,891,805
M,943,885,922,802,876,797,851,805,888,808
M,943,886,923,801,876,796,850,805,893,804
M,940,890,923,801,874,796,851,804,887,806
M,943,887,922,802,873,796,850,806,892,804
M,943,888,922,800,876,796,851,804,890,803
M,942,886,923,802,872,797,851,805,891,807
M,942,883,920,798,877,795,850,805,890,807
M,943,886,922,800,875,795,850,806,887,807
M,943,886,922,801,875,796,850,808,886,810
M,941,881,922,800,874,797,850,805,890,803
M,938,884,922,798,874,797,849,805,890,802
M,944,889,922,801,874,800,849,803,890,802
M,942,884,923,801,873,797,851,805,886,806
M,944,889,922,802,876,795,850,806,890,804
M,941,885,922,800,875,797,850,804,889,806
M,940,881,922,800,875,797,851,803,887,804
M,940,888,922,799,874,797,851,803,887,806
M,943,889,921,802,874,797,850,803,891,807
M,940,887,922,801,876,797,848,804,889,804
M,940,887,923,800,875,796,849,805,890,804
M,942,886,920,800,874,796,849,805,890,805
M,942,885,920,801,876,796,850,805,888,808
M,943,888,923,802,875,797,850,805,891,804
M,940,888,923,800,876,796,850,804,889,804
M,940,884,921,801,873,797,849,805,887,803
M,943,887,925,799,878,795,848,804,887,806
M,942,888,921,800,875,795,850,805,889,807
M,939,889,923,802,873,796,850,803,889,807
M,939,884,921,800,874,796,851,802,888,804
M,941,887,923,799,875,796,851,805,888,807
M,940,885,921,802,875,795,850,803,890,804
M,941,882,922,802,873,795,849,804,887,807
M,937,887,921,801,874,797,849,804,890,807
M,942,890,924,799,873,796,850,804,887,807
M,940,888,921,799,874,795,849,804,887,806
M,939,888,921,799,874,795,850,804,887,805
M,938,889,922,801,875,797,851,804,888,805
M,942,888,921,800,874,797,850,805,889,806
M,944,885,921,802,875,796,850,806,889,808
M,940,887,921,801,874,796,849,806,891,805
M,940,884,923,800,874,798,849,805,887,805
M,939,884,920,798,878,797,850,806,888,804
M,942,888,922,802,875,798,850,805,886,806
M,941,884,923,799,875,797,849,804,886,803
M,943,892,923,801,873,796,850,805,890,805
M,941,885,921,802,875,796,849,805,887,807
M,942,887,923,801,874,796,851,804,886,806
M,939,885,922,800,874,797,849,803,885,806
M,942,889,920,799,875,798,849,804,886,804
M,941,887,921,799,872,797,849,806,886,805
M,944,889,922,801,875,798,850,806,886,803
M,944,889,921,800,874,798,849,804,888,807
M,943,890,922,800,875,798,848,804,884,804
M,942,886,922,801,873,797,850,803,889,807
M,940,888,921,801,874,797,850,805,885,803
M,940,888,921,801,875,798,850,805,891,806
M,941,886,922,801,875,797,850,805,893,802
M,939,888,922,800,874,796,849,806,891,802
M,942,889,924,803,873,796,851,805,891,804
M,943,888,921,800,873,797,850,804,889,804
M,939,887,921,801,876,798,848,806,887,806
M,940,888,920,801,876,798,851,804,888,805
M,943,883,923,800,875,798,847,805,889,807
M,941,885,921,800,875,798,849,804,891,808
M,943,884,921,801,873,797,849,805,885,803
M,943,880,921,803,873,798,850,804,888,805
M,941,890,923,801,877,796,847,801,890,805
M,941,883,921,800,875,797,849,805,885,806
M,940,884,922,799,874,796,849,803,889,806
M,945,886,922,798,876,797,850,804,888,805
M,942,888,921,799,873,798,848,806,887,805
M,942,888,922,802,874,798,850,804,889,807
M,941,887,922,800,873,798,849,804,886,804
M,937,886,922,799,873,799,850,804,886,804
M,942,883,921,801,875,798,850,806,889,806
M,939,885,922,799,873,798,850,804,886,804
M,940,887,921,800,874,797,850,805,889,803
M,937,886,921,802,874,798,849,805,891,804
M,941,885,922,799,873,797,850,805,890,803
M,944,881,921,799,874,797,850,805,888,807
M,943,886,922,803,874,797,849,805,888,803
M,939,888,921,801,874,797,849,804,888,806
M,939,887,921,800,872,797,850,805,888,805
M,940,883,922,799,876,796,850,802,888,802
M,939,888,921,801,875,798,848,803,887,806
M,942,885,922,801,873,797,850,805,889,804
M,943,887,921,801,873,797,848,804,885,803
M,939,888,921,800,872,798,850,805,891,804
M,940,886,922,802,873,796,849,804,889,806
M,939,883,920,802,875,797,850,803,886,806
M,939,886,921,800,874,798,848,805,890,806
M,942,887,921,799,873,798,850,804,883,807
M,942,886,920,800,875,798,850,806,886,806
M,938,895,923,800,876,797,849,803,888,805
M,937,885,922,800,874,797,850,805,886,805
M,941,887,921,800,875,799,849,804,888,805
M,942,887,920,800,875,798,849,805,886,805
M,943,884,921,799,873,797,851,805,886,804
M,940,885,922,799,876,798,850,803,886,806
M,941,889,921,800,874,797,850,804,890,804
M,939,885,921,801,875,797,849,804,888,803
M,940,886,921,801,873,798,851,805,886,806
M,941,888,922,801,874,798,849,804,890,807
M,938,884,922,801,874,798,849,805,890,804
M,943,888,922,799,873,797,848,804,885,804
M,939,887,923,800,874,796,850,804,889,806
M,941,886,921,799,873,798,849,805,886,803
M,944,888,920,799,876,799,848,804,886,804
M,942,887,922,800,875,795,851,805,889,805
M,939,885,922,800,874,796,848,803,888,806
M,939,887,921,800,875,797,849,804,891,804
M,938,883,920,800,875,797,850,804,888,805
M,942,886,921,801,875,797,849,803,888,805
M,940,885,921,801,873,796,850,805,887,805
M,940,886,921,801,876,798,850,804,887,806
M,939,884,923,803,873,798,848,804,884,807
M,944,882,921,802,874,797,849,804,890,805
M,940,887,921,801,877,796,849,805,889,805
M,940,888,921,799,875,798,848,803,888,805
M,943,884,921,798,875,799,848,806,884,804
M,941,884,920,800,876,798,850,805,887,804
M,944,889,922,800,876,799,849,804,889,807
M,943,884,920,801,873,797,848,804,888,804
M,941,888,921,802,875,798,849,805,885,807
M,941,891,920,800,872,798,849,805,887,804
M,942,888,921,799,874,797,848,805,887,805
M,939,887,921,799,873,798,849,805,884,804
M,944,890,921,799,874,797,849,805,888,803
M,943,888,922,801,874,797,850,805,890,806
M,936,889,923,801,874,798,850,804,885,804
M,938,893,920,799,877,799,850,803,887,807
M,941,884,922,800,874,797,849,804,887,803
M,940,887,922,802,874,797,850,804,889,803
M,936,881,922,800,876,798,850,804,889,805
M,943,885,921,798,873,797,850,802,889,807
M,943,889,919,799,875,796,850,805,887,806
M,944,887,920,802,874,797,848,805,891,804
M,942,885,921,801,874,797,849,804,886,804
M,939,885,920,800,873,798,848,805,887,802
M,940,887,922,800,876,796,850,803,885,804
M,938,888,920,799,873,797,849,803,887,805
M,942,889,920,799,874,797,849,803,887,804
M,943,884,922,800,875,798,850,803,889,804
M,939,885,919,801,875,796,850,805,888,806
M,942,890,921,801,875,798,849,805,885,801
M,943,884,920,800,876,799,850,804,885,804
M,939,891,920,802,874,798,850,804,888,805
M,939,886,921,799,875,795,845,803,886,803
M,940,889,920,799,872,797,850,805,885,806
M,941,890,920,801,874,797,849,805,890,804
M,941,887,921,798,870,797,851,807,890,806
M,940,885,921,801,875,797,850,804,887,802
M,941,884,920,799,875,796,849,805,886,805
M,939,885,920,801,874,797,849,804,889,808
M,939,885,921,801,875,798,850,804,888,803
M,940,887,918,799,873,797,849,804,888,804
M,942,890,920,803,872,796,848,805,888,806
M,938,887,922,799,874,798,850,804,885,807
M,939,889,922,801,873,798,848,805,886,808
M,941,886,920,798,875,796,849,803,887,804
M,938,888,921,801,875,796,849,805,891,803
M,940,889,921,799,874,797,849,804,887,806
M,943,887,921,800,873,798,849,804,889,805
M,941,887,920,800,874,798,850,805,885,803
M,939,889,921,799,875,794,848,805,887,804
M,940,886,920,800,873,797,849,803,886,804
M,940,886,920,799,873,797,850,804,886,804
M,940,886,919,801,873,799,851,803,886,806
M,939,885,920,799,875,797,849,804,886,805
M,941,886,920,801,874,798,849,804,888,805
M,942,883,920,801,874,796,849,803,887,806
M,942,886,919,799,875,797,849,801,886,804
M,942,884,919,801,872,798,850,805,888,806
M,941,886,920,801,875,798,849,805,885,804
M,941,885,921,801,871,795,848,803,886,802
M,942,887,920,799,874,797,847,804,887,807
M,944,884,920,800,872,797,849,804,889,807
M,939,887,920,800,874,797,849,802,886,808
M,940,885,921,799,875,798,849,805,886,805
M,940,889,921,800,874,797,847,803,884,805
M,942,889,921,800,875,796,848,805,886,802
M,937,884,922,800,874,796,850,803,885,805
M,940,889,920,802,876,798,850,805,885,804
M,942,883,921,802,873,796,849,804,888,806
M,941,885,920,799,874,796,847,805,888,804
M,941,885,921,800,872,798,849,805,889,803
M,937,885,919,798,875,796,848,804,892,805
M,941,886,920,800,873,798,850,802,886,800
M,941,887,919,799,873,796,849,803,889,803
M,940,888,920,800,873,797,849,803,886,803
M,942,884,919,801,875,798,848,804,887,803
M,942,885,919,798,875,798,849,804,888,804
M,942,885,920,801,875,798,849,803,886,805
M,941,885,919,800,875,797,850,804,884,805
M,939,887,920,796,874,796,849,804,885,805
M,940,883,920,799,873,797,850,803,889,804
M,940,883,920,798,875,797,849,804,885,802
M,940,884,921,801,875,796,849,806,886,804
M,938,886,920,800,875,798,850,804,889,801
M,943,889,921,799,874,796,849,804,883,802
M,938,887,921,800,877,798,849,804,887,806
M,942,886,921,801,875,798,849,804,889,802
M,945,892,920,801,874,797,849,804,887,804
M,943,882,921,800,872,797,849,803,887,804
M,941,889,919,799,874,796,849,805,886,807
M,942,885,921,798,875,796,850,805,890,803
M,943,890,920,801,875,795,851,804,889,807
M,938,886,919,800,873,798,849,803,887,808
M,942,886,920,800,872,797,849,806,889,809
M,942,887,922,799,875,796,850,804,883,806
M,938,888,921,799,875,798,850,805,888,806
M,937,887,921,799,873,796,848,803,885,806
M,940,888,920,799,873,797,850,804,884,804
M,940,881,919,801,874,795,850,802,888,802
M,940,889,920,799,876,797,851,804,887,805
M,939,887,921,799,875,797,849,803,886,803
M,940,884,921,801,873,797,849,804,886,804
M,943,884,920,800,874,797,850,806,886,804
M,942,884,919,800,875,796,849,805,889,802
M,944,886,919,800,873,796,850,805,887,806
M,940,886,920,800,875,798,848,804,888,803
M,936,884,921,801,874,797,849,804,887,804
M,941,889,922,801,874,798,847,804,888,806
M,941,882,919,797,872,794,848,803,887,806
M,938,885,922,798,875,797,848,805,886,805
M,937,890,922,801,874,797,849,804,887,807
M,938,888,920,800,872,796,849,805,889,802
M,938,886,919,801,874,798,849,804,885,804
M,936,887,920,800,875,798,848,805,885,806
M,938,886,921,799,873,797,848,805,888,807
M,943,884,922,800,873,796,849,804,886,805
M,941,884,919,801,873,797,850,803,887,805
M,941,884,921,800,875,796,849,803,885,804
M,942,884,920,801,874,796,849,804,885,804
M,938,886,922,803,871,801,849,804,888,803
M,940,884,921,799,875,796,848,803,885,805
M,940,886,919,799,873,798,848,803,886,805
M,939,887,922,797,874,796,847,805,885,805
M,940,891,921,798,872,796,848,804,886,806
M,939,886,919,798,875,798,848,805,884,805
M,941,885,920,799,873,796,850,806,886,802
M,938,885,921,799,873,796,849,805,888,807
M,939,886,920,800,874,797,850,806,883,804
M,942,889,920,799,874,797,847,806,882,803
M,941,888,920,800,875,797,849,804,886,804
M,937,887,919,799,873,795,847,802,889,800
M,942,885,921,800,875,796,848,804,887,805
M,940,886,921,799,874,798,849,804,887,805
M,941,887,920,800,875,797,850,804,888,805
M,938,883,921,798,875,796,849,802,882,806
M,942,884,921,800,875,796,849,803,883,803
M,942,881,920,801,874,798,851,806,884,803
M,942,885,919,800,872,799,849,805,885,801
M,940,887,920,800,874,797,849,804,886,800
M,942,881,921,799,873,797,848,803,885,805
M,941,884,920,799,873,796,849,805,888,805
M,940,884,920,799,871,796,848,805,887,806
M,943,887,920,800,872,796,848,802,883,807
M,944,881,920,801,874,796,849,801,888,803
M,942,884,920,802,871,798,848,804,890,805
M,937,886,920,800,873,795,849,804,884,805
M,940,888,919,799,875,797,849,803,885,803
M,946,885,919,802,873,797,849,804,886,803
M,943,885,920,801,874,796,849,803,889,803
M,938,889,920,800,873,798,850,804,885,806
M,942,889,919,800,874,797,849,804,887,805
M,938,885,918,800,872,796,850,802,889,807
M,940,887,921,800,872,796,848,804,887,806
M,941,888,922,798,873,796,849,803,883,805
M,937,885,920,800,874,796,849,805,887,806
M,941,884,921,799,873,798,848,805,886,801
M,940,885,920,798,873,797,847,804,890,802
M,935,888,919,798,873,797,848,802,884,805
M,940,884,920,799,872,796,847,802,885,802
M,939,884,921,799,874,797,848,803,883,805
M,938,885,921,800,873,796,848,802,889,804
M,935,880,923,799,871,797,847,803,887,802
M,941,884,919,799,872,796,849,804,883,803
M,940,884,921,800,874,796,848,803,886,802
M,939,887,920,799,873,796,849,804,887,806
M,939,888,921,800,875,797,849,803,888,805
M,938,884,920,798,873,797,848,804,884,803
M,937,891,920,799,873,795,848,803,885,805
M,940,888,918,801,874,796,849,805,885,806
M,941,884,921,799,874,795,848,805,887,807
M,943,886,922,800,875,797,848,805,887,805
M,942,887,921,799,874,796,849,804,886,802
M,943,890,921,799,873,796,850,805,883,802
M,939,882,921,799,872,797,847,802,887,804
M,938,878,919,801,877,799,850,805,884,804
M,942,885,921,799,875,796,849,803,887,803
M,940,884,919,800,875,798,847,803,888,802
M,938,885,920,799,875,796,848,804,886,801
M,939,889,921,798,873,795,847,804,886,806
M,939,888,921,800,874,797,849,801,886,805
M,938,883,919,798,872,796,850,802,885,802
M,942,888,920,799,874,798,848,805,889,806
M,941,889,921,801,875,797,848,804,887,805
M,942,882,918,798,876,796,848,804,887,804
M,937,884,922,799,875,797,848,804,884,807
M,940,881,919,799,873,796,848,803,885,806
M,943,890,922,800,872,796,848,804,883,804
M,942,887,921,800,873,798,849,805,890,808
M,937,888,919,800,872,795,849,802,887,805
M,940,883,920,798,873,795,849,802,886,803
M,941,888,920,799,874,795,847,806,886,802
M,940,886,920,799,874,797,849,805,885,804
M,939,884,919,799,873,797,849,803,885,803
M,944,881,920,799,874,796,849,805,884,804
M,940,888,920,798,873,798,848,803,886,802
M,940,887,920,799,876,797,848,804,887,803
M,940,889,921,799,873,796,848,804,885,805
M,939,879,921,800,875,796,847,805,888,804
M,939,885,921,799,874,797,848,804,887,805
M,938,883,921,800,874,796,848,803,886,804
M,939,884,920,799,873,796,851,801,885,802
M,940,891,920,800,875,798,849,803,884,804
M,941,887,920,798,876,798,851,804,888,806
M,938,885,921,800,872,797,849,804,885,803
M,939,886,921,799,874,797,848,803,886,806
M,938,886,920,800,873,797,847,804,884,804
M,939,885,919,801,873,796,847,804,886,802
M,938,885,921,799,875,797,847,805,887,803
M,942,885,920,801,875,795,849,804,883,807
M,937,884,920,798,872,796,847,803,886,802
M,943,886,918,802,877,795,848,803,888,806
M,941,886,920,798,876,797,849,802,889,805
M,941,886,919,799,876,798,850,805,884,805
M,941,888,921,799,874,796,849,804,885,803
M,939,885,921,799,873,797,848,803,885,807
M,934,884,918,796,877,798,849,803,886,805
M,937,884,920,798,875,797,848,805,890,804
M,940,883,920,799,873,796,849,804,890,805
M,937,878,919,801,873,796,850,804,887,802
M,941,885,920,799,874,797,848,803,884,803
M,943,886,922,801,875,796,848,804,885,803
M,941,882,922,799,872,797,850,803,888,802
M,942,886,920,799,870,798,848,805,892,805
M,940,883,920,798,874,796,849,804,888,803
M,936,886,921,800,873,797,849,804,886,803
M,941,885,919,798,873,795,849,804,886,808
M,938,885,919,800,873,796,847,802,882,803
M,939,887,920,799,873,795,849,804,885,805
M,940,882,922,799,874,796,848,803,888,804
M,942,887,919,800,875,796,849,805,886,804
M,940,887,920,798,872,798,847,804,884,802
M,937,888,918,799,876,796,848,805,887,802
M,941,884,920,798,873,797,847,805,887,805
M,941,887,919,800,873,797,848,805,882,801
M,941,885,920,799,874,796,847,805,884,804
M,942,885,921,799,875,796,849,805,883,803
M,939,883,920,799,873,797,847,806,882,802
M,939,887,921,801,874,796,850,804,883,802
M,945,883,918,800,874,795,848,804,885,805
M,939,887,919,798,873,798,849,806,887,803
M,942,888,921,799,872,797,850,805,883,803
M,943,886,919,799,874,797,849,805,887,806
M,940,887,920,799,875,797,848,805,889,802
M,939,883,920,799,874,798,848,804,886,802
M,941,887,920,798,873,797,848,805,883,806
M,941,887,921,800,874,798,848,805,888,809
M,941,892,919,799,875,795,849,806,888,803
M,941,884,918,800,876,796,848,805,882,806
M,940,887,920,798,876,798,848,805,888,801
M,941,885,921,798,874,797,848,805,884,804
M,942,883,920,800,874,795,849,804,889,807
M,941,888,920,800,874,797,848,805,886,802
M,939,883,920,799,874,795,850,806,888,807
M,938,887,919,798,874,797,848,806,886,804
M,940,886,918,800,874,795,847,806,885,802
M,939,887,920,797,872,796,846,805,887,803
M,946,879,922,798,874,796,847,805,883,802
M,938,881,919,798,873,797,848,805,884,801
M,941,887,920,798,872,797,850,805,887,805
M,938,888,921,800,873,797,848,804,885,802
M,940,883,918,798,875,796,848,804,887,802
M,940,884,920,799,873,797,848,806,887,805
M,940,884,921,799,874,797,847,806,885,803
M,940,887,919,799,874,798,847,806,884,802
M,938,885,919,799,875,798,849,806,885,805
M,939,885,920,799,873,799,849,807,888,805
M,941,888,918,798,874,797,847,804,886,803
M,938,887,920,798,873,797,847,806,887,804
M,939,883,918,800,875,796,847,807,885,805
M,938,883,920,800,873,798,849,808,886,804
M,937,886,921,801,874,797,846,806,887,803
M,942,882,920,798,875,798,848,806,888,803
M,941,884,921,798,873,799,847,807,884,805
M,945,880,916,795,871,800,845,808,884,807
M,942,885,919,799,874,797,848,807,885,802
M,941,887,920,802,874,800,845,809,881,805
M,939,888,919,798,875,799,848,803,878,799
M,939,878,922,800,875,799,848,808,884,804
M,941,888,920,799,872,799,848,808,883,805
M,942,886,920,800,873,796,850,807,889,803
M,940,888,918,797,874,799,849,808,883,804
M,942,891,920,797,874,798,847,807,884,805
M,938,888,920,799,875,799,847,807,888,805
M,940,888,919,800,873,797,847,806,883,804
M,939,889,917,799,873,798,848,806,885,805
M,939,889,920,798,871,794,848,807,886,802
M,941,889,920,799,874,796,847,807,887,806
M,942,889,920,798,872,797,847,807,884,807
M,945,886,920,797,874,796,848,806,881,805
M,940,885,921,800,874,797,848,807,883,804
M,941,885,918,797,874,798,848,806,881,802
M,940,887,919,798,874,799,847,808,884,803
M,943,882,920,799,875,797,848,805,884,803
M,937,886,919,800,874,799,848,805,883,804
M,941,888,919,798,875,797,848,808,878,808
M,937,877,924,799,875,798,848,807,885,804
M,939,886,920,798,874,797,846,808,882,806
M,939,886,919,800,874,797,848,806,884,805
M,940,879,922,799,873,798,847,805,887,806
M,938,884,919,798,876,798,849,806,883,802
M,941,885,920,797,872,798,846,807,885,802
M,938,887,918,799,871,799,847,807,886,804
M,940,890,920,800,876,797,848,807,885,805
M,939,887,920,799,874,798,847,806,883,805
M,936,887,919,798,873,799,848,808,885,803
M,940,884,920,799,875,797,847,806,883,802
M,942,889,919,800,875,797,848,807,883,801
M,940,887,920,800,875,797,847,807,883,806
M,938,886,920,799,874,797,847,806,884,801
M,939,883,918,797,873,796,847,806,882,805
M,943,883,919,798,872,797,846,807,886,800
M,941,888,918,800,877,799,848,806,884,804
M,941,885,919,798,873,797,847,805,885,804
M,940,886,920,800,873,798,848,807,883,806
M,941,887,921,800,874,795,847,807,882,804
M,939,885,919,798,873,799,849,807,886,804
M,938,884,919,797,874,798,848,807,884,804
M,941,884,917,798,874,798,847,805,883,803
M,940,884,920,799,873,794,848,806,884,808
M,938,884,919,798,872,799,848,807,885,802
M,937,880,918,798,874,797,847,806,886,802
M,943,887,921,800,872,798,848,807,884,804
M,943,885,920,798,872,796,848,805,886,801
M,941,887,921,797,872,797,847,806,887,801
M,941,888,919,798,873,798,848,806,885,804
M,938,884,919,800,872,797,849,805,885,806
M,941,882,919,798,873,799,848,806,888,805
M,941,884,920,797,874,797,845,806,883,801
M,943,882,920,799,874,797,846,807,884,804
M,940,884,920,798,875,797,848,807,885,804
M,942,889,921,798,874,799,847,803,884,802
M,941,883,918,798,874,797,847,806,885,803
M,941,885,919,800,875,797,846,806,887,803
M,942,885,918,797,874,796,847,807,888,804
M,943,884,919,799,873,798,848,805,886,802
M,943,885,921,795,874,800,849,805,882,805
M,941,885,920,798,873,798,847,805,881,803
M,941,887,921,799,872,798,847,805,883,803
M,938,883,920,800,875,798,848,805,885,803
M,941,884,919,799,873,797,847,806,885,801
M,939,885,919,798,874,798,847,806,884,804
M,942,884,919,799,877,798,849,806,882,804
M,937,883,918,798,875,797,849,807,886,802
M,940,888,919,798,874,798,848,806,883,806
M,940,889,921,797,873,798,845,806,886,807
M,935,885,919,799,873,797,848,806,884,806
M,940,885,920,798,874,798,847,806,883,802
M,941,884,919,798,875,798,848,805,881,803
M,940,881,919,795,872,797,848,807,887,806
M,939,886,920,798,873,798,848,806,882,805
M,939,886,920,797,873,797,845,804,880,805
M,937,884,918,800,872,796,846,804,882,801
M,941,883,917,798,873,796,848,805,883,801
M,938,885,919,796,872,798,847,806,885,806
M,939,883,919,798,873,798,846,805,886,806
M,945,886,919,797,873,798,847,806,887,806
M,937,888,919,800,874,797,847,807,885,805
M,939,888,919,798,875,798,848,804,886,808
M,938,886,919,798,873,798,846,806,882,802
M,937,885,919,797,874,798,846,805,885,803
M,939,888,918,799,876,800,849,805,888,803
M,939,885,919,799,875,796,847,805,884,805
M,940,883,919,799,874,798,847,806,882,805
M,939,885,917,799,875,797,847,805,887,806
M,937,887,919,798,873,798,846,805,883,805
M,939,883,920,799,874,797,847,807,882,807
M,938,884,918,797,874,799,846,805,882,806
M,939,887,918,800,875,795,847,806,885,805
M,942,888,920,798,875,797,848,806,881,803
M,942,884,918,798,871,798,847,804,883,801
M,942,883,919,797,874,796,848,805,885,805
M,941,883,919,799,874,798,848,804,884,805
M,940,886,917,799,873,798,846,806,888,805
M,938,887,919,799,874,796,847,804,882,806
M,940,884,919,798,873,797,847,805,884,802
M,941,885,919,796,877,795,849,807,885,803
M,940,882,920,798,873,796,847,802,875,809
M,943,886,918,799,873,799,845,803,889,806
M,937,885,920,799,874,795,848,805,887,805
M,944,887,919,799,876,795,847,805,882,804
M,939,885,919,800,874,796,848,806,883,803
M,940,887,919,797,873,797,847,804,883,807
M,941,884,918,799,875,798,846,806,885,804
M,938,885,918,798,876,797,848,805,882,802
M,938,885,919,798,873,798,849,805,888,802
M,940,885,920,797,875,798,847,806,885,807
M,940,882,919,799,874,795,848,805,885,805
M,939,885,918,799,875,796,848,805,882,803
M,941,882,919,797,876,797,847,805,882,804
M,939,884,919,799,874,797,848,806,886,805
M,942,879,919,798,873,798,848,806,887,804
M,938,883,919,798,875,796,848,805,882,805
M,941,884,917,797,876,797,846,804,881,805
M,939,880,921,798,876,796,847,804,884,802
M,942,888,918,799,874,796,849,804,887,803
M,939,885,919,798,873,797,847,804,883,804
M,940,886,919,800,875,796,847,802,884,806
M,942,885,919,798,875,797,846,804,886,808
M,937,884,920,801,877,797,846,806,886,803
M,936,884,918,798,875,796,848,804,884,803
M,942,883,919,798,875,796,849,804,882,804
M,941,887,920,797,876,796,847,804,884,804
M,939,882,919,799,875,795,848,803,884,807
M,942,885,918,799,875,796,847,805,882,805
M,940,882,920,799,875,797,848,805,883,804
M,938,881,919,798,875,798,847,803,882,805
M,941,887,920,798,874,797,847,805,888,804
M,938,883,918,800,873,797,849,802,886,805
M,938,882,918,797,873,799,848,804,883,804
M,941,887,918,800,874,796,848,805,884,802
M,940,882,917,797,876,794,847,804,886,805
M,941,886,919,799,874,796,849,806,890,799
M,940,885,918,797,874,797,846,806,883,803
M,942,883,920,798,873,797,847,805,883,806
M,939,880,919,797,875,796,846,804,887,806
M,940,886,918,797,874,796,848,805,883,803
M,940,881,919,798,875,798,846,805,886,805
M,939,884,921,798,873,794,847,804,886,802
M,940,884,919,798,875,797,848,803,887,810
M,939,888,918,799,873,796,846,804,882,803
M,940,882,919,797,874,796,849,804,886,804
M,941,881,919,797,875,797,847,804,885,807
M,941,883,919,800,873,797,846,804,883,801
M,940,882,918,800,874,798,848,803,883,806
M,941,882,919,799,874,798,847,804,885,803
M,941,881,919,797,876,795,848,806,887,800
M,938,883,919,798,874,797,847,805,886,802
M,939,887,918,800,874,798,846,803,884,804
M,942,883,918,798,876,798,848,804,884,804
M,938,885,919,799,874,796,849,806,885,803
M,937,882,918,799,875,796,848,805,885,804
M,942,877,919,797,877,796,847,805,886,805
M,938,889,917,796,875,797,847,804,884,805
M,942,885,919,799,875,796,847,805,883,803
M,941,874,921,796,873,796,848,807,883,805
M,942,886,918,799,875,798,848,804,886,804
M,941,885,919,797,874,798,847,805,884,802
M,940,881,919,799,875,797,848,805,884,805
M,940,881,919,799,874,796,847,805,887,805
M,938,885,918,796,876,797,846,804,883,803
M,941,883,918,798,874,796,848,804,883,805
M,942,883,919,800,876,798,848,805,883,807
M,938,885,918,797,874,796,848,804,886,804
M,937,883,920,799,873,797,847,804,884,804
M,939,883,918,799,873,797,848,803,882,804
M,940,888,918,797,874,797,846,805,881,805
M,942,881,918,799,874,796,848,805,882,803
M,942,884,920,797,875,796,847,806,882,805
M,938,886,920,797,873,796,846,805,881,805
M,938,881,919,799,876,797,846,804,887,803
M,941,886,918,796,873,797,847,804,881,805
M,937,883,919,798,876,796,847,805,881,805
M,941,879,920,796,875,797,848,804,882,799
M,937,883,920,799,873,796,847,804,884,805
M,939,879,920,797,876,797,848,805,882,802
M,940,883,919,798,874,797,848,803,884,802
M,939,882,918,797,874,797,848,806,886,801
M,937,883,920,799,875,796,848,803,886,805
M,941,884,919,797,874,796,846,805,885,801
M,944,885,920,798,872,797,847,804,883,807
M,938,887,918,797,875,798,846,805,884,806
M,941,884,919,798,874,797,848,804,885,803
M,942,884,920,798,875,798,847,805,885,802
M,942,887,919,798,875,797,847,804,886,804
M,940,886,918,799,873,795,847,804,882,803
M,940,883,919,798,874,797,848,804,885,802
M,939,888,916,800,874,796,847,804,885,806
M,940,882,920,798,875,796,848,805,885,805
M,941,881,920,799,874,797,848,804,886,803
M,937,886,920,798,876,798,847,804,886,806
M,940,881,917,799,874,796,848,805,886,805
M,940,879,918,797,874,797,846,804,883,801
M,938,885,920,800,874,797,850,804,883,804
M,942,886,919,799,874,798,847,804,884,805
M,939,881,920,800,876,797,848,804,885,805
M,936,883,920,798,874,796,847,806,881,809
M,941,882,920,798,876,798,847,804,885,805
M,939,883,919,798,876,797,847,805,881,804
M,941,885,918,799,873,796,847,807,882,801
M,941,886,918,796,874,796,846,805,885,803
M,941,883,919,799,875,797,847,806,883,804
M,938,885,917,799,874,797,847,805,883,801
M,939,884,919,798,875,798,847,805,888,803
M,939,882,918,798,874,798,847,806,884,806
M,941,883,918,796,875,797,848,804,882,806
M,940,886,918,799,872,797,848,806,885,804
M,941,886,919,800,877,799,847,807,883,802
M,942,885,920,799,875,799,847,805,883,802
M,941,884,920,798,874,797,847,805,883,803
M,937,886,916,797,873,797,848,805,884,804
M,939,884,918,796,875,798,847,805,884,805
M,939,885,919,798,875,797,848,806,882,807
M,941,885,919,798,873,797,847,804,885,805
M,940,883,920,800,873,797,847,806,884,805
M,940,881,919,797,874,798,848,805,886,802
M,937,883,920,797,876,796,846,804,882,804
M,940,880,919,801,873,797,848,806,881,806
M,940,882,918,799,875,796,848,804,881,805
M,937,881,919,799,874,797,847,807,887,802
M,940,885,918,798,875,798,849,806,885,801
M,939,884,920,796,872,799,847,806,882,805
M,938,887,918,797,874,797,847,805,884,801
M,946,880,918,800,872,798,847,805,881,805
M,940,886,918,797,875,795,848,804,884,805
M,939,882,918,797,876,799,847,803,888,802
M,938,876,919,799,876,798,846,805,886,805
M,940,886,919,798,875,798,848,805,886,806
M,939,883,917,799,873,797,847,805,883,804
M,942,883,918,797,873,797,847,803,887,806
M,941,884,920,798,873,797,847,805,886,804
M,938,883,920,799,871,796,848,806,882,806
M,939,885,919,797,875,798,847,804,880,805
M,943,887,917,798,876,798,847,803,885,804
M,941,884,919,798,875,797,848,804,886,802
M,942,882,919,796,874,796,846,805,884,806
M,939,881,919,799,874,798,846,805,887,805
M,942,886,918,797,875,798,847,804,885,802
M,942,887,919,799,876,797,848,806,881,805
M,935,883,919,798,873,797,847,805,884,804
M,941,886,919,799,875,797,848,803,883,797
M,940,882,920,798,874,798,848,805,884,804
M,938,886,918,798,873,796,846,805,886,805
M,939,884,921,798,874,797,848,804,883,801
M,940,886,917,798,874,797,847,804,888,806
M,941,883,919,798,874,797,848,805,882,803
M,935,882,918,796,876,798,847,806,882,806
M,939,886,918,799,873,797,845,802,886,802
M,938,883,919,798,875,796,847,802,884,804
M,938,884,919,798,875,798,847,804,883,805
M,941,883,919,797,875,798,847,805,885,803
M,940,885,917,800,873,796,846,806,885,808
M,938,881,919,798,874,797,848,804,884,803
M,939,882,919,797,873,797,847,805,882,803
M,939,885,919,799,872,797,847,805,882,802
M,941,884,918,797,875,798,847,805,883,804
M,943,881,919,800,871,794,848,806,883,806
M,940,885,918,799,876,796,847,804,882,804
M,940,882,919,798,874,796,848,803,886,805
M,939,880,916,798,876,797,846,805,887,802
M,940,884,918,799,873,798,847,804,884,803
M,941,881,919,799,873,798,847,804,883,804
M,938,883,919,797,872,797,847,804,887,806
M,938,885,917,797,874,797,846,806,881,806
M,942,882,918,800,876,796,847,806,882,802
M,942,885,920,798,876,798,847,805,879,804
M,940,884,918,797,873,798,848,803,882,805
M,942,886,918,799,874,796,847,805,883,803
M,945,885,918,797,875,796,846,803,881,803
M,938,882,917,800,872,797,848,805,885,803
M,940,883,919,799,873,798,847,805,885,803
M,938,886,921,798,873,798,849,806,882,800
M,941,885,919,796,873,796,847,805,883,804
M,932,884,919,798,876,797,846,803,886,805
M,941,886,919,798,873,797,848,804,886,805
M,941,880,918,799,876,799,846,804,886,802
M,940,886,918,799,874,797,848,805,883,805
M,943,879,918,798,873,798,848,804,885,805
M,939,884,920,798,874,797,847,806,886,805
M,941,881,920,799,876,797,848,808,884,802
M,939,883,918,798,874,797,847,805,884,803
M,937,883,918,799,873,798,848,806,882,807
M,936,881,918,796,875,798,848,806,881,803
M,941,883,919,800,877,799,848,807,877,801
M,941,882,918,797,874,797,847,805,883,803
M,941,880,920,798,875,797,847,806,882,804
M,941,885,921,801,871,795,846,805,886,801
M,937,885,919,798,873,797,847,805,882,805
M,938,885,917,797,874,795,846,803,878,801
M,939,885,918,797,874,798,845,806,885,804
M,932,875,916,798,873,797,846,804,886,802
M,940,885,917,800,872,797,848,803,881,802
M,941,885,918,799,873,797,847,804,882,804
M,936,883,918,799,872,796,846,803,882,804
M,937,882,918,799,871,797,847,805,886,801
M,938,881,918,798,875,796,846,805,883,803
M,937,883,917,800,876,796,848,805,884,804
M,937,886,918,797,874,798,846,805,884,805
M,939,882,919,799,874,798,846,803,883,805
M,940,881,918,798,876,799,849,807,882,807
M,938,885,918,799,875,798,847,805,886,807
M,936,883,918,797,874,797,846,804,884,806
M,938,882,918,798,872,798,846,804,888,805
M,941,883,919,797,873,797,848,804,886,802
M,939,885,919,797,874,798,846,805,882,804
M,939,881,918,799,874,799,846,805,881,807
M,939,889,920,800,874,798,845,805,885,802
M,939,885,919,797,875,799,848,804,886,805
M,941,881,918,799,877,799,846,805,886,807
M,939,882,918,798,874,796,846,805,885,807
M,944,890,918,797,874,797,846,806,886,803
