N,934,865,921,799,871,795,873,820,848,800
N,933,864,921,799,871,794,872,823,847,799
N,936,862,922,799,869,794,872,820,847,799
N,933,864,922,798,868,795,872,820,848,802
N,933,867,922,798,869,794,869,822,846,802
N,934,869,921,799,870,796,873,823,846,800
N,931,867,921,798,871,796,871,820,848,802
N,934,870,923,800,869,794,871,823,843,801
N,932,865,922,797,869,793,873,822,848,800
N,935,865,920,798,869,794,870,824,848,801
N,934,865,921,797,871,793,870,822,845,798
N,934,870,921,799,868,795,872,821,848,799
N,935,864,921,798,869,793,871,822,846,799
N,931,868,920,798,871,794,871,822,849,802
N,933,868,920,796,868,794,871,821,848,800
N,932,866,921,798,870,794,872,821,848,798
N,927,872,922,797,869,793,871,823,846,798
N,933,865,922,796,869,794,872,821,847,799
N,933,866,920,797,868,792,872,820,847,801
N,934,867,921,798,869,793,871,819,844,799
N,935,867,919,797,870,795,871,819,849,801
N,934,869,921,797,868,794,871,821,847,800
N,934,867,919,797,869,793,869,820,849,799
N,931,868,920,796,868,794,871,819,848,800
N,937,870,921,797,868,792,869,820,847,803
N,932,867,919,796,869,793,871,819,846,799
N,935,868,920,796,871,793,871,817,848,797
N,934,868,919,796,870,794,871,818,849,798
N,933,871,919,799,868,794,871,818,848,799
N,935,866,920,795,869,792,870,820,845,801
N,937,864,918,796,867,790,871,818,847,801
N,932,867,921,795,869,794,871,821,849,798
N,933,870,919,797,869,792,870,818,847,800
N,934,863,919,796,870,793,873,819,847,800
N,933,872,919,794,868,794,871,819,849,799
N,936,865,921,794,870,792,871,820,850,802
N,933,868,921,795,870,794,872,820,849,801
N,932,866,918,795,867,794,872,817,849,798
N,935,869,920,797,869,793,871,819,846,799
N,932,873,918,798,868,793,872,819,849,801
N,935,868,920,797,868,793,870,819,848,801
N,933,869,918,795,868,794,872,819,848,800
N,931,868,918,796,868,792,870,820,849,798
N,936,868,920,797,867,794,871,818,850,800
N,936,864,920,797,869,793,870,819,848,796
N,935,870,919,796,866,794,872,818,850,802
N,935,869,918,797,867,794,871,819,850,799
N,932,867,919,795,868,793,870,819,846,797
N,932,867,919,796,867,794,871,818,847,797
N,933,871,917,797,869,792,871,819,845,799
N,935,867,918,796,868,793,871,819,848,801
N,932,869,918,796,867,792,870,817,850,800
N,935,866,920,796,869,793,872,820,848,798
N,934,869,919,796,868,792,870,820,849,799
N,935,864,919,795,865,794,870,820,849,797
N,928,867,919,795,867,794,871,819,849,797
N,934,866,919,797,866,794,871,818,845,796
N,932,870,920,797,866,793,872,820,849,799
N,934,871,920,797,867,793,872,820,848,795
N,925,862,917,793,867,791,871,818,847,800
N,935,869,919,795,868,791,872,818,846,801
N,931,867,919,797,866,792,873,821,851,798
N,933,868,919,795,868,793,869,819,850,796
N,935,866,920,796,866,795,872,819,850,798
N,934,868,918,794,866,791,871,817,847,800
N,934,869,918,794,867,792,872,820,848,799
N,934,869,917,796,868,793,870,820,847,802
N,933,867,918,795,867,793,869,819,849,801
N,933,864,919,794,867,792,871,820,846,798
N,933,867,918,796,867,793,871,819,848,796
N,930,867,918,795,865,793,871,818,849,798
N,935,869,918,794,867,793,870,819,847,801
N,931,865,918,794,869,792,870,818,848,801
N,935,871,918,796,867,793,871,819,848,800
N,932,868,920,797,866,794,871,818,848,800
N,933,868,918,795,865,792,871,820,850,800
N,931,868,917,797,867,792,870,820,848,799
N,932,868,918,796,869,793,870,820,850,799
N,932,865,919,794,868,795,871,821,846,799
N,931,868,918,795,868,794,870,822,848,799
N,932,867,918,797,868,793,870,821,844,799
N,933,869,918,795,868,794,870,821,843,796
N,931,873,916,794,868,793,871,820,847,800
N,932,867,918,795,867,794,871,820,849,799
N,928,867,919,796,868,793,870,821,849,798
N,935,869,917,796,868,793,870,821,848,798
N,931,868,918,795,868,794,870,821,845,801
N,935,871,917,796,868,793,871,818,848,801
N,931,870,918,795,866,793,871,818,848,801
N,929,868,919,796,866,794,870,818,848,799
N,931,871,917,794,865,794,868,819,844,798
N,934,870,917,794,868,793,870,819,842,802
N,934,863,918,794,868,794,871,820,846,798
N,932,872,918,795,867,794,868,819,847,798
N,934,868,917,796,867,794,870,820,849,800
N,933,869,917,795,868,794,869,818,849,799
N,931,868,919,796,867,792,868,818,849,800
N,934,872,919,793,867,793,870,821,847,799
N,930,864,919,794,865,794,870,819,844,800
N,930,867,917,792,870,794,870,816,852,800
N,932,868,918,795,866,793,870,820,849,797
N,932,868,918,794,867,795,871,820,848,798
N,929,867,918,795,867,793,870,819,847,799
N,931,867,918,796,867,793,869,819,847,799
N,934,871,918,796,867,794,870,821,850,799
N,933,870,918,796,865,795,868,821,846,798
N,934,867,918,795,868,794,869,820,848,801
N,934,872,916,793,866,794,871,819,845,797
N,935,867,918,796,867,793,870,819,848,799
N,933,868,918,793,867,795,870,822,846,797
N,933,869,918,795,866,794,870,818,844,798
N,934,876,916,793,868,793,869,819,847,799
N,931,867,916,796,869,792,870,819,847,800
N,934,864,917,797,870,793,870,819,845,797
N,932,870,919,794,868,793,869,820,848,799
N,930,871,917,793,868,792,870,817,849,798
N,933,868,917,794,867,794,869,819,849,799
N,933,869,917,795,868,794,870,818,848,800
N,935,869,915,794,869,794,868,818,847,800
N,934,867,917,794,867,793,868,819,848,799
N,932,873,917,794,866,792,869,819,845,799
N,932,872,918,794,867,793,871,819,850,799
N,933,871,917,794,870,793,868,821,851,798
N,933,872,917,793,868,792,868,819,846,796
N,936,869,917,793,868,793,870,820,844,798
N,934,872,917,793,866,794,869,819,848,799
N,931,868,917,796,866,789,870,820,850,796
N,933,868,917,793,867,792,868,819,845,797
N,936,873,917,793,867,793,869,818,848,798
N,933,869,916,793,868,792,869,817,849,799
N,932,869,918,794,866,794,870,819,849,797
N,933,867,917,794,867,793,868,818,844,800
N,932,868,917,794,867,794,868,820,846,801
N,929,868,916,794,868,792,868,819,845,797
N,931,869,918,794,867,793,869,819,845,795
N,931,867,916,796,867,791,870,817,848,801
N,933,868,917,793,866,793,869,818,847,798
N,933,865,917,794,867,792,868,818,847,798
N,932,871,917,795,867,792,870,818,848,801
N,935,869,917,794,869,794,868,819,845,798
N,931,868,917,796,867,792,867,821,850,798
N,932,870,917,794,866,793,870,820,848,796
N,932,866,917,795,865,795,869,819,847,797
N,933,870,917,794,867,793,868,820,844,799
N,933,869,915,794,866,794,869,821,849,801
N,933,867,916,793,866,793,869,819,847,796
N,930,871,915,794,867,793,870,821,849,799
N,931,867,915,793,868,794,868,819,847,798
N,931,871,916,794,868,794,869,820,847,798
N,933,875,917,794,867,794,869,819,845,801
N,932,866,916,794,866,793,869,820,847,798
N,933,873,915,794,863,796,868,818,847,799
N,934,869,917,795,866,793,869,819,848,799
N,932,872,916,793,866,793,870,817,846,802
N,932,868,916,793,868,794,867,819,846,799
N,935,865,915,795,864,793,869,818,846,798
N,933,871,916,794,868,793,867,818,845,800
N,932,868,916,794,866,794,868,817,845,800
N,936,868,916,793,867,793,868,820,845,797
N,932,872,917,794,866,794,869,818,849,799
N,934,869,917,794,865,797,866,819,845,798
N,935,869,917,792,868,793,868,820,845,798
N,930,867,916,793,866,792,869,819,846,798
N,933,867,915,795,866,793,868,819,846,795
N,933,867,917,792,867,794,867,820,849,797
N,935,870,917,793,866,793,870,819,844,801
N,935,865,917,791,867,794,869,818,846,799
N,935,873,915,793,866,795,867,822,849,799
N,929,869,917,793,868,794,868,819,844,801
N,931,868,915,794,867,794,867,817,847,798
N,931,871,917,795,866,794,867,820,847,799
N,934,869,917,793,867,794,867,819,846,796
N,930,869,917,793,868,794,867,819,849,799
N,934,870,916,793,865,793,868,818,847,800
N,936,870,916,795,865,793,868,820,845,799
N,934,868,917,793,865,795,868,818,850,796
N,930,872,917,796,867,791,868,817,849,799
N,933,868,916,793,868,793,867,819,846,798
N,936,869,916,794,866,793,868,818,846,800
N,931,868,915,793,865,792,868,818,847,796
N,934,870,916,793,868,793,868,818,843,801
N,932,868,915,793,866,793,869,818,848,796
N,935,871,916,793,865,793,867,819,848,799
N,931,871,915,793,868,792,868,820,846,798
N,931,870,916,793,867,793,868,817,849,802
N,933,872,915,795,867,794,866,819,848,797
N,933,867,914,791,867,792,867,818,844,800
N,933,871,917,794,867,794,868,819,848,800
N,932,867,916,795,865,793,869,819,847,800
N,930,867,917,792,865,793,869,819,848,799
N,933,869,916,794,867,795,869,818,849,798
N,930,866,914,794,867,792,868,819,848,800
N,930,871,918,793,869,793,867,818,847,799
N,929,870,916,793,865,793,868,818,847,797
N,935,869,916,794,867,793,868,818,844,797
N,935,867,915,794,868,792,868,820,846,798
N,935,869,916,792,867,792,869,817,846,797
N,933,871,916,794,867,793,868,818,847,800
N,935,871,916,792,868,793,868,819,846,800
N,931,867,916,792,869,793,868,814,847,797
N,932,871,915,793,867,792,868,818,848,797
N,936,870,915,794,868,794,868,820,847,798
N,932,870,916,794,866,795,867,818,851,798
N,934,871,915,794,866,792,867,817,846,798
N,933,870,915,795,866,792,868,819,851,801
N,932,869,916,792,866,793,867,817,846,799
N,930,868,916,793,865,793,867,819,845,797
N,934,870,916,794,868,794,868,817,849,798
N,932,870,916,793,868,795,867,818,846,796
N,934,870,913,793,865,793,867,820,851,798
N,932,867,915,793,868,794,867,818,849,798
N,935,870,917,794,866,793,868,819,850,800
N,932,866,917,792,865,793,868,818,848,797
N,930,871,915,794,867,795,866,819,846,800
N,934,867,915,794,866,795,867,819,849,797
N,934,867,916,795,867,793,866,818,846,800
N,931,868,916,794,864,791,865,819,848,803
N,935,868,914,794,867,794,867,817,846,797
N,934,869,916,794,867,793,867,819,848,798
N,933,868,916,793,866,793,867,818,845,800
N,933,872,917,794,868,793,866,820,849,799
N,931,870,915,794,867,793,868,817,848,798
N,935,871,915,793,866,792,867,819,844,800
N,932,869,916,794,866,793,867,817,848,795
N,934,870,915,795,865,792,866,818,847,798
N,934,871,916,793,867,793,868,818,847,797
N,932,870,914,794,864,793,868,819,847,799
N,934,867,916,793,867,793,868,817,847,802
N,934,869,915,793,867,793,868,819,849,798
N,935,867,917,794,866,793,867,819,844,798
N,931,867,916,793,868,794,868,816,843,795
N,935,868,916,794,867,793,866,817,845,799
N,933,868,915,792,867,793,866,817,846,800
N,933,866,916,794,869,792,867,817,843,798
N,932,868,915,793,866,792,868,820,847,801
N,935,871,915,793,866,794,867,819,845,800
N,935,867,914,794,867,793,867,817,847,798
N,931,869,916,794,867,793,866,816,845,802
N,932,869,917,794,866,793,866,817,846,796
N,932,867,916,793,865,793,867,819,847,799
N,933,871,915,792,866,792,867,818,848,800
N,932,866,918,792,865,793,868,818,847,796
N,934,867,914,793,866,793,868,818,848,799
N,932,869,916,794,864,793,864,818,847,797
N,933,866,914,794,864,793,867,817,846,800
N,932,868,915,793,866,794,867,819,847,800
N,931,868,916,794,866,794,865,818,845,800
N,931,868,916,792,866,793,868,817,846,796
N,934,868,916,792,868,794,868,817,849,797
N,932,868,916,794,868,794,867,816,842,798
N,928,870,915,793,866,793,867,817,848,796
N,935,870,915,792,864,794,867,818,850,797
N,932,869,916,794,868,794,866,817,847,796
N,934,872,916,793,865,795,866,817,846,796
N,934,869,916,792,865,794,867,817,848,797
N,930,865,914,795,865,792,867,818,845,797
N,932,870,916,793,865,794,867,818,847,796
N,932,867,916,795,865,794,867,816,846,798
N,932,871,916,794,866,794,865,821,848,796
N,931,867,916,792,866,792,866,817,845,797
N,934,869,916,793,864,794,867,818,847,796
N,933,868,916,793,867,793,867,819,845,797
N,932,866,915,793,865,793,865,818,848,798
N,932,865,915,792,867,793,865,821,850,795
N,932,867,916,793,867,792,866,818,845,797
N,931,867,915,793,866,794,867,816,848,798
N,935,870,915,794,866,794,868,817,846,800
N,934,869,916,794,867,793,866,817,846,797
N,933,866,915,792,867,794,866,819,845,796
N,933,867,915,794,866,793,866,820,844,799
N,935,871,915,793,866,791,866,816,845,798
N,930,867,914,794,865,794,867,817,845,796
N,932,868,915,792,866,794,866,818,847,798
N,933,869,914,792,867,794,866,816,845,799
N,936,874,913,790,864,796,867,818,846,798
N,929,866,915,793,866,792,866,819,848,799
N,934,868,914,791,869,794,865,818,846,798
N,928,866,913,792,865,792,865,817,845,798
N,934,868,916,795,864,793,867,818,847,799
N,930,868,916,794,865,793,869,818,845,797
N,936,865,913,794,867,794,867,819,845,797
N,931,870,915,792,868,792,866,820,846,799
N,932,869,915,793,865,792,866,819,846,798
N,930,867,913,793,866,794,867,817,845,801
N,936,867,915,794,866,795,865,816,848,799
N,932,869,914,793,867,793,867,817,846,799
N,932,866,915,793,865,792,867,817,846,798
N,934,865,915,796,864,797,869,816,847,798
N,935,868,914,794,867,794,867,818,846,799
N,933,869,914,792,866,793,866,817,845,794
N,933,871,914,795,864,794,867,817,847,801
N,932,866,916,795,866,793,865,817,845,801
N,934,865,915,794,866,793,867,817,849,797
N,931,871,915,794,867,793,866,817,845,799
N,933,868,913,792,866,793,868,815,850,798
N,932,867,914,794,866,793,867,818,845,799
N,935,870,914,793,865,793,866,818,845,799
N,932,865,913,792,866,793,866,817,845,798
N,932,868,915,792,865,793,866,816,846,798
N,933,870,915,792,868,792,865,818,843,797
N,934,867,913,794,866,793,867,817,848,799
N,932,868,914,792,867,793,867,818,847,800
N,933,866,915,795,866,793,867,817,847,798
N,934,872,914,795,865,794,864,818,847,799
N,934,870,914,792,866,793,867,818,844,796
N,936,865,915,792,865,793,866,818,846,800
N,935,865,914,793,864,793,867,819,845,797
N,931,866,914,794,867,791,867,817,847,798
N,932,865,914,794,866,792,866,816,845,798
N,933,870,915,793,865,794,867,818,847,798
N,935,869,913,792,866,794,867,817,848,799
N,928,869,914,794,866,793,867,816,845,798
N,932,870,914,792,864,792,866,818,844,799
N,931,872,914,793,865,792,865,818,845,798
N,932,865,915,794,867,793,865,818,848,802
N,932,871,915,794,866,793,866,818,847,798
N,932,864,914,791,867,794,866,817,849,798
N,936,867,915,794,867,792,866,817,846,797
N,933,871,914,792,867,794,868,818,844,798
N,934,870,914,794,865,791,865,817,844,799
N,931,869,914,793,866,794,867,817,845,798
N,934,867,915,793,865,793,866,817,847,800
N,934,868,915,795,865,794,866,816,848,798
N,933,866,914,793,867,794,867,817,843,796
N,932,865,913,794,864,793,867,819,844,798
N,932,868,915,792,865,793,868,812,846,796
N,933,865,914,793,865,792,866,816,848,797
N,932,866,914,793,867,793,866,817,847,798
N,936,866,913,796,863,793,865,816,846,797
N,934,866,914,794,867,793,866,818,847,800
N,929,865,916,792,866,794,868,816,844,799
N,932,866,915,795,866,794,867,818,845,799
N,932,869,915,793,865,793,865,818,844,799
N,931,867,914,793,866,794,866,819,846,799
N,933,868,914,793,863,793,866,817,848,798
N,933,869,915,792,867,793,865,819,848,799
N,935,868,914,793,864,793,866,818,847,796
N,931,870,914,792,866,792,867,817,849,796
N,934,868,913,794,865,794,865,816,843,799
N,930,866,913,793,865,794,866,819,847,796
N,929,869,915,795,864,793,867,818,848,800
N,933,868,913,793,864,794,866,816,847,798
N,936,867,914,792,866,793,867,817,846,800
N,935,873,914,791,863,792,867,818,845,800
N,932,869,915,795,867,795,865,818,845,796
N,931,864,913,794,865,795,867,818,846,799
N,933,869,914,793,867,794,866,818,848,796
N,935,870,913,794,866,793,867,815,843,799
N,931,866,915,793,867,794,865,816,846,800
N,931,868,914,793,865,793,866,817,848,798
N,935,864,914,791,864,792,865,818,847,799
N,932,869,915,792,866,793,866,819,850,798
N,932,865,915,794,866,793,866,818,846,797
N,934,871,913,794,865,794,866,816,848,797
N,936,869,914,792,867,794,865,816,846,795
N,932,868,915,794,866,792,866,817,845,794
N,931,865,914,792,866,792,865,817,848,799
N,936,866,915,794,867,794,868,815,850,798
N,934,866,915,793,866,793,865,818,847,800
N,933,868,914,793,867,794,865,818,846,796
N,931,867,913,793,867,793,866,818,848,801
N,931,867,913,793,866,794,867,817,844,797
N,932,868,915,792,864,794,865,817,845,796
N,933,866,915,793,866,792,867,817,846,799
N,931,867,915,792,865,793,866,816,849,799
N,934,865,915,794,866,794,866,817,847,797
N,932,867,916,792,865,793,866,818,846,797
N,933,869,913,794,865,794,866,816,843,800
N,932,867,915,793,866,792,867,815,845,799
N,934,868,915,793,865,793,865,818,844,797
N,933,868,915,793,866,792,865,818,846,797
N,932,864,914,793,865,793,866,818,849,799
N,932,865,915,793,864,794,866,818,844,796
N,934,867,915,793,867,793,866,813,845,796
N,928,864,915,794,864,793,866,816,846,798
N,932,868,914,792,866,793,866,818,845,799
N,931,865,914,793,865,794,867,818,845,797
N,934,866,914,793,866,793,865,817,843,798
N,931,867,911,793,866,793,865,817,849,795
N,932,867,912,793,865,793,867,816,848,798
N,931,869,914,793,866,793,865,817,844,795
N,935,866,914,793,865,794,866,817,848,800
N,934,864,913,793,866,793,864,817,845,801
N,933,864,913,793,867,793,865,818,848,797
N,926,871,915,794,863,794,865,818,845,797
N,933,867,915,791,866,794,865,818,847,798
N,933,868,914,794,865,794,866,816,846,798
N,933,867,914,794,866,793,866,816,846,798
N,934,865,913,795,864,792,867,813,847,800
N,939,874,913,793,866,792,865,815,843,798
N,934,867,913,795,866,794,865,817,849,797
N,930,870,916,793,865,794,865,817,849,801
N,931,868,913,792,866,794,864,818,845,797
N,932,864,913,792,863,795,865,815,848,797
N,934,867,915,794,867,795,865,818,846,798
N,936,864,911,791,867,793,867,816,847,798
N,932,868,915,792,867,793,865,817,845,799
N,931,868,914,793,867,793,866,817,845,801
N,931,873,916,795,866,792,866,817,846,800
N,930,865,913,792,867,794,865,815,845,799
N,933,863,913,794,864,792,865,816,847,800
N,930,867,914,795,865,793,864,818,844,801
N,934,868,914,794,865,793,864,818,849,799
N,934,868,915,792,865,793,866,818,844,798
N,932,867,914,795,865,793,864,818,845,801
N,936,866,914,795,865,794,864,816,848,799
N,934,867,913,793,866,794,866,818,846,800
N,934,870,914,794,866,792,866,816,844,799
N,928,870,913,790,866,794,865,817,846,798
N,930,865,914,793,864,794,865,816,845,798
N,935,864,914,794,865,794,864,819,845,798
N,932,865,914,793,866,795,866,818,848,799
N,932,866,913,794,864,793,866,818,845,799
N,932,869,915,793,865,794,865,819,847,796
N,932,870,913,793,864,795,866,816,843,799
N,930,866,915,794,866,795,866,817,845,798
N,935,873,916,792,864,793,864,817,846,800
N,933,870,914,792,865,794,864,817,843,797
N,932,864,914,794,864,793,865,816,843,797
N,931,866,914,792,864,794,865,817,847,798
N,935,866,913,794,867,794,864,817,843,795
N,934,869,915,794,864,795,866,818,844,800
N,935,868,915,792,865,794,864,817,849,801
N,935,864,912,792,865,793,866,816,844,799
N,933,866,915,794,865,794,864,819,849,801
N,932,865,913,792,865,794,865,818,847,799
N,935,866,915,793,866,793,866,818,849,797
N,932,866,913,793,866,794,865,817,847,799
N,932,869,913,794,864,793,865,818,844,798
N,930,871,913,794,864,795,865,818,847,798
N,935,866,913,792,867,792,866,818,845,799
N,930,869,916,793,867,793,865,819,846,797
N,935,871,914,794,864,794,865,817,843,797
N,933,868,914,793,864,794,866,816,846,799
N,934,864,914,792,866,793,865,818,847,799
N,930,863,913,791,865,794,865,816,846,798
N,930,870,913,793,866,794,863,818,842,797
N,936,863,913,794,867,794,865,817,848,798
N,930,867,913,793,865,795,865,816,844,796
N,937,871,916,793,867,794,864,817,844,799
N,931,864,913,794,865,793,864,818,844,799
N,930,871,915,793,867,793,864,817,845,797
N,931,866,915,793,864,796,864,818,844,798
N,936,863,914,792,867,796,865,819,844,797
N,932,864,913,794,864,795,863,817,845,799
N,931,864,914,795,865,795,864,817,844,800
N,931,868,913,795,865,793,865,817,847,799
N,929,866,913,793,865,796,864,817,846,799
N,929,862,915,794,864,795,864,817,847,796
N,931,865,915,794,866,793,864,816,846,799
N,931,868,914,795,864,794,865,818,842,801
N,935,863,913,794,864,794,865,817,844,797
N,932,864,912,790,866,796,864,819,848,800
N,933,867,915,795,862,794,865,819,845,800
N,933,868,913,795,866,795,864,818,848,797
N,933,867,914,795,864,794,862,819,846,799
N,934,867,914,795,866,795,865,818,842,798
N,934,868,913,793,866,794,864,817,843,797
N,936,870,915,792,866,794,864,815,845,795
N,934,865,912,792,864,793,864,817,846,800
N,924,870,915,793,866,792,863,818,844,800
N,935,868,913,792,866,794,863,816,846,797
N,933,867,914,794,865,793,863,817,846,799
N,934,867,913,793,865,794,862,815,842,801
N,935,867,914,794,866,793,863,818,845,800
N,931,868,913,791,866,793,864,816,847,797
N,936,866,914,793,864,793,863,816,845,799
N,931,866,914,793,863,794,864,815,843,798
N,932,863,913,792,863,794,864,817,845,797
N,934,867,913,793,864,794,864,815,847,800
N,934,868,915,794,864,794,863,818,843,800
N,935,868,914,792,865,793,862,819,847,798
N,930,869,914,794,864,793,864,818,845,797
N,933,868,914,794,865,795,864,817,844,798
N,936,864,915,795,864,794,864,818,846,797
N,932,864,914,793,865,793,863,816,845,800
N,935,863,914,793,865,795,864,816,847,796
N,938,867,914,795,864,795,864,818,845,801
N,934,866,913,794,863,793,863,817,843,798
N,934,868,914,793,865,793,864,816,843,797
N,935,866,914,792,865,794,863,819,847,797
N,936,866,914,793,864,794,863,817,847,798
N,937,865,914,795,863,794,863,817,848,798
N,939,866,913,794,863,794,864,817,845,800
N,938,863,914,793,864,794,863,817,844,800
N,936,864,914,792,865,793,863,818,844,797
N,935,864,913,794,864,794,862,816,844,798
N,934,866,913,794,864,794,863,818,843,801
N,937,864,913,792,864,794,862,815,845,798
N,936,865,914,794,866,792,864,818,846,799
N,937,864,911,792,863,794,863,817,842,800
N,936,868,914,793,865,794,863,817,844,801
N,933,868,913,792,863,794,863,815,844,799
N,934,870,911,794,863,793,864,818,844,800
N,935,867,914,794,863,795,861,813,848,798
N,934,864,915,791,865,795,863,818,844,797
N,936,868,914,794,864,795,864,818,841,797
N,932,872,916,793,864,794,863,818,844,799
N,936,868,913,793,865,795,863,817,845,802
N,934,871,914,792,863,794,863,817,843,795
N,934,866,914,794,864,793,863,817,847,800
N,934,863,913,792,864,793,862,816,845,799
N,934,864,913,793,863,794,863,818,842,798
N,935,865,913,794,862,793,865,817,841,796
N,933,869,914,792,864,794,864,816,844,797
N,936,869,913,791,866,794,862,816,844,800
N,933,866,915,794,866,793,862,818,844,798
N,936,864,913,793,863,794,863,817,844,799
N,936,865,911,794,864,794,861,817,843,798
N,937,865,914,794,865,793,862,817,844,798
N,935,865,914,793,866,794,860,817,849,793
N,937,862,913,793,864,793,863,817,844,800
N,933,869,916,796,866,794,863,816,846,800
N,934,865,914,793,862,792,861,817,846,800
N,932,867,914,793,864,795,863,817,843,797
N,933,868,913,794,865,794,863,815,842,798
N,934,869,913,793,863,793,863,816,844,798
N,935,869,914,792,863,793,864,816,844,800
N,935,868,913,793,866,792,861,819,843,795
N,937,862,913,791,866,795,863,818,843,799
N,937,870,917,790,862,794,862,817,846,798
N,936,867,914,793,863,794,862,817,845,796
N,931,863,916,792,864,793,865,817,847,797
N,932,859,914,793,864,793,863,815,844,799
N,940,862,914,794,865,796,862,815,845,798
N,936,867,913,793,865,794,863,818,845,798
N,933,864,913,795,865,794,862,816,842,800
N,936,868,913,793,864,791,863,815,845,799
N,930,868,915,791,862,793,864,816,842,800
N,931,871,914,792,865,795,861,817,843,795
N,938,870,915,793,864,794,863,818,845,797
N,938,868,914,794,864,794,863,817,844,798
N,933,865,913,793,863,793,863,817,846,796
N,935,864,911,793,866,795,862,816,845,798
N,935,866,913,793,865,794,862,817,846,799
N,934,868,914,794,861,792,862,817,845,795
N,934,865,914,794,864,794,863,818,844,799
N,931,867,912,792,866,793,862,817,845,795
N,935,864,914,793,863,794,863,817,845,798
N,936,866,913,793,865,793,863,815,848,799
N,938,862,915,792,865,794,864,817,845,798
N,928,872,915,793,865,793,862,817,843,797
N,934,869,913,794,863,794,862,818,842,796
N,935,862,912,792,861,792,862,816,845,800
N,936,864,912,792,865,794,864,816,845,799
N,937,870,913,793,864,794,864,815,844,800
N,941,864,915,793,866,793,863,818,847,798
N,935,867,914,792,863,794,862,816,845,799
N,934,867,913,793,863,792,862,816,846,800
N,934,867,915,794,862,793,859,817,841,799
N,934,868,913,793,866,795,864,815,841,799
N,936,868,912,794,865,793,863,818,845,797
N,939,866,913,791,864,793,863,819,844,797
N,938,865,913,793,865,792,864,815,842,798
N,935,868,914,794,864,794,862,816,843,797
N,931,866,911,792,866,794,863,816,843,799
N,937,869,913,794,862,794,863,817,844,799
N,935,868,914,791,866,792,864,817,844,798
N,939,875,912,795,862,794,862,817,844,800
N,934,869,914,792,865,794,862,817,841,797
N,938,868,911,792,865,792,863,816,842,796
N,937,868,912,794,864,792,862,816,843,797
N,931,866,914,794,866,793,862,815,846,800
N,936,869,914,792,863,793,863,817,843,797
N,933,867,912,793,862,795,861,816,846,797
N,938,868,913,792,865,794,862,818,845,801
N,936,867,912,793,861,794,862,817,843,801
N,937,864,913,793,864,793,863,814,842,798
N,935,868,912,793,863,794,863,818,845,798
N,933,870,914,794,863,793,864,816,842,796
N,935,865,913,791,864,793,863,817,843,799
N,936,866,912,793,864,793,862,818,845,798
N,938,865,912,793,863,793,861,815,844,800
N,937,866,913,792,863,795,862,815,843,796
N,933,864,912,793,864,793,863,817,844,800
N,936,864,913,793,863,793,863,816,844,798
N,932,863,913,792,863,794,863,817,843,799
N,936,868,913,793,864,794,861,817,846,798
N,936,865,913,794,863,793,860,817,841,798
N,934,868,912,793,864,793,863,817,842,799
N,932,869,913,793,865,793,862,818,842,796
N,934,866,913,791,864,793,863,816,842,798
N,929,867,912,794,863,794,863,819,846,800
N,937,870,914,793,862,792,863,815,846,798
N,934,868,914,792,864,793,861,818,842,799
N,933,865,912,792,863,792,862,816,841,799
N,934,867,914,794,865,793,862,815,845,799
N,935,867,914,793,866,793,862,816,840,801
N,934,869,911,792,864,794,862,818,845,799
N,933,864,911,792,866,793,864,817,845,800
N,934,869,912,794,865,794,862,816,845,798
N,938,867,913,792,861,793,861,816,845,798
N,935,865,913,793,863,793,862,817,842,799
N,931,868,914,793,863,792,863,818,842,799
N,934,867,912,792,865,794,862,816,842,799
N,935,869,913,792,864,795,862,817,842,797
N,934,868,913,792,863,795,862,821,842,799
N,935,865,913,793,864,794,863,817,844,796
N,930,869,914,791,865,794,862,817,842,797
N,937,865,914,791,863,794,864,816,841,799
N,936,868,914,795,866,793,863,816,843,800
N,936,868,914,793,863,794,861,819,844,800
N,932,865,913,793,864,794,862,816,842,799
N,934,865,911,793,866,794,862,816,842,799
N,934,869,914,794,865,793,861,817,841,796
N,932,866,915,797,865,793,862,818,844,798
N,934,867,913,792,865,793,862,818,844,799
N,936,871,913,794,866,794,863,817,845,798
N,936,869,914,793,864,793,861,817,845,797
N,938,874,914,795,866,791,861,816,843,799
N,934,867,913,794,862,794,862,815,843,799
N,936,868,912,792,863,795,863,817,843,799
N,932,868,912,792,865,793,862,817,844,798
N,937,863,914,792,863,794,862,815,844,799
N,934,870,914,792,864,792,862,815,842,798
N,940,867,913,794,866,794,862,817,844,795
N,937,868,913,792,865,795,861,816,843,797
N,936,867,913,791,866,794,863,817,844,798
N,932,867,913,792,863,794,861,817,846,797
N,932,867,912,795,866,792,863,816,842,797
N,935,867,914,794,863,793,862,816,841,795
N,934,865,912,791,865,793,861,815,847,801
N,935,866,911,792,864,794,863,816,843,798
N,935,868,913,793,866,793,862,816,843,792
N,932,867,914,792,864,793,862,816,846,800
N,934,870,912,794,864,792,863,815,842,797
N,940,864,913,791,864,793,861,817,842,796
N,932,871,913,793,865,794,862,817,844,797
N,932,865,913,793,864,795,861,817,845,797
N,932,866,914,793,865,794,862,818,845,798
N,935,865,913,794,864,793,860,819,846,794
N,934,869,914,792,865,794,862,815,841,797
N,935,866,913,795,862,794,860,817,844,799
N,935,865,913,793,863,794,862,817,845,798
N,937,870,914,793,864,792,860,815,847,798
N,932,863,913,793,865,793,863,816,842,795
N,932,864,913,794,862,792,862,816,842,800
N,938,866,913,791,866,793,862,816,842,798
N,933,867,913,794,865,794,863,817,845,797
N,937,865,914,794,865,794,863,817,846,798
N,933,867,915,795,867,791,862,816,842,798
N,935,867,913,794,863,794,863,815,843,797
N,935,865,912,793,863,793,862,818,842,797
N,932,868,913,793,864,794,859,817,847,793
N,933,863,913,792,865,792,863,817,840,800
N,932,867,913,793,863,794,862,818,842,798
N,932,866,912,793,866,793,860,819,841,800
N,932,870,913,794,864,793,862,817,842,799
N,933,866,913,792,864,793,861,818,841,797
N,936,867,913,794,865,794,861,819,844,800
N,937,870,912,793,862,793,861,818,843,800
N,935,865,914,792,864,794,861,818,846,798
N,936,867,912,793,863,793,860,819,841,796
N,939,866,912,794,865,794,860,817,843,799
N,933,868,913,792,865,793,860,819,843,799
N,931,872,913,794,861,791,862,818,844,799
N,933,868,913,792,862,794,862,817,846,798
N,934,866,913,793,863,795,861,818,841,799
N,935,862,913,791,863,795,861,817,846,800
N,928,866,914,792,864,794,861,817,841,799
N,934,863,912,792,864,795,861,818,845,797
N,930,868,914,794,864,793,861,816,845,800
N,933,869,912,793,862,793,862,819,842,798
N,934,865,913,791,864,794,860,817,842,803
N,937,864,911,794,863,794,860,817,845,798
N,932,865,915,790,865,793,859,819,845,798
N,934,869,913,793,864,795,862,819,842,797
N,931,869,913,792,861,795,862,818,842,800
N,935,867,912,794,865,794,860,817,843,799
N,932,869,915,793,864,796,859,815,844,799
N,935,867,914,792,865,793,860,817,843,799
N,931,870,914,793,863,794,861,818,844,796
N,931,865,914,793,865,794,860,816,842,801
N,933,862,914,795,863,795,862,816,844,799
N,932,868,912,792,865,794,861,817,844,799
N,932,869,912,793,863,795,861,816,843,796
N,932,869,912,793,863,794,861,817,842,799
N,931,869,913,793,868,794,861,817,843,800
N,932,867,913,792,865,794,861,818,845,796
N,934,866,911,792,865,793,860,815,845,800
N,931,860,910,790,861,794,861,816,844,798
N,931,866,913,792,864,794,861,818,841,799
N,932,870,911,793,866,794,862,818,841,800
N,932,867,912,792,864,794,863,819,843,801
N,935,866,912,793,865,794,861,817,843,798
N,934,864,912,794,862,795,863,816,843,800
N,927,868,913,793,864,794,860,817,842,799
N,931,866,913,793,864,795,860,819,844,796
N,935,868,912,793,865,795,859,816,842,797
N,932,867,911,793,865,794,860,818,844,799
N,934,862,913,792,863,794,861,816,845,798
N,936,864,913,794,863,793,861,819,845,799
N,937,864,914,793,863,793,860,817,844,800
N,931,868,914,792,864,793,860,817,843,799
N,936,870,911,792,863,793,860,818,845,797
N,930,870,913,794,865,793,860,816,846,805
N,935,869,913,792,864,795,861,819,844,800
N,935,868,914,791,865,795,860,816,842,798
N,931,863,915,792,866,793,861,815,844,800
N,936,870,911,793,863,794,860,817,843,797
N,931,871,914,793,866,796,862,818,846,795
N,931,867,912,793,864,794,860,818,843,798
N,931,867,912,794,867,794,861,818,842,795
N,931,870,912,792,863,795,862,818,844,799
N,932,869,914,795,863,794,862,818,843,799
N,932,866,913,792,864,794,860,817,843,797
N,931,868,913,794,864,795,862,819,843,802
N,938,868,914,792,864,795,859,816,843,799
N,935,868,913,793,864,794,860,818,841,795
N,934,864,914,794,864,794,861,819,845,799
N,935,869,912,794,862,794,861,818,841,800
N,933,865,913,793,865,792,861,815,843,797
N,934,866,913,791,863,793,860,817,846,799
N,936,867,912,794,863,796,859,818,844,800
N,932,863,912,794,865,793,861,818,844,799
N,933,863,912,793,864,793,859,817,846,800
N,931,868,914,793,864,794,859,819,844,800
N,932,867,912,792,863,795,859,817,842,796
N,929,863,914,792,865,793,861,818,846,799
N,932,869,914,793,862,794,860,816,840,796
N,934,869,913,794,865,794,859,816,842,798
N,932,864,912,792,867,794,862,818,845,799
N,934,870,911,792,865,794,859,817,844,797
N,930,866,913,791,863,793,861,817,842,800
N,934,863,914,792,863,792,860,815,841,796
N,931,870,914,793,864,794,860,816,842,800
N,934,867,912,793,865,794,861,818,844,797
N,933,869,913,793,863,795,860,817,845,799
N,934,868,913,794,863,795,861,817,841,797
N,936,864,912,794,862,795,861,818,841,799
N,936,864,913,792,863,795,861,818,845,795
N,934,862,914,790,863,795,861,818,845,799
N,933,868,913,792,865,795,859,816,841,795
N,934,865,913,794,865,795,859,818,840,800
N,935,869,914,793,865,794,860,817,846,799
N,932,869,914,791,867,794,859,817,844,797
N,930,867,912,793,865,794,859,816,842,800
N,933,868,914,791,865,793,860,817,848,798
N,935,865,911,792,864,794,860,817,845,797
N,933,863,913,792,862,793,860,818,845,797
N,928,862,912,792,865,793,860,818,841,799
N,933,869,914,793,865,795,860,818,846,797
N,935,865,912,791,863,794,861,816,843,797
N,931,867,913,793,865,794,860,817,845,798
N,933,864,912,792,863,793,861,816,844,798
N,937,872,911,794,866,794,860,816,846,798
N,930,869,912,792,865,795,861,818,845,799
N,935,869,913,793,864,793,860,817,844,795
N,930,869,913,793,862,795,861,815,842,800
N,932,868,913,794,863,794,860,816,845,798
N,931,863,912,792,863,796,861,813,847,798
N,933,867,914,794,865,794,861,815,842,798
N,931,870,912,793,864,795,860,816,840,797
N,932,864,914,793,864,794,862,815,844,799
N,934,869,913,792,863,795,860,818,845,799
N,933,868,912,792,864,794,861,816,842,799
N,932,866,913,792,864,793,861,818,842,799
N,931,866,913,792,864,794,861,818,844,798
N,934,869,909,793,866,792,859,818,844,800
N,930,868,912,794,864,793,861,815,844,798
N,933,869,913,793,865,795,861,817,841,800
N,935,869,913,793,865,795,860,817,846,795
N,934,868,912,792,863,794,860,820,843,801
N,931,867,912,793,864,794,861,816,845,798
N,933,864,914,790,864,795,860,818,842,797
N,934,866,913,794,863,794,861,817,845,799
N,930,869,911,792,865,793,860,817,843,799
N,932,874,915,793,866,794,859,818,844,798
N,935,869,914,793,861,794,860,821,844,796
N,931,868,913,792,863,794,859,816,845,799
N,931,868,913,792,865,794,861,817,840,804
N,934,868,913,791,863,794,861,816,849,804
N,932,867,912,794,865,794,860,817,845,794
N,931,864,911,792,865,794,861,817,842,796
N,932,862,914,792,864,795,859,818,842,798
N,936,866,911,793,863,794,859,817,845,797
N,933,867,912,792,865,794,861,818,848,802
N,933,867,914,793,861,795,860,817,842,797
N,934,871,915,790,867,794,859,818,842,799
N,933,867,913,793,864,794,861,818,841,797
N,931,865,913,792,864,792,861,819,846,797
N,938,866,913,795,865,794,862,816,839,798
N,932,864,912,793,862,794,860,817,844,797
N,930,868,912,792,866,797,862,817,842,798
N,934,869,912,794,862,794,859,818,844,799
N,934,865,913,794,863,795,862,819,845,800
N,929,868,913,794,863,792,861,816,841,799
N,933,864,914,793,866,794,861,815,839,795
N,931,864,911,791,865,794,862,817,843,800
N,934,869,913,793,865,795,861,818,843,796
N,930,866,912,794,862,796,860,817,843,798
N,934,867,913,794,866,793,861,817,843,798
N,934,863,912,792,863,793,860,815,845,798
N,936,870,913,792,863,794,861,818,842,798
N,932,867,912,793,864,795,860,817,844,797
N,927,869,913,793,864,793,861,818,842,799
N,934,864,913,792,865,795,861,817,842,802
N,933,869,913,792,863,794,860,817,841,799
N,936,866,912,792,862,794,859,817,842,797
N,935,868,913,792,863,794,860,817,843,796
N,935,871,912,791,864,793,861,816,842,799
N,935,868,913,792,863,793,861,818,845,797
N,929,870,912,793,863,794,859,818,843,799
N,935,868,912,794,865,793,860,817,844,799
N,936,868,913,793,863,793,859,816,842,795
N,936,864,913,792,863,793,860,817,844,792
N,928,862,910,791,862,793,860,818,843,797
N,934,866,912,793,865,794,858,818,843,797
N,931,864,913,793,864,795,860,818,841,798
N,933,869,913,793,865,794,860,818,845,798
N,933,868,912,793,864,794,860,817,840,797
N,936,867,913,791,864,795,860,817,843,798
N,934,865,911,792,864,794,859,818,843,797
N,937,860,914,793,866,796,860,816,845,800
N,934,870,913,793,864,796,860,816,843,798
N,935,864,912,794,863,793,861,817,843,799
N,935,868,914,794,864,794,862,815,841,800
N,933,868,913,793,865,794,860,818,843,800
N,935,864,912,793,865,793,860,817,846,800
N,932,870,913,792,866,792,861,815,841,797
N,930,867,914,794,864,794,861,816,842,798
N,934,865,912,792,864,794,860,816,845,797
N,933,868,910,792,862,793,860,816,840,798
N,932,870,912,793,864,794,860,817,846,797
N,932,870,913,791,865,796,862,815,841,794
N,936,868,911,793,864,794,859,818,843,798
N,933,865,913,794,865,793,861,815,841,799
N,933,866,913,792,863,793,859,815,843,797
N,931,870,911,793,863,793,861,817,839,797
N,932,864,912,792,864,794,860,817,846,802
N,936,871,912,794,862,794,861,818,843,798
N,932,867,911,793,863,795,861,815,841,799
N,933,870,913,793,865,794,859,817,845,799
N,933,864,912,792,863,794,859,818,841,796
N,935,868,913,794,863,793,860,816,843,798
N,932,864,912,793,866,795,860,815,841,796
N,933,868,911,792,863,794,859,819,840,794
N,934,867,912,793,864,793,859,815,846,796
N,935,863,911,794,863,793,861,819,847,799
N,934,869,913,794,865,795,860,818,845,797
N,935,867,911,792,863,794,861,815,843,798
N,930,870,912,793,862,796,860,818,846,796
N,936,871,911,798,861,796,861,818,840,799
N,932,866,912,792,864,794,861,818,845,796
N,932,864,912,792,862,793,859,818,841,799
N,933,868,913,794,864,794,861,818,841,797
N,930,867,912,794,866,793,859,817,843,795
N,933,868,911,791,867,792,859,816,839,798
N,931,866,911,794,865,795,860,818,843,798
N,934,868,912,793,863,795,861,816,847,796
N,931,869,911,792,863,793,860,816,846,798
N,934,868,913,793,863,794,861,817,843,797
N,933,866,912,791,864,795,858,815,845,800
N,938,866,911,791,865,795,860,818,844,796
N,932,869,911,792,865,794,861,816,841,799
N,933,867,911,794,863,793,860,818,844,799
N,933,867,911,795,865,795,860,817,845,799
N,932,867,912,794,864,796,860,816,843,801
N,931,864,912,792,865,794,859,818,842,798
N,934,869,912,791,864,794,861,817,842,800
N,936,865,911,792,863,794,860,816,845,798
N,934,864,911,792,863,796,858,820,847,795
N,935,866,912,793,865,793,860,817,845,801
N,933,870,912,792,864,795,860,816,845,799
N,935,865,913,794,863,793,860,818,841,799
N,933,870,913,792,864,794,861,816,845,796
N,931,864,911,794,866,793,860,817,844,795
N,933,869,913,792,865,792,859,818,845,797
N,935,870,908,795,863,796,860,818,845,795
N,935,871,912,793,864,795,860,818,842,798
N,931,869,912,792,864,794,860,818,844,799
N,931,870,913,794,862,793,859,818,843,795
N,929,865,913,793,865,795,860,816,842,797
N,933,860,909,793,863,794,859,819,846,795
N,931,868,912,793,865,794,860,815,845,800
N,931,865,911,794,864,794,859,817,845,797
N,930,866,912,792,863,794,860,816,841,797
N,932,866,913,793,863,795,860,819,845,796
N,931,868,910,794,862,794,859,817,844,798
N,931,871,911,792,865,794,861,815,841,796
N,934,866,911,792,865,794,859,817,842,800
N,933,865,912,793,863,794,861,816,844,800
N,931,868,913,792,862,793,860,817,844,797
N,930,870,912,792,865,794,860,817,844,800
N,932,867,912,794,865,793,860,817,844,797
N,930,871,913,794,862,795,860,818,841,798
N,933,866,912,794,864,794,861,816,841,798
N,933,870,912,791,863,795,859,816,844,800
N,934,869,912,790,863,794,860,818,844,796
N,928,864,913,792,866,793,860,818,841,799
N,935,865,912,792,866,793,860,819,845,797
N,934,868,912,794,864,793,861,818,840,797
N,935,864,912,794,863,795,859,818,840,797
N,933,869,912,793,864,794,860,819,844,800
N,931,866,913,793,864,795,859,817,843,800
N,933,865,911,794,863,795,861,818,841,799
N,935,866,912,792,865,794,861,818,845,797
N,935,870,912,793,864,795,860,818,842,798
N,934,868,911,792,864,795,861,817,846,796
N,932,868,912,792,862,795,860,815,843,799
N,936,864,910,794,862,793,860,818,842,798
N,931,867,911,792,863,793,861,816,840,798
N,934,866,913,791,864,795,858,818,845,797
N,935,869,912,790,865,794,860,821,839,797
N,934,864,912,793,864,795,858,818,841,799
N,929,865,912,794,866,795,861,819,846,798
N,932,868,911,792,865,796,861,819,844,798
N,931,868,911,792,863,794,860,817,843,799
N,931,864,912,792,865,794,861,817,841,795
N,933,870,911,794,863,793,860,817,843,797
N,934,869,912,793,864,794,859,816,847,800
N,930,867,911,793,864,795,860,817,845,796
N,932,869,912,792,864,795,859,817,840,796
N,931,868,913,794,864,792,861,818,841,799
N,933,869,912,792,865,793,859,819,842,799
N,932,865,913,792,864,794,860,817,844,796
N,929,869,912,792,864,794,860,818,843,796
N,931,866,912,794,863,793,861,819,842,801
N,933,864,912,793,864,795,859,818,846,796
N,932,865,911,792,865,793,859,817,844,797
N,931,860,912,793,864,794,861,817,839,800
N,929,864,911,792,864,793,860,819,840,796
N,937,871,910,791,864,795,859,819,846,799
N,935,868,912,791,865,795,859,818,844,797
N,934,869,912,791,865,796,860,816,842,796
N,931,865,912,793,863,795,860,819,840,797
N,931,867,911,793,866,795,859,819,845,799
N,928,863,912,792,865,794,859,819,844,799
N,930,865,911,795,864,795,859,815,842,798
N,934,869,911,792,865,793,858,817,842,793
N,931,870,913,792,865,795,859,816,841,795
N,933,869,911,791,865,794,860,818,844,798
N,935,869,911,793,864,796,861,818,845,799
N,930,871,911,793,863,794,860,817,844,797
N,931,869,911,791,862,794,860,817,840,799
N,929,866,911,792,865,795,859,818,839,800
N,931,870,911,794,864,794,860,818,841,795
N,935,873,910,793,866,794,860,817,840,797
N,930,865,911,793,859,796,860,817,840,797
N,935,865,913,793,863,795,860,817,840,797
N,929,868,912,793,864,794,859,817,841,796
N,932,871,911,792,866,793,862,816,841,796
N,935,871,911,792,864,795,860,816,842,795
N,932,870,913,793,863,794,859,815,834,796
N,933,870,913,792,863,794,860,817,841,793
N,933,870,912,793,864,792,861,818,840,796
N,933,866,913,792,861,794,861,817,842,796
N,933,866,911,793,866,793,859,816,841,797
N,936,870,914,794,863,793,861,818,843,794
N,931,866,912,792,864,794,861,817,844,800
N,933,869,911,792,862,793,859,818,842,798
N,934,865,913,790,866,793,860,817,843,799
N,931,865,912,791,863,794,859,818,841,800
N,933,865,913,793,863,792,860,817,841,798
N,935,870,910,791,863,795,860,817,842,798
N,932,868,913,790,864,795,860,817,839,795
N,931,865,912,793,863,794,860,818,840,798
N,935,866,912,793,864,794,860,818,842,797
N,931,871,913,792,863,794,860,816,840,797
N,933,867,911,793,864,793,860,816,843,796
N,931,863,910,793,864,793,859,817,843,797
N,935,865,911,792,866,792,860,819,842,800
N,936,871,911,793,863,796,858,816,842,800
N,933,865,912,792,863,793,860,817,843,800
N,933,870,912,793,865,793,861,817,840,800
N,933,870,911,790,865,793,859,818,844,794
N,933,867,912,792,861,793,859,819,841,795
N,932,863,912,792,864,794,860,817,844,798
N,931,866,912,793,865,794,859,817,844,798
N,933,874,913,792,865,794,859,816,840,795
N,933,865,913,794,862,793,858,818,844,795
N,934,868,909,793,862,794,860,817,842,800
N,931,871,911,791,863,794,859,818,844,799
N,933,868,911,793,863,794,860,817,842,798
N,931,865,913,791,865,794,859,817,844,798
N,934,867,911,793,864,794,859,817,840,798
N,935,869,910,793,863,793,860,816,843,796
N,931,867,913,793,865,793,859,818,839,797
N,932,868,912,791,865,795,861,816,846,801
N,934,870,912,794,864,793,859,818,843,792
N,930,870,912,792,864,794,859,817,844,798
N,934,868,911,793,865,792,860,818,846,797
N,930,865,913,792,865,793,861,819,848,795
N,933,871,912,792,863,794,858,817,845,799
N,932,866,911,792,863,795,859,816,841,797
N,932,870,912,793,864,795,860,818,844,796
N,932,867,913,793,863,793,862,820,841,798
N,934,868,911,792,864,794,859,817,845,800
N,934,871,910,794,863,795,860,817,840,798
N,936,870,913,794,864,795,860,819,845,799
N,932,869,911,793,864,795,858,818,842,799
N,930,867,911,793,864,791,858,819,845,801
N,934,869,912,792,863,794,860,816,840,797
N,933,868,912,792,863,795,860,817,841,796
N,933,865,912,792,866,794,860,817,841,800
N,933,866,912,794,864,794,860,817,841,797
N,934,866,913,793,862,794,860,819,850,800
N,934,866,912,794,863,794,858,816,843,798
N,932,871,910,792,864,795,857,816,839,797
N,931,864,911,792,864,794,860,818,843,798
