P,875,871,824,783,815,824,896,845,893,810
P,879,872,825,784,813,825,896,846,893,814
P,877,870,824,781,812,824,896,845,892,812
P,876,873,825,784,811,823,896,845,890,813
P,875,873,824,781,813,825,895,846,894,814
P,881,873,825,785,811,824,895,846,890,809
P,879,872,824,783,817,825,896,847,891,809
P,876,873,824,786,812,823,894,844,895,810
P,877,873,824,785,809,824,896,845,895,808
P,873,872,824,785,808,823,895,846,894,812
P,881,872,822,786,811,824,896,845,894,809
P,881,871,825,783,811,823,897,846,891,813
P,881,872,823,784,810,824,895,848,890,811
P,875,871,822,783,809,823,896,848,893,809
P,880,872,822,785,809,823,893,846,890,812
P,875,870,823,787,810,824,896,845,894,812
P,879,871,824,782,811,822,895,845,890,810
P,880,872,822,782,811,824,894,843,893,814
P,875,871,823,783,812,824,895,846,894,808
P,881,872,823,784,815,822,895,845,893,809
P,878,870,823,782,817,823,897,842,889,814
P,879,872,823,782,815,824,894,846,891,809
P,879,872,823,781,815,824,896,845,891,813
P,875,870,823,783,811,823,897,846,894,807
P,877,870,822,782,812,824,896,846,894,810
P,879,871,823,782,811,823,895,844,893,812
P,878,871,821,785,817,823,894,845,894,812
P,881,870,822,782,814,821,895,843,893,811
P,880,870,822,783,813,824,897,842,891,813
P,876,869,822,784,810,822,896,845,896,814
P,877,867,822,784,813,821,897,842,893,808
P,880,871,823,783,814,823,894,843,893,811
P,879,872,821,781,812,822,896,846,891,812
P,876,869,823,783,812,822,896,843,895,810
P,882,872,824,783,813,821,894,842,895,808
P,877,868,823,784,812,822,896,842,894,808
P,881,869,823,785,810,822,895,844,894,810
P,878,870,823,785,814,821,896,846,890,812
P,879,870,821,782,813,824,893,842,896,810
P,878,871,822,783,812,821,895,844,892,810
P,881,871,824,785,811,822,894,847,891,815
P,875,871,823,784,812,822,893,842,893,809
P,876,869,823,782,815,822,894,844,892,815
P,879,870,823,785,812,821,895,844,890,813
P,878,871,823,786,810,821,895,843,890,814
P,881,872,824,784,811,821,895,843,891,812
P,876,872,824,785,810,822,893,843,892,810
P,879,869,821,781,809,821,894,846,890,809
P,873,870,823,782,810,820,894,844,892,811
P,880,869,822,783,812,820,893,844,892,812
P,878,871,822,781,811,821,895,845,895,809
P,880,868,823,782,811,820,894,843,893,813
P,874,869,823,786,809,821,894,844,890,811
P,879,870,821,782,810,821,895,842,891,808
P,878,867,823,782,812,821,895,845,891,811
P,878,868,822,781,811,821,894,846,889,809
P,874,870,821,785,809,821,892,844,892,810
P,880,868,823,783,809,821,894,843,891,807
P,876,870,823,782,808,821,893,844,893,811
P,877,869,823,785,809,820,894,842,893,813
P,878,870,821,784,809,821,892,844,893,811
P,880,870,821,783,808,822,892,844,893,814
P,879,870,822,780,809,820,891,841,892,812
P,876,870,821,781,808,820,893,842,889,809
P,881,868,821,782,810,818,892,843,891,807
P,877,869,822,780,809,818,892,841,893,810
P,878,870,822,782,809,819,892,843,891,812
P,876,869,821,781,809,820,892,843,892,813
P,880,872,822,778,806,820,892,844,890,811
P,879,868,822,780,808,818,892,844,893,810
P,876,868,823,778,810,821,892,844,894,808
P,881,868,822,779,808,819,890,844,894,811
P,879,870,822,779,810,819,893,845,891,813
P,878,868,822,779,807,819,893,843,894,808
P,881,869,822,779,809,820,891,843,892,812
P,880,871,824,780,806,819,891,842,892,810
P,879,869,822,778,807,820,891,844,890,808
P,881,869,823,779,807,819,891,844,894,808
P,878,868,822,780,809,819,891,844,890,809
P,878,870,822,779,807,820,890,844,893,808
P,881,868,822,779,807,820,892,844,894,811
P,878,870,823,781,807,821,891,844,894,810
P,878,870,823,781,809,818,888,842,893,812
P,879,870,822,778,805,821,890,842,890,813
P,880,867,823,779,808,820,889,843,891,811
P,879,867,821,780,807,820,890,845,894,807
P,879,866,821,779,806,816,889,840,892,811
P,880,867,822,780,808,820,889,843,892,811
P,880,871,822,779,807,819,888,841,893,812
P,882,870,823,777,806,821,890,841,891,808
P,880,867,823,778,809,817,890,843,894,805
P,879,865,822,779,806,821,889,844,891,811
P,879,866,824,782,808,819,889,844,894,807
P,880,869,821,780,807,820,889,842,890,807
P,881,869,823,780,808,820,890,841,893,808
P,878,870,822,780,808,819,888,841,891,807
P,881,870,822,781,807,820,889,841,891,812
P,879,872,823,781,809,818,889,843,894,810
P,876,868,823,783,809,821,889,841,890,814
P,881,868,822,781,808,819,890,842,893,808
P,880,869,823,780,808,820,889,841,892,808
P,874,869,824,781,806,819,889,841,894,809
P,876,868,822,781,808,820,889,840,892,813
P,878,867,822,783,803,818,889,841,889,811
P,878,867,823,783,808,820,890,841,892,807
P,880,868,823,783,809,820,892,844,891,807
P,879,867,823,781,806,818,890,841,890,812
P,881,868,822,782,808,818,888,844,891,813
P,878,867,823,781,807,818,889,841,891,808
P,880,867,823,781,806,819,889,842,893,809
P,880,869,824,780,806,819,890,843,889,812
P,881,868,823,780,806,820,889,841,894,808
P,883,870,823,778,807,820,887,842,891,810
P,878,866,822,780,808,820,889,842,891,807
P,877,865,823,778,808,819,888,841,891,810
P,878,866,823,781,806,819,887,840,894,812
P,878,866,823,782,807,818,888,841,889,811
P,878,868,822,779,807,819,889,843,891,807
P,880,866,824,779,807,818,889,842,891,809
P,879,868,824,780,806,820,889,842,890,808
P,881,865,824,781,809,818,888,843,891,809
P,881,869,825,780,809,820,888,841,889,808
P,880,868,823,780,810,818,888,842,891,805
P,880,866,824,778,808,820,889,841,890,810
P,877,867,826,779,809,818,889,841,894,811
P,882,863,825,782,809,818,888,841,890,810
P,880,868,826,779,806,821,891,839,891,811
P,878,865,823,779,809,818,889,839,894,810
P,880,867,823,779,808,818,887,844,890,813
P,878,866,825,780,810,819,889,840,891,813
P,880,866,825,779,806,820,889,841,890,810
P,882,866,824,778,806,818,888,841,892,812
P,881,867,824,780,807,817,890,840,889,805
P,877,868,825,778,807,819,889,841,893,805
P,881,865,822,779,808,819,888,840,894,808
P,877,866,823,781,807,819,888,840,893,809
P,880,869,823,778,810,820,887,841,892,810
P,882,868,825,778,807,819,888,841,891,809
P,881,867,825,778,807,821,889,842,892,808
P,876,867,824,780,808,816,888,841,891,803
P,879,867,824,779,808,818,890,842,891,811
P,880,865,825,779,807,818,890,841,889,807
P,883,865,825,779,807,818,888,841,890,805
P,879,866,824,779,807,819,889,839,891,812
P,878,865,822,781,806,817,888,840,891,807
P,880,867,825,780,808,819,889,841,892,807
P,881,865,824,781,808,818,889,841,891,809
P,879,866,824,779,807,819,887,841,890,809
P,879,866,823,779,809,818,889,840,892,807
P,879,868,825,780,806,817,889,842,890,809
P,881,866,825,780,809,820,890,842,889,809
P,881,867,824,780,808,818,888,842,894,813
P,879,865,824,780,807,817,887,842,890,809
P,879,865,824,780,806,819,888,841,894,808
P,877,867,823,780,810,818,888,841,892,811
P,881,866,825,781,809,819,888,840,890,810
P,880,868,824,780,810,818,889,841,893,811
P,879,867,825,778,810,817,891,841,889,806
P,880,865,823,782,810,819,889,841,894,806
P,879,865,825,780,811,819,888,839,895,807
P,882,866,823,780,809,817,889,841,894,807
P,880,868,824,784,813,817,888,841,892,808
P,882,868,824,780,810,818,889,839,894,810
P,884,868,824,782,811,818,886,841,895,807
P,887,866,823,782,811,819,888,841,893,810
P,880,867,824,782,812,817,887,841,892,806
P,882,866,825,779,811,817,890,839,889,812
P,885,867,823,782,812,818,889,841,893,806
P,881,867,825,782,810,817,887,839,890,811
P,880,869,822,778,813,815,888,840,892,809
P,881,869,824,780,810,817,886,838,897,804
P,879,866,825,780,811,817,887,839,894,808
P,883,868,824,780,809,817,886,841,895,806
P,882,865,822,778,809,816,889,838,891,809
P,881,868,824,780,812,818,888,841,895,807
P,880,867,824,778,811,819,888,839,892,809
P,883,866,823,776,809,819,887,841,893,808
P,886,865,824,779,812,818,888,839,893,810
P,883,868,822,777,810,819,887,842,893,809
P,883,868,824,778,811,817,887,840,889,809
P,884,868,823,778,811,818,887,839,893,808
P,883,865,823,775,813,817,888,838,890,807
P,882,868,823,778,811,818,888,839,891,806
P,882,868,825,777,814,818,887,839,892,809
P,883,868,824,779,812,817,889,840,894,808
P,884,867,823,778,813,817,889,841,889,805
P,885,867,823,776,812,818,887,839,889,809
P,886,867,821,778,810,816,889,837,891,806
P,884,868,824,779,812,817,887,841,894,805
P,884,870,824,779,809,817,888,837,894,809
P,886,868,823,779,808,819,888,840,894,806
P,885,868,824,778,808,816,888,839,889,810
P,883,866,822,779,808,818,890,836,895,806
P,884,866,824,782,810,817,888,839,894,805
P,886,866,824,779,810,816,888,839,895,809
P,885,867,822,781,808,816,890,838,887,812
P,881,867,825,782,810,818,888,839,893,807
P,879,867,824,784,807,815,889,840,892,809
P,883,868,824,782,810,817,887,839,892,806
P,885,865,825,782,808,817,888,838,893,804
P,882,867,824,781,808,817,887,839,889,805
P,888,868,824,780,808,818,887,838,890,807
P,886,865,824,780,807,815,888,838,895,810
P,884,867,823,779,808,816,887,836,890,807
P,883,869,824,780,810,817,889,839,893,808
P,883,866,825,778,808,818,887,838,892,809
P,888,870,824,781,809,816,889,838,893,806
P,886,868,823,779,810,817,888,838,892,805
P,883,867,823,778,813,816,888,838,890,806
P,887,869,824,776,812,818,887,837,889,807
P,883,865,825,779,811,817,888,839,891,812
P,881,866,826,780,811,817,888,839,893,807
P,883,865,824,779,808,818,887,839,891,807
P,884,867,825,779,807,816,887,840,892,807
P,883,866,824,778,810,816,887,838,891,805
P,883,865,824,780,806,815,887,838,890,805
P,882,867,825,777,810,815,887,841,889,810
P,883,867,824,778,807,817,888,841,892,807
P,886,867,824,777,808,816,887,836,895,807
P,882,868,826,778,807,817,887,839,891,807
P,886,868,824,778,808,815,889,839,893,807
P,882,870,823,778,808,817,889,839,893,806
P,882,870,824,780,806,816,888,836,893,808
P,884,864,825,777,806,815,888,838,891,807
P,887,864,825,780,809,815,888,833,890,803
P,888,866,826,778,806,817,886,840,888,807
P,885,865,825,778,807,817,887,839,890,805
P,880,867,824,781,806,816,889,838,892,807
P,885,868,826,778,806,815,887,838,893,809
P,881,866,827,781,807,815,887,838,888,807
P,882,866,825,779,807,817,886,840,892,809
P,885,866,826,782,808,816,887,839,892,808
P,883,867,828,782,807,816,888,840,890,804
P,883,865,828,781,807,817,885,839,892,809
P,886,868,828,781,807,816,885,841,889,803
P,886,867,826,778,809,816,885,840,889,806
P,882,865,827,779,805,817,883,841,890,805
P,885,866,828,781,805,816,884,839,893,810
P,884,865,827,781,804,817,886,839,889,803
P,882,867,828,781,804,815,886,841,893,809
P,885,864,827,782,808,815,886,841,890,805
P,882,866,826,777,807,816,885,839,888,808
P,884,863,828,777,805,817,886,840,894,810
P,885,864,828,777,806,817,886,840,893,806
P,880,866,827,779,806,817,885,840,893,805
P,883,867,827,778,806,815,886,842,890,803
P,882,867,827,777,808,817,885,839,891,807
P,882,866,827,777,806,816,886,838,891,806
P,883,870,827,779,806,816,885,839,890,807
P,885,867,824,778,804,815,885,838,895,810
P,885,867,826,778,806,816,883,838,892,806
P,886,868,827,779,804,815,885,840,892,807
P,883,868,827,779,804,815,886,837,891,807
P,884,866,828,780,807,815,884,839,890,806
P,884,866,827,779,806,816,886,839,892,806
P,884,867,826,780,808,815,886,837,892,808
P,886,867,828,778,806,816,884,839,895,808
P,884,866,825,780,807,815,883,837,889,809
P,885,864,826,778,807,815,884,840,894,807
P,882,865,826,779,804,816,886,841,889,805
P,885,866,827,779,805,816,886,837,890,808
P,885,866,826,778,804,816,886,839,890,804
P,883,865,828,778,807,815,886,837,894,804
P,885,865,827,780,805,816,885,837,892,809
P,884,866,826,779,806,816,886,840,888,807
P,883,865,827,779,806,815,885,838,889,808
P,883,866,827,779,806,815,886,839,890,804
P,881,867,825,779,804,815,884,837,892,808
P,883,865,826,779,806,814,884,836,893,804
P,885,865,825,779,806,814,884,838,890,807
P,891,868,826,780,803,814,886,839,893,806
P,884,866,827,779,808,814,886,836,888,806
P,884,864,827,778,804,815,884,839,891,806
P,882,863,825,779,805,815,886,839,891,808
P,891,867,825,780,805,816,883,838,893,804
P,880,866,825,778,802,818,885,839,891,805
P,884,865,827,778,805,815,884,838,891,806
P,880,864,827,775,805,811,886,837,891,807
P,883,864,826,779,807,815,885,837,892,804
P,880,865,827,779,806,815,884,839,893,807
P,887,864,828,778,806,815,884,839,891,804
P,882,866,826,779,806,815,884,837,891,806
P,886,867,826,779,806,816,884,837,892,808
P,882,864,826,777,808,814,885,837,889,806
P,883,866,827,779,805,816,884,838,894,805
P,883,864,827,778,806,816,884,839,896,805
P,882,868,826,777,805,815,885,839,892,808
P,883,865,827,779,808,815,884,836,895,808
P,882,866,825,778,804,815,884,839,894,806
P,887,865,826,777,807,815,884,836,895,807
P,883,864,826,779,804,815,885,838,892,802
P,885,866,825,778,808,813,884,839,894,809
P,887,866,827,779,808,816,883,838,890,806
P,884,865,827,777,806,813,884,836,895,801
P,885,867,826,780,805,814,884,836,893,803
P,889,868,828,778,805,815,885,837,890,808
P,882,867,826,779,807,817,886,837,889,809
P,884,867,827,780,807,816,885,837,890,807
P,885,863,827,779,805,817,883,837,892,804
P,880,867,827,780,808,814,885,837,893,806
P,882,866,826,780,806,814,884,837,889,807
P,881,865,824,780,804,816,885,837,891,805
P,883,867,827,778,806,815,885,838,891,808
P,884,866,827,780,808,815,886,837,890,807
P,887,867,827,777,806,814,884,837,893,807
P,884,868,825,780,804,815,885,838,890,809
P,883,866,825,779,806,814,885,837,891,805
P,880,865,827,780,808,816,884,836,891,805
P,884,867,824,780,807,815,885,837,894,805
P,882,866,827,780,806,816,885,838,889,804
P,883,867,825,782,804,817,886,838,891,807
P,882,866,827,779,805,814,884,837,893,807
P,884,868,826,779,807,814,886,838,891,806
P,883,866,827,780,806,814,884,837,889,809
P,882,864,827,780,806,816,882,837,896,809
P,883,866,827,778,804,814,886,836,892,803
P,885,865,826,777,807,813,884,835,889,806
P,882,864,827,781,807,816,884,836,895,807
P,884,868,827,780,807,814,885,837,891,808
P,884,865,825,778,807,815,885,837,893,807
P,884,866,826,778,806,814,885,838,892,807
P,882,865,826,781,807,812,883,836,892,804
P,884,866,826,778,807,815,885,838,893,805
P,886,867,826,778,806,813,884,838,894,803
P,882,865,826,780,806,817,884,835,894,805
P,884,865,827,780,806,815,886,835,892,802
P,883,865,826,778,806,814,885,837,892,805
P,884,865,827,778,806,814,884,838,892,806
P,883,866,826,781,805,814,886,838,887,806
P,881,864,826,779,807,813,885,834,891,804
P,880,867,826,779,807,815,884,837,893,804
P,885,865,825,780,806,813,885,837,888,807
P,884,867,827,780,805,814,885,837,889,803
P,886,864,826,779,808,816,884,836,893,808
P,888,864,828,779,805,813,885,838,893,807
P,884,864,826,780,805,814,885,838,893,806
P,885,866,826,778,806,813,884,835,892,803
P,882,866,826,780,808,813,885,835,892,802
P,884,868,827,780,808,812,886,837,892,810
P,884,867,825,777,805,813,883,836,892,806
P,882,867,825,780,806,814,885,837,891,804
P,884,867,827,779,807,815,883,838,889,804
P,882,864,826,779,806,814,884,835,891,809
P,884,863,827,777,807,813,886,838,893,807
P,884,867,826,778,805,813,884,836,894,807
P,882,866,827,777,808,814,884,838,893,805
P,882,865,827,779,806,815,886,837,893,805
P,884,866,826,779,807,813,883,836,892,803
P,883,863,827,777,807,814,883,837,888,805
P,884,865,827,777,807,815,884,837,890,807
P,883,865,828,779,807,813,883,836,889,805
P,881,863,827,780,804,814,884,836,892,807
P,884,865,825,780,807,815,885,836,892,807
P,884,867,828,779,808,810,888,840,889,804
P,885,866,827,779,807,815,882,837,890,805
P,882,864,826,778,807,813,884,838,890,804
P,884,866,827,779,807,813,884,836,896,807
P,886,866,827,776,806,814,883,837,890,804
P,886,864,828,777,805,814,886,838,892,808
P,885,867,827,774,808,816,886,838,892,807
P,882,865,827,777,806,813,885,837,891,806
P,885,867,826,779,807,817,884,838,891,806
P,883,867,826,779,808,815,884,837,892,805
P,883,868,828,780,804,813,883,838,891,805
P,882,864,827,781,806,815,884,838,893,809
P,885,865,827,780,807,814,883,836,891,807
P,881,867,826,782,805,815,884,836,891,804
P,884,866,827,780,807,814,884,836,891,804
P,883,866,826,778,807,815,885,838,894,807
P,882,865,826,781,804,814,883,838,892,809
P,881,864,826,781,805,813,882,837,892,807
P,885,866,825,785,806,814,883,836,890,808
P,882,865,826,784,805,816,885,838,891,802
P,883,865,828,784,806,816,884,837,890,807
P,883,866,827,787,805,813,884,837,892,807
P,883,868,825,785,806,815,884,837,891,804
P,886,865,826,782,808,813,883,835,893,804
P,882,864,827,785,806,811,884,837,891,803
P,883,866,827,786,807,814,883,836,892,809
P,885,865,825,787,808,815,884,836,890,804
P,882,865,827,786,807,814,883,837,891,807
P,882,865,827,786,807,814,883,836,891,805
P,886,864,827,787,807,814,884,836,890,804
P,888,866,828,782,803,817,884,837,892,807
P,886,867,826,784,807,813,885,836,889,806
P,885,866,826,787,808,815,884,836,891,804
P,880,869,828,784,808,814,883,836,889,808
P,883,866,827,783,808,814,883,835,893,807
P,883,864,826,783,811,812,885,836,892,802
P,887,866,826,784,809,814,884,837,890,808
P,884,865,827,786,807,813,883,837,889,806
P,885,865,827,786,812,815,884,835,889,806
P,887,866,825,790,809,814,884,836,891,805
P,883,864,826,786,807,815,883,839,890,805
P,885,866,826,782,806,814,883,836,890,803
P,883,866,827,779,806,813,883,839,889,805
P,884,866,828,779,804,814,885,839,890,805
P,886,866,827,780,807,815,884,838,889,802
P,885,865,826,779,806,814,883,839,891,807
P,884,867,826,779,805,816,885,837,892,804
P,884,867,826,780,804,816,883,838,892,804
P,883,865,827,780,807,813,885,837,889,807
P,884,867,828,780,805,814,884,837,892,806
P,885,867,825,780,805,814,884,837,893,804
P,886,864,828,780,804,815,885,839,890,808
P,886,864,826,779,807,813,883,837,893,806
P,882,866,827,779,805,816,883,839,892,805
P,885,865,826,781,805,814,883,838,890,806
P,887,866,827,780,806,814,883,837,891,808
P,881,864,825,780,806,815,883,838,891,808
P,887,867,826,779,806,813,883,837,887,807
P,887,866,829,780,809,815,886,838,889,809
P,884,867,825,778,806,813,881,836,892,805
P,887,867,826,778,805,814,884,838,893,805
P,885,866,826,779,804,814,884,836,890,807
P,885,863,826,778,807,815,883,839,890,804
P,883,867,825,781,807,813,884,835,889,807
P,883,865,826,780,806,815,883,837,893,807
P,884,865,826,781,806,814,885,836,888,809
P,885,864,827,777,805,814,884,837,890,805
P,886,865,827,779,805,814,884,837,890,805
P,886,863,826,781,806,813,884,838,891,803
P,883,866,825,780,805,815,883,838,891,804
P,883,865,826,782,805,816,882,837,893,804
P,883,862,827,779,804,814,884,836,888,805
P,885,865,826,781,807,815,885,837,893,804
P,879,862,826,779,806,813,885,838,890,805
P,888,865,825,778,807,814,882,836,890,802
P,881,865,826,780,806,814,884,837,889,807
P,881,865,827,782,805,814,883,837,893,805
P,883,863,826,779,803,814,885,834,890,808
P,879,865,826,781,804,816,885,835,893,803
P,888,866,826,779,808,817,881,836,890,807
P,885,867,827,780,806,815,884,836,891,806
P,882,864,825,780,805,814,883,835,889,802
P,880,863,825,778,806,815,884,837,891,806
P,881,864,826,779,806,815,885,834,891,804
P,881,867,826,779,806,814,884,835,892,806
P,882,865,826,778,805,815,882,836,892,806
P,883,864,827,778,806,815,885,836,891,807
P,885,865,826,779,808,815,883,836,891,807
P,882,866,826,778,807,814,883,837,892,801
P,879,864,827,779,806,814,883,837,891,806
P,884,865,826,778,805,815,883,838,889,804
P,884,864,828,781,804,813,884,836,891,806
P,882,866,826,781,805,814,884,836,893,808
P,883,865,826,778,805,816,884,835,890,806
P,883,865,826,781,805,815,884,836,892,805
P,882,868,825,783,808,812,885,835,892,805
P,885,864,826,780,806,815,885,836,892,803
P,884,863,826,780,805,815,884,838,891,807
P,881,864,827,780,806,815,885,835,891,803
P,885,865,826,780,805,813,884,838,890,804
P,881,864,824,782,806,813,884,837,890,804
P,883,865,826,780,806,813,884,836,890,803
P,882,864,825,781,808,814,883,836,891,808
P,881,864,826,779,807,813,883,836,893,806
P,882,864,828,777,804,814,882,837,890,806
P,881,865,825,779,805,815,883,836,893,806
P,882,867,825,778,804,816,883,838,891,805
P,884,866,825,779,806,815,884,839,894,804
P,879,865,826,779,805,817,885,836,893,806
P,883,867,826,778,806,817,884,837,889,810
P,884,864,828,781,806,815,883,836,890,807
P,881,866,826,780,804,816,884,836,893,804
P,881,866,824,780,805,817,884,834,889,804
P,884,863,826,780,807,814,883,837,888,803
P,885,865,825,780,808,815,884,836,892,808
P,882,863,826,779,805,816,884,837,891,808
P,884,864,826,781,806,816,883,837,892,807
P,880,867,826,780,804,816,882,836,891,808
P,879,865,826,779,805,815,884,838,890,807
P,884,865,827,779,805,816,884,835,892,808
P,882,867,825,779,804,814,883,837,894,803
P,882,865,826,781,804,815,882,834,892,803
P,881,865,827,781,806,814,883,835,893,803
P,881,866,827,780,804,816,883,834,894,808
P,885,870,825,780,804,813,883,837,888,804
P,881,865,826,780,805,815,883,837,892,805
P,882,866,826,781,805,815,883,837,892,805
P,880,864,827,779,805,814,884,836,890,807
P,883,866,825,778,804,814,882,835,885,805
P,879,865,828,780,805,813,882,836,892,803
P,880,865,826,781,805,816,882,836,893,808
P,883,866,826,781,804,814,882,838,894,808
P,881,867,826,781,805,814,883,837,890,805
P,879,867,825,781,804,816,883,838,892,804
P,880,866,827,780,806,814,884,837,888,808
P,880,865,826,781,803,813,882,837,888,808
P,883,865,826,782,805,814,883,836,894,808
P,884,866,827,780,804,816,881,836,891,802
P,878,867,823,781,806,814,881,837,891,806
P,881,865,826,779,805,815,883,836,892,806
P,879,867,826,779,804,816,881,835,890,808
P,880,866,826,781,804,814,881,836,892,807
P,880,863,826,780,807,813,882,835,890,803
P,880,866,825,781,805,816,882,838,890,803
P,883,864,826,778,807,815,882,837,889,805
P,882,865,825,781,804,814,882,834,891,806
P,879,865,825,780,807,815,882,837,893,804
P,884,864,825,780,803,813,883,836,893,804
P,880,866,825,780,803,815,881,834,891,809
P,881,865,826,779,805,813,883,836,892,807
P,878,867,826,782,802,815,882,836,892,807
P,879,866,827,779,803,814,883,836,890,806
P,883,867,826,779,804,815,882,835,891,805
P,881,867,825,779,805,815,882,835,891,804
P,879,864,827,780,806,814,883,835,893,805
P,884,865,826,778,804,813,882,835,894,804
P,881,864,826,777,803,813,883,836,893,804
P,883,864,827,778,805,813,883,835,891,801
P,882,864,825,778,805,813,884,834,892,805
P,881,865,826,777,806,814,882,835,888,804
P,881,865,827,779,803,815,884,837,890,803
P,881,863,827,779,804,815,883,837,890,806
P,882,864,828,779,804,814,881,834,894,807
P,879,866,826,779,804,816,882,836,888,803
P,881,865,828,780,806,815,882,836,891,803
P,882,864,827,778,805,815,882,835,892,808
P,883,865,826,777,807,814,882,835,896,808
P,882,864,827,779,806,815,882,837,890,805
P,883,864,827,778,804,815,883,837,891,805
P,884,864,826,777,803,816,882,836,891,802
P,883,863,827,779,803,814,883,836,891,802
P,880,865,826,778,805,813,882,836,891,803
P,880,864,826,778,804,814,882,835,891,807
P,883,866,826,780,807,812,882,836,887,809
P,881,865,828,777,805,814,883,836,891,806
P,879,863,827,779,807,813,881,836,889,808
P,880,866,829,779,808,814,882,834,891,802
P,880,863,829,777,810,814,882,836,892,805
P,883,863,829,777,806,813,882,836,893,802
P,881,864,829,778,807,814,883,837,893,808
P,883,865,831,777,806,815,882,837,890,807
P,882,865,830,778,808,815,883,836,892,803
P,887,865,828,778,807,813,883,835,892,803
P,883,865,828,779,807,813,883,835,891,808
P,877,863,828,779,807,814,881,834,891,805
P,881,863,828,777,804,811,882,835,890,802
P,882,865,828,777,805,814,881,835,890,806
P,885,865,828,779,807,813,883,836,890,807
P,880,866,828,779,805,812,882,835,889,806
P,882,865,829,778,808,812,882,837,889,808
P,883,864,827,777,805,815,882,836,891,805
P,884,865,829,780,804,814,881,837,894,803
P,881,864,829,777,806,815,882,834,886,807
P,882,865,828,779,805,814,882,836,888,800
P,881,867,825,777,806,813,881,835,889,803
P,881,864,826,777,805,812,881,835,893,804
P,882,864,826,777,807,813,883,835,891,804
P,879,864,828,779,804,812,881,834,892,805
P,884,862,826,779,809,814,882,836,890,803
P,880,864,826,779,806,814,883,835,888,806
P,880,863,826,778,807,814,882,834,890,803
P,879,864,829,777,804,814,882,834,893,804
P,884,863,827,780,803,813,882,832,892,807
P,880,864,826,778,805,814,883,834,893,808
P,881,865,827,777,806,814,881,837,889,807
P,881,865,828,776,805,812,883,835,893,805
P,882,863,826,775,805,814,881,836,890,811
P,885,863,826,776,804,813,882,836,893,807
P,882,866,828,776,806,811,881,833,886,804
P,881,865,827,779,806,812,880,835,889,805
P,881,866,826,779,804,813,881,834,889,806
P,884,866,828,776,806,813,881,835,891,804
P,880,864,826,777,808,812,883,838,895,807
P,880,866,827,777,805,812,882,836,893,806
P,880,862,827,778,803,812,880,833,891,804
P,883,864,825,780,804,814,883,836,893,803
P,882,865,826,779,805,813,881,834,892,806
P,884,867,826,778,805,813,882,835,892,802
P,882,867,827,780,806,813,881,835,892,805
P,880,866,826,777,803,814,881,835,892,808
P,883,866,827,779,806,811,880,835,888,805
P,884,862,826,776,803,813,881,835,889,806
P,880,867,826,778,805,812,881,834,892,805
P,882,865,825,777,806,812,880,834,892,807
P,882,864,825,779,806,812,881,833,891,803
P,881,866,827,776,806,813,881,833,890,803
P,880,864,826,777,803,812,880,833,890,803
P,882,865,826,777,804,812,881,834,891,804
P,885,864,826,777,805,812,882,832,894,803
P,884,865,826,776,805,813,881,834,888,803
P,880,865,826,775,804,814,880,835,890,802
P,880,863,825,776,805,813,881,836,893,803
P,881,866,827,777,805,812,881,834,892,806
P,881,863,825,777,803,812,881,835,891,803
P,881,865,825,776,804,811,881,833,889,804
P,884,866,826,776,805,813,881,834,889,804
P,881,866,827,775,806,814,882,834,894,806
P,884,865,826,778,804,812,880,833,892,808
P,884,863,826,776,806,813,880,834,889,805
P,880,863,827,776,805,813,881,835,889,807
P,883,865,825,774,804,814,880,834,892,804
P,880,866,826,776,804,813,880,835,891,803
P,879,866,827,777,804,814,880,833,892,804
P,883,866,827,774,804,812,882,834,890,802
P,885,865,826,776,804,813,880,835,890,808
P,879,865,824,776,806,813,880,834,890,806
P,881,865,827,776,804,813,881,834,890,806
P,883,865,826,775,803,811,880,833,895,804
P,881,865,827,777,803,813,880,835,893,802
P,883,868,826,775,804,813,882,834,888,801
P,878,867,824,778,805,813,882,835,893,808
P,880,865,827,776,803,813,881,834,887,808
P,880,862,825,776,805,812,882,835,889,806
P,881,863,827,776,803,813,881,836,891,807
P,883,866,825,777,805,814,879,833,892,805
P,879,863,826,774,805,813,882,834,891,805
P,883,863,826,775,807,814,882,833,889,804
P,878,864,827,775,804,812,880,833,892,803
P,881,863,826,778,805,810,880,837,892,810
P,883,863,825,775,804,812,880,834,892,806
P,884,862,826,777,804,813,879,833,892,806
P,883,863,827,774,808,813,881,834,892,805
P,881,862,826,777,805,812,881,835,889,806
P,879,863,827,778,804,811,882,834,893,807
P,882,863,825,776,805,813,882,834,892,807
P,884,864,826,776,805,813,881,835,891,804
P,880,864,824,776,806,812,880,835,887,807
P,882,864,824,779,804,812,879,833,894,807
P,881,864,825,777,805,812,882,836,890,806
P,881,862,825,778,805,814,880,833,890,803
P,883,866,825,778,805,811,881,835,889,804
P,882,863,826,780,806,813,880,833,892,805
P,880,861,825,777,803,812,880,836,893,804
P,880,862,824,783,806,812,879,833,893,807
P,883,865,824,779,803,814,882,836,893,807
P,883,866,826,779,806,812,881,832,889,805
P,880,865,826,777,803,813,881,834,891,806
P,881,864,824,778,808,814,880,835,893,802
P,881,864,827,774,803,813,880,835,891,807
P,884,863,824,772,805,812,881,833,890,802
P,882,864,826,773,803,812,882,834,886,809
P,884,863,827,772,804,812,883,832,888,802
P,884,865,827,771,806,812,880,836,889,807
P,883,863,826,773,804,813,880,835,893,806
P,881,863,828,772,805,811,880,833,890,804
P,883,863,825,773,803,812,882,833,890,805
P,883,862,825,774,804,812,880,834,890,803
P,880,863,825,772,804,812,881,835,894,805
P,884,861,826,771,804,814,880,835,892,806
P,879,863,827,774,804,813,880,833,893,806
P,880,865,826,774,803,814,882,835,894,802
P,884,864,826,775,803,813,880,835,891,807
P,881,862,826,771,805,815,878,833,891,804
P,884,863,827,772,805,813,881,834,889,805
P,884,863,827,771,804,811,879,834,892,803
P,881,864,827,771,805,812,882,834,891,803
P,884,865,827,774,802,811,881,834,889,804
P,882,866,827,773,803,812,880,834,892,803
P,881,865,825,772,804,813,880,833,890,805
P,882,864,827,773,805,811,882,832,888,808
P,883,862,826,771,803,812,882,835,885,804
P,883,866,826,773,806,813,881,831,890,802
P,881,861,827,772,805,812,881,836,892,805
P,883,865,827,773,804,813,881,834,892,807
P,881,865,826,771,805,812,880,835,893,802
P,883,866,826,772,804,812,881,834,890,804
P,880,863,827,774,803,814,880,834,890,803
P,879,867,827,772,802,814,880,834,889,804
P,882,864,827,771,804,813,882,833,888,801
P,881,865,828,771,803,811,879,834,892,803
P,879,865,825,774,806,811,880,836,894,803
P,883,866,828,772,807,813,880,833,893,806
P,884,867,826,772,805,812,881,833,892,805
P,883,866,826,773,804,813,880,832,891,801
P,878,865,826,774,804,813,881,834,890,807
P,882,864,826,772,805,812,879,835,890,804
P,879,864,828,773,805,814,879,833,893,805
P,881,864,826,773,805,813,880,836,889,803
P,881,864,826,772,804,812,880,834,891,805
P,878,862,823,770,803,815,880,835,893,807
P,884,864,827,773,804,812,880,836,893,804
P,883,866,826,772,802,812,882,836,888,806
P,880,863,827,772,804,813,881,834,891,805
P,884,864,826,774,804,811,880,834,894,809
P,885,864,826,773,804,812,881,835,892,804
P,880,865,825,774,804,813,880,834,890,804
P,878,865,827,774,805,812,880,834,892,801
P,881,864,826,774,803,813,881,833,888,808
P,879,863,826,772,806,813,882,833,892,803
P,884,863,827,775,805,811,880,834,893,807
P,879,863,826,773,805,812,882,834,890,805
P,878,865,827,773,804,812,882,834,892,807
P,883,863,826,773,803,813,882,834,892,805
P,883,862,826,774,804,811,880,833,891,803
P,879,864,826,774,804,812,880,833,892,804
P,881,865,826,774,805,811,880,834,890,805
P,879,864,826,775,805,812,881,835,893,807
P,879,865,826,774,804,812,880,833,892,805
P,881,864,825,775,805,812,878,833,889,805
P,884,866,825,774,804,812,880,835,893,807
P,877,864,825,773,804,812,882,833,891,807
P,882,866,825,773,805,813,880,834,890,804
P,880,864,827,773,804,813,880,835,892,804
P,883,863,826,773,806,815,879,833,890,805
P,878,864,827,774,805,812,881,834,892,806
P,888,864,827,773,805,812,880,835,889,806
P,884,866,827,776,806,813,881,835,889,806
P,880,862,826,774,804,811,882,833,890,806
P,880,863,827,773,805,812,880,834,890,805
P,882,865,826,775,806,812,880,834,892,804
P,881,864,827,775,806,812,881,832,894,808
P,883,864,827,772,805,813,881,836,893,805
P,883,864,827,774,804,811,882,834,892,806
P,881,865,826,774,804,812,881,834,891,803
P,881,863,826,775,804,810,880,835,893,807
P,880,865,827,773,805,811,881,834,890,804
P,881,865,827,774,805,812,881,833,889,805
P,886,863,828,775,805,811,880,832,892,806
P,881,862,826,774,805,811,881,832,891,807
P,882,866,826,775,803,812,880,835,889,807
P,888,865,826,774,804,812,881,835,892,804
P,881,865,827,775,803,813,880,833,890,800
P,884,866,828,776,805,812,881,834,890,805
P,880,866,827,774,804,812,881,833,890,805
P,880,865,827,774,805,812,880,835,889,805
P,884,864,827,775,804,812,879,835,892,804
P,880,866,828,772,804,812,879,832,893,804
P,883,864,827,774,804,813,880,834,888,807
P,884,865,827,774,805,811,879,832,891,803
P,885,866,827,774,803,814,882,835,889,802
P,880,865,827,776,805,813,880,833,891,804
P,880,864,827,774,804,812,880,832,890,802
P,885,863,826,773,806,812,880,833,890,805
P,883,864,827,776,804,812,882,835,888,803
P,879,867,827,773,804,811,881,834,893,807
P,881,865,827,773,803,813,880,832,889,806
P,883,865,827,773,803,814,880,833,892,806
P,880,864,828,774,804,811,879,832,892,803
P,884,863,827,774,804,812,881,833,891,807
P,883,865,827,776,804,813,882,834,890,807
P,880,866,826,774,804,813,880,834,892,805
P,882,865,828,773,803,813,879,834,891,803
P,883,867,827,773,806,813,879,834,890,804
P,880,866,826,777,807,811,881,836,892,804
P,882,864,826,777,807,812,882,832,890,806
P,885,867,827,774,805,813,881,834,889,805
P,884,867,829,777,806,811,880,834,890,806
P,882,865,827,776,805,813,882,832,893,803
P,882,864,825,774,805,810,883,833,889,802
P,883,864,827,775,804,812,881,834,891,806
P,881,865,828,775,806,812,880,832,893,804
P,882,865,828,775,805,811,881,833,890,803
P,884,865,828,775,804,812,880,832,891,805
P,887,864,827,776,805,812,881,833,890,806
P,882,867,826,777,806,810,878,832,890,801
P,881,864,827,775,805,812,881,831,889,805
P,883,864,827,774,803,811,879,832,890,805
P,881,866,828,777,807,813,882,831,890,806
P,882,864,827,778,803,812,883,830,893,809
P,884,866,829,776,804,810,881,833,892,807
P,882,867,827,776,805,812,881,833,887,804
P,885,863,828,774,806,810,881,830,892,802
P,882,865,829,776,804,811,881,832,890,804
P,884,863,827,773,804,812,880,833,892,802
P,889,867,826,774,805,812,879,831,888,803
P,883,866,827,775,803,811,881,831,893,806
P,883,865,828,776,805,810,880,832,893,805
P,884,865,828,777,804,811,880,831,891,805
P,884,863,826,777,804,810,881,832,893,805
P,882,866,826,776,806,810,880,832,893,805
P,879,866,827,774,804,812,880,831,889,807
P,883,863,827,774,804,811,880,832,890,803
P,884,867,826,778,801,807,884,830,889,805
P,884,864,828,774,805,810,879,831,890,802
P,884,864,827,776,803,812,880,832,892,806
P,886,865,828,775,804,811,881,832,892,806
P,879,866,827,774,803,812,881,832,892,805
P,881,864,827,776,804,812,881,833,892,802
P,887,867,829,775,805,813,881,831,889,804
P,884,864,826,774,802,810,880,831,892,803
P,882,865,826,774,804,810,879,832,890,805
P,882,866,826,775,801,814,879,833,888,806
P,884,865,827,775,805,812,879,830,892,806
P,883,864,825,775,805,811,880,831,893,803
P,883,865,827,776,806,810,880,833,893,803
P,885,864,828,776,802,811,880,830,889,805
P,884,866,826,774,805,811,881,831,891,803
P,880,865,828,774,804,810,879,826,889,803
P,880,862,826,775,806,812,880,831,890,805
P,882,867,827,775,804,811,881,830,893,807
P,882,863,827,775,806,811,881,830,890,805
P,884,864,828,775,808,811,881,834,890,806
P,883,865,829,777,804,810,879,831,891,804
P,884,866,828,775,804,811,881,831,892,804
P,885,864,827,774,804,810,878,832,890,804
P,881,866,828,776,804,810,881,831,890,803
P,883,865,828,775,806,810,881,831,890,803
P,881,864,826,774,805,812,881,830,891,804
P,885,866,828,774,805,812,880,832,893,804
P,884,864,826,774,806,811,880,831,892,805
P,884,861,824,773,804,811,881,830,893,804
P,885,864,827,773,805,812,880,830,889,804
P,884,864,828,775,805,811,880,831,890,806
P,882,864,827,775,804,810,880,832,889,807
P,883,867,829,775,804,811,881,830,889,804
P,885,865,827,773,803,810,879,832,893,805
P,883,864,828,775,806,811,881,830,892,803
P,884,864,828,775,804,810,880,832,891,807
P,881,863,828,775,803,810,882,831,889,809
P,881,864,827,776,804,812,880,831,892,805
P,884,863,826,773,806,810,878,831,892,807
P,881,864,828,773,805,810,879,831,888,802
P,885,865,827,774,806,811,880,830,893,806
P,883,865,828,775,804,811,880,831,886,804
P,880,866,827,777,802,811,880,830,889,803
P,882,863,828,774,803,810,880,832,890,805
P,884,864,827,776,804,812,881,830,892,806
P,883,865,827,776,806,812,878,835,890,803
P,881,865,829,776,804,812,880,830,889,805
P,882,866,828,775,804,808,880,829,890,804
P,884,866,829,776,805,811,880,830,894,800
P,884,863,827,774,803,811,879,830,892,805
P,884,866,827,774,805,810,880,832,889,802
P,884,864,826,776,805,811,880,831,890,806
P,885,867,829,777,806,810,879,831,889,805
P,883,863,827,776,805,810,880,831,891,806
P,886,865,828,775,804,813,879,833,893,801
P,885,862,829,776,804,811,879,832,887,805
P,884,863,826,776,806,811,880,833,891,804
P,881,864,828,778,806,811,878,833,891,803
P,881,864,828,776,805,810,881,831,888,804
P,884,862,829,776,806,811,880,831,891,805
P,884,864,828,774,806,811,880,830,888,806
P,885,868,830,776,805,811,880,830,891,805
P,883,865,827,774,805,810,880,832,889,803
P,881,865,827,776,806,809,881,832,888,803
P,881,865,828,776,803,808,881,831,891,804
P,883,867,827,776,806,812,880,830,892,800
P,880,867,829,776,804,810,881,829,888,807
P,881,867,828,774,805,811,880,830,890,801
P,881,866,828,776,804,812,879,831,889,804
P,883,863,827,776,805,810,879,830,893,802
P,882,862,830,775,805,811,881,831,891,801
P,882,864,827,773,805,811,881,831,890,804
P,883,867,829,775,804,809,879,832,893,807
P,880,866,830,777,807,810,880,829,888,801
P,883,866,829,776,804,811,882,830,892,806
P,884,865,827,776,806,809,878,832,892,804
P,885,866,828,776,804,810,881,831,892,805
P,883,864,829,774,805,811,880,831,892,807
P,880,866,828,776,805,811,882,830,890,803
P,883,865,829,773,806,811,880,832,893,805
P,884,865,828,775,806,811,882,831,890,800
P,880,870,828,775,805,810,880,830,891,803
P,883,868,829,772,805,812,881,829,890,804
P,884,865,830,775,805,811,881,830,891,803
P,887,868,830,775,805,809,881,830,889,804
P,884,868,829,776,805,811,880,831,891,806
P,881,865,827,775,806,810,881,830,891,803
P,883,867,828,775,805,811,878,833,892,806
P,882,863,829,775,803,810,880,831,891,804
P,883,866,830,776,807,810,882,832,894,805
P,882,865,828,775,807,810,880,831,889,803
P,884,867,828,774,806,811,880,831,893,802
P,883,866,829,773,804,811,881,831,891,804
P,883,866,830,775,804,814,881,830,893,803
P,883,865,830,775,805,810,880,831,890,804
P,886,862,829,776,806,811,881,829,892,803
P,880,864,828,773,806,810,880,831,889,806
P,883,863,828,772,805,812,879,832,893,807
P,885,866,828,774,807,811,880,832,889,805
P,884,865,829,775,804,811,879,833,888,802
P,883,864,827,774,805,809,880,830,890,803
P,882,863,830,775,806,811,879,830,891,806
P,885,864,829,775,807,810,879,832,889,805
P,885,863,828,776,805,811,879,830,891,807
P,881,865,827,774,805,810,880,830,891,807
P,882,866,828,775,804,810,882,829,890,804
P,881,862,827,777,807,811,881,830,893,804
P,886,865,825,777,805,809,881,830,891,805
P,884,863,830,774,806,810,881,831,891,806
P,883,865,830,774,806,810,881,831,890,801
P,886,863,827,774,806,809,880,829,889,801
P,886,863,829,774,805,810,881,830,888,804
P,881,865,828,775,805,811,880,829,893,806
P,881,865,830,773,807,810,881,833,890,802
P,883,864,829,775,805,812,880,831,887,804
P,884,866,828,776,804,811,881,829,892,805
P,883,866,830,774,807,811,881,831,890,804
P,883,864,828,775,806,813,881,830,893,803
P,882,865,828,776,805,809,880,830,891,806
P,883,864,829,777,803,812,881,830,890,802
P,883,863,829,774,806,809,881,831,891,804
P,882,863,828,774,805,810,879,833,890,803
P,886,866,828,774,805,810,880,831,890,802
P,882,864,828,774,805,811,881,831,892,802
P,883,863,829,775,805,809,880,832,890,804
P,884,864,828,775,804,810,881,829,892,801
P,883,865,829,774,805,810,880,830,889,802
P,882,863,828,774,805,809,879,830,891,804
P,886,863,829,777,807,809,882,832,891,805
P,883,864,829,773,808,810,882,828,893,800
P,885,864,828,773,805,811,880,831,891,804
P,885,863,830,775,806,811,881,827,894,803
P,882,862,830,774,804,809,880,831,888,803
P,882,865,828,773,806,810,881,831,892,803
P,885,863,829,775,807,811,880,832,889,811
P,883,863,828,775,804,811,880,830,891,806
P,884,863,828,774,806,810,880,831,891,805
P,884,862,829,774,804,809,880,832,891,805
P,883,864,828,774,802,812,879,836,893,805
P,881,863,828,777,806,811,880,829,891,805
P,886,865,828,774,806,811,879,830,891,806
P,883,866,827,775,802,809,880,830,892,802
P,883,865,829,775,804,811,882,830,894,807
P,887,863,828,773,806,810,880,830,889,804
P,880,865,828,775,804,809,881,832,892,801
P,881,866,830,774,807,809,879,833,893,799
P,886,865,827,775,805,811,880,831,889,805
P,885,864,829,774,804,811,880,829,889,806
P,881,865,830,775,806,811,881,830,889,801
P,885,866,830,775,803,810,880,831,887,806
P,883,866,828,776,803,812,881,830,887,802
P,882,864,828,773,804,811,880,830,892,804
P,885,865,828,774,804,811,879,832,889,806
P,882,863,829,774,805,811,880,830,888,803
P,883,865,827,775,806,810,880,828,889,805
P,884,866,829,775,806,810,879,831,889,802
P,882,865,828,775,805,810,880,830,892,807
P,882,863,829,776,805,811,879,829,892,804
P,884,866,830,773,804,810,881,829,890,807
P,880,865,828,774,806,811,880,829,889,802
P,880,865,830,773,803,811,878,831,889,804
P,885,865,829,773,806,809,881,830,891,805
P,881,864,828,775,802,810,881,829,890,805
P,883,866,827,774,804,809,881,831,892,806
P,884,864,828,773,803,810,882,828,893,804
P,880,863,829,773,805,809,880,829,891,812
P,886,863,828,774,806,809,879,829,892,806
P,885,865,828,774,804,810,879,829,892,807
P,885,863,829,774,806,811,880,831,892,805
P,882,864,829,775,806,810,880,830,890,804
P,886,866,828,774,804,811,880,829,891,802
P,879,863,828,774,806,811,878,831,888,802
P,886,863,828,775,805,810,881,831,890,802
P,882,866,828,775,802,809,880,829,892,805
P,882,864,829,775,804,810,879,831,893,803
P,885,866,829,773,805,811,879,830,890,804
P,886,862,829,774,806,811,879,832,891,803
P,880,865,830,774,804,810,880,827,894,803
P,886,865,828,774,805,810,880,830,892,803
P,884,863,829,772,806,811,879,829,890,804
P,885,863,830,772,805,811,879,828,893,803
P,881,865,828,774,806,811,878,831,891,805
P,880,862,829,776,803,811,880,828,890,801
P,882,864,829,773,806,810,879,831,893,804
P,882,865,826,774,803,811,879,828,896,806
P,882,864,827,776,804,811,879,831,891,804
P,881,864,828,774,805,811,881,831,889,802
P,881,863,828,775,806,812,879,829,889,803
P,881,863,829,774,806,810,879,831,892,804
P,886,863,827,772,805,810,879,832,886,801
P,887,866,827,774,805,811,879,830,887,807
P,882,863,828,772,806,809,879,830,892,804
P,887,866,828,774,803,809,879,830,891,804
P,885,866,829,772,804,810,879,831,888,802
P,886,864,829,772,807,810,881,831,894,805
P,882,863,828,773,804,811,879,829,890,807
P,883,863,828,774,806,811,879,831,890,804
P,883,864,829,772,806,810,880,829,889,802
P,882,864,829,774,805,811,879,830,890,799
P,884,863,829,772,805,810,879,830,889,804
P,881,863,829,772,805,810,879,832,889,801
P,880,861,827,772,804,809,879,829,890,805
P,880,863,828,773,804,811,880,830,889,804
P,875,864,829,772,804,810,880,829,891,807
P,884,865,828,773,805,811,880,829,890,806
P,883,866,828,772,807,810,881,831,890,803
P,880,866,827,772,804,810,880,832,893,804
P,884,864,828,775,806,812,879,830,892,805
P,881,864,827,773,805,810,880,830,891,804
P,885,864,828,771,808,811,877,828,896,806
P,884,865,828,772,805,810,880,829,888,806
P,887,861,827,772,805,811,881,832,891,803
P,885,865,829,773,806,811,880,832,891,805
P,883,866,829,773,809,810,881,831,890,804
P,882,864,828,771,803,811,881,829,892,808
P,881,863,829,772,806,812,880,831,889,805
P,884,864,829,771,807,811,880,833,889,805
P,880,864,828,773,806,810,878,833,893,804
P,883,864,828,772,806,808,880,830,891,806
P,884,866,828,769,806,811,880,833,889,806
P,883,864,828,772,806,809,881,832,890,805
P,884,865,828,774,807,810,879,831,894,806
P,884,863,827,771,806,811,878,832,893,804
P,882,864,829,774,808,812,882,830,889,802
P,886,864,827,773,806,810,880,832,890,807
P,881,862,830,776,806,810,881,831,892,801
P,881,864,828,772,806,811,882,833,891,804
P,885,864,828,772,808,812,881,830,892,803
P,885,863,828,774,804,811,881,832,892,802
P,882,863,828,774,807,812,881,834,894,802
P,887,863,827,773,805,811,881,831,889,802
P,883,864,828,774,806,811,880,831,893,807
P,881,863,827,772,807,810,883,832,895,804
P,887,866,828,773,807,811,882,834,894,804
P,885,865,828,773,808,810,882,834,889,802
