U,943,872,831,774,808,781,898,796,867,780
U,944,872,832,775,808,780,897,794,864,780
U,940,870,831,774,809,781,897,796,868,777
U,946,869,831,773,810,781,898,797,867,782
U,943,872,832,774,808,781,896,797,865,779
U,942,870,831,775,809,780,898,795,866,778
U,943,869,831,775,809,781,898,794,864,779
U,943,871,830,774,811,781,896,797,868,777
U,943,872,833,774,809,780,900,796,866,780
U,944,873,831,774,810,782,897,795,868,780
U,942,872,832,774,809,782,898,797,865,779
U,943,872,833,776,808,781,900,796,864,779
U,942,872,832,774,810,780,899,793,865,783
U,944,872,831,775,808,781,898,796,866,780
U,945,873,831,774,809,781,899,794,864,781
U,940,870,832,775,809,782,899,794,866,777
U,945,869,832,775,809,781,898,798,866,779
U,947,873,831,775,810,782,898,798,865,777
U,945,871,833,775,808,780,897,793,863,779
U,945,871,831,774,809,780,899,798,867,779
U,944,872,832,775,808,780,898,796,868,776
U,942,872,832,775,808,782,898,794,866,780
U,945,869,831,773,809,781,899,796,868,776
U,946,871,832,775,810,780,897,795,864,777
U,943,871,831,774,808,781,897,796,866,779
U,945,872,831,775,810,781,897,794,864,777
U,948,872,831,774,810,780,900,795,866,778
U,944,872,831,774,810,782,897,796,866,779
U,949,871,831,775,807,781,898,796,866,779
U,944,872,831,776,810,780,899,796,864,778
U,945,871,831,778,810,782,898,795,867,780
U,945,873,832,773,810,781,900,794,868,780
U,944,873,832,774,808,780,899,798,864,778
U,946,872,832,773,809,781,899,796,866,778
U,946,870,833,773,808,782,897,793,863,778
U,946,872,832,774,809,781,898,797,873,780
U,945,871,831,775,810,779,898,794,863,779
U,946,871,831,773,809,781,898,799,864,778
U,944,870,832,774,810,781,898,796,865,777
U,943,871,833,776,810,781,897,795,867,781
U,944,870,832,776,810,781,898,795,865,779
U,945,872,832,776,810,780,897,793,865,777
U,944,873,832,774,809,782,899,796,864,779
U,942,873,832,774,808,781,899,794,866,774
U,947,873,831,776,810,781,898,797,865,779
U,943,871,831,776,811,782,896,796,864,781
U,947,873,832,775,810,781,897,797,865,783
U,936,871,831,774,810,781,897,798,866,778
U,946,872,831,774,807,781,899,794,868,780
U,946,871,832,774,809,781,899,796,867,778
U,945,873,833,776,810,781,899,794,866,780
U,940,871,832,775,808,782,899,795,866,775
U,946,872,831,774,809,779,898,795,865,780
U,946,873,833,774,811,781,899,795,867,780
U,944,873,833,775,810,781,899,795,863,781
U,947,873,831,774,810,782,898,797,864,776
U,942,872,831,774,809,782,899,795,862,778
U,945,870,832,775,808,780,897,795,869,775
U,943,870,832,774,810,780,898,796,865,781
U,944,870,832,773,809,782,899,797,863,777
U,946,873,831,775,808,781,898,793,866,780
U,947,870,834,774,810,782,897,798,864,778
U,946,873,832,776,809,781,899,794,868,779
U,942,872,833,774,808,780,897,794,865,781
U,947,872,828,775,809,781,897,799,866,776
U,943,868,833,776,804,780,898,795,866,779
U,944,873,831,774,811,782,898,798,867,779
U,946,870,832,775,809,781,897,794,864,781
U,943,870,831,774,810,781,898,796,863,780
U,944,870,831,774,811,782,897,796,862,775
U,944,871,833,774,808,780,898,795,864,779
U,944,870,832,775,810,782,899,798,867,776
U,944,871,832,774,808,781,897,795,865,778
U,944,872,831,773,810,781,898,799,864,780
U,945,870,832,775,810,781,899,797,863,780
U,943,871,832,774,809,781,899,794,863,776
U,941,872,832,776,808,781,898,797,864,776
U,945,873,833,774,810,781,898,798,866,779
U,944,870,832,774,810,781,898,798,866,776
U,946,870,832,774,809,780,899,794,863,779
U,945,871,833,776,811,782,899,795,864,777
U,939,868,832,775,811,782,897,797,865,778
U,944,868,833,774,810,781,898,797,867,780
U,945,870,832,775,809,782,896,795,864,777
U,945,870,833,775,810,782,898,795,867,775
U,942,869,832,775,810,779,899,796,864,780
U,946,871,832,775,808,782,899,796,867,781
U,945,869,832,774,809,778,898,793,864,777
U,944,871,832,774,810,781,898,797,864,778
U,943,871,832,773,809,782,897,796,864,780
U,948,869,834,774,809,780,898,794,865,778
U,943,871,833,776,809,781,899,796,864,780
U,941,868,830,774,809,781,898,797,865,776
U,943,871,832,775,809,781,898,793,867,776
U,947,871,833,775,810,781,898,797,866,777
U,946,871,832,774,808,782,899,794,864,779
U,946,869,832,774,809,782,898,794,866,777
U,948,869,831,774,810,780,897,795,864,778
U,944,870,832,774,808,780,897,794,865,779
U,947,871,833,775,810,781,898,796,866,776
U,945,868,831,773,809,782,896,794,864,777
U,947,871,833,773,809,781,898,798,867,779
U,945,868,832,775,811,782,899,796,862,775
U,945,869,833,775,810,780,898,796,863,777
U,946,868,831,774,810,780,896,794,863,782
U,943,870,832,774,809,780,898,795,866,779
U,942,871,831,773,808,781,899,798,864,779
U,938,870,832,775,811,781,898,795,864,777
U,942,872,832,773,807,780,898,795,862,778
U,944,868,832,775,811,781,898,798,864,776
U,942,871,833,775,810,780,898,794,864,777
U,950,875,834,777,812,780,899,797,866,781
U,943,872,833,774,809,782,899,795,864,780
U,944,871,831,773,811,782,897,793,867,779
U,946,868,833,775,809,782,898,797,867,777
U,946,868,834,775,810,780,897,795,867,779
U,946,869,831,775,812,782,898,794,865,780
U,939,871,833,775,809,781,898,795,862,778
U,944,870,833,775,809,781,897,793,864,779
U,946,871,833,774,810,780,897,795,864,777
U,944,871,833,774,811,780,898,794,867,782
U,945,871,833,773,810,782,899,798,864,778
U,946,871,832,776,810,781,897,793,862,776
U,945,868,833,775,810,781,897,796,863,776
U,945,868,832,776,809,782,897,798,865,779
U,944,870,832,774,812,781,898,797,865,780
U,945,869,834,773,809,780,898,796,864,780
U,943,871,831,775,810,781,898,796,865,778
U,944,870,832,774,812,783,899,796,865,777
U,945,869,832,776,810,781,898,795,864,777
U,943,870,831,776,810,781,898,796,864,780
U,944,871,833,775,811,779,896,796,866,777
U,946,870,831,776,810,782,898,796,863,779
U,946,870,833,775,810,781,897,798,862,775
U,943,868,834,774,810,781,897,796,864,781
U,942,870,832,776,810,781,898,797,864,778
U,943,870,833,777,808,781,896,799,866,782
U,944,869,832,775,808,780,897,798,864,778
U,944,870,833,774,810,782,898,799,864,777
U,946,869,832,775,811,780,898,801,864,781
U,943,871,833,776,810,781,898,799,867,777
U,943,872,832,777,812,782,897,799,865,780
U,942,871,833,776,810,780,896,795,867,781
U,941,870,833,775,811,781,896,797,864,777
U,947,869,833,776,808,782,897,798,866,779
U,943,870,833,776,811,780,897,798,865,781
U,944,869,833,775,809,782,899,798,864,780
U,944,871,834,774,810,781,898,799,864,778
U,942,869,833,777,811,780,899,799,864,779
U,949,870,832,775,813,782,898,796,864,780
U,942,870,832,776,813,781,896,797,865,781
U,945,870,833,776,814,782,898,795,866,780
U,942,869,832,776,813,782,896,799,864,780
U,942,868,833,776,814,782,898,797,864,777
U,941,868,832,777,812,781,898,797,865,775
U,949,866,833,777,811,780,898,795,866,781
U,943,869,833,776,811,782,898,797,864,779
U,943,869,833,776,811,781,898,796,866,778
U,944,869,833,775,809,781,897,798,865,777
U,944,870,832,778,810,783,899,799,867,776
U,945,870,832,775,811,781,898,797,866,779
U,943,870,833,777,810,780,897,797,867,778
U,944,869,833,775,811,781,898,797,866,780
U,944,867,834,776,811,781,898,795,866,780
U,943,868,833,775,812,782,897,796,866,777
U,940,870,833,777,811,781,899,800,868,778
U,941,868,833,777,810,780,898,799,865,781
U,942,870,833,776,811,781,897,798,862,779
U,943,870,833,775,811,781,897,796,864,776
U,940,868,834,777,809,782,897,797,865,780
U,946,871,833,778,810,781,897,798,865,780
U,945,868,833,776,812,781,898,797,867,779
U,943,868,831,774,810,782,896,795,864,778
U,943,869,833,775,811,781,898,797,865,778
U,943,870,833,776,809,781,898,794,864,778
U,940,871,832,775,810,781,899,795,863,778
U,945,869,833,776,811,781,898,796,864,781
U,941,872,833,777,810,781,899,799,866,779
U,943,869,833,775,810,782,898,797,866,777
U,944,871,832,777,813,781,898,796,865,779
U,941,870,832,776,809,782,897,798,864,778
U,942,868,832,776,810,781,898,798,864,780
U,943,868,833,777,810,780,898,796,863,780
U,946,869,834,777,811,781,896,796,862,781
U,944,870,833,775,813,782,896,799,865,777
U,940,871,831,775,812,781,897,799,864,779
U,944,869,834,777,812,780,898,795,861,780
U,942,870,833,777,809,781,897,795,866,777
U,946,872,834,777,811,780,898,796,864,777
U,945,868,834,777,809,782,897,798,866,785
U,942,870,832,776,811,782,898,795,864,776
U,940,869,835,775,812,780,896,794,864,776
U,944,870,834,775,811,781,897,796,866,780
U,940,869,832,773,806,779,897,798,864,777
U,942,869,833,777,811,781,897,797,864,780
U,940,870,833,778,812,781,897,796,867,778
U,941,871,833,776,809,781,898,796,864,780
U,942,870,834,776,810,781,898,797,864,781
U,939,869,832,775,811,781,896,796,865,780
U,939,870,834,777,811,782,895,795,865,778
U,945,868,833,778,811,781,896,796,866,780
U,941,869,833,777,810,782,897,796,866,780
U,942,866,832,778,811,780,898,797,863,778
U,943,869,833,776,811,782,896,797,865,779
U,944,871,833,779,810,780,899,794,865,779
U,943,871,833,778,810,782,898,795,865,780
U,944,871,832,777,810,782,897,799,865,778
U,942,872,834,778,811,782,897,796,866,779
U,941,872,832,776,809,783,897,799,865,779
U,943,868,833,778,811,782,897,796,866,779
U,945,870,831,777,812,781,898,798,867,780
U,944,870,832,777,811,781,898,798,867,779
U,947,870,832,779,811,781,895,796,865,780
U,941,869,833,776,809,782,898,797,866,778
U,942,869,832,777,811,781,897,796,867,775
U,943,871,834,776,809,782,897,798,866,779
U,942,867,832,776,810,782,898,798,867,777
U,940,870,834,777,811,781,898,797,865,778
U,942,868,831,777,811,782,898,794,865,779
U,940,870,832,776,811,781,896,795,869,780
U,945,869,833,778,811,782,898,797,867,780
U,942,871,833,777,810,781,898,795,865,777
U,942,868,833,776,808,782,898,798,864,779
U,941,868,833,775,810,782,896,798,865,778
U,944,868,831,778,809,783,896,798,865,778
U,943,869,833,777,812,783,898,797,867,780
U,943,869,833,775,811,780,897,795,867,777
U,943,871,833,776,810,781,895,798,865,778
U,941,870,833,777,812,782,897,796,865,779
U,940,870,833,778,812,782,899,798,865,779
U,952,869,832,777,810,782,896,797,865,776
U,941,870,833,776,810,782,896,794,868,776
U,941,870,833,775,812,781,896,797,866,781
U,941,867,833,777,809,781,897,794,863,782
U,942,871,833,775,810,781,897,796,865,776
U,941,871,833,777,809,780,897,796,868,781
U,944,869,832,778,812,780,897,797,866,777
U,942,870,832,777,811,781,899,795,864,780
U,941,870,833,778,811,783,898,799,867,780
U,942,869,832,774,815,783,898,797,865,780
U,943,869,833,776,815,782,897,796,868,778
U,941,869,833,778,815,780,896,799,867,777
U,943,869,833,777,814,782,897,796,868,781
U,945,869,834,777,814,781,895,798,866,777
U,940,869,831,775,813,781,898,798,867,776
U,942,871,832,778,811,780,896,795,866,781
U,942,868,831,775,811,782,897,797,865,779
U,943,869,831,774,813,781,897,796,863,777
U,944,870,834,776,811,781,896,795,867,778
U,941,870,832,775,812,783,896,799,864,779
U,939,870,832,774,812,781,897,798,866,779
U,942,869,832,775,813,781,896,796,866,780
U,943,869,833,776,813,782,896,797,866,777
U,940,871,831,775,813,782,897,797,865,779
U,943,869,833,776,814,781,899,797,868,777
U,945,867,833,776,812,781,897,797,866,779
U,945,869,833,775,812,782,897,794,868,775
U,942,870,833,776,814,782,897,796,868,776
U,944,870,832,778,813,783,897,799,865,781
U,943,871,833,776,813,783,897,799,867,777
U,944,867,833,774,813,780,898,794,865,781
U,941,870,832,775,811,781,898,798,867,777
U,943,868,833,777,813,780,896,798,864,777
U,945,869,832,776,813,782,898,796,866,781
U,942,869,833,777,813,782,894,796,868,784
U,941,870,832,776,814,782,896,796,867,777
U,941,868,832,776,815,783,896,798,864,778
U,940,869,833,775,813,782,897,799,868,778
U,945,871,834,776,814,782,896,795,867,781
U,940,870,832,776,813,781,897,795,866,779
U,943,868,832,773,814,780,897,795,867,777
U,943,870,834,776,811,781,898,797,864,778
U,941,871,834,777,811,781,895,797,868,776
U,944,869,834,775,812,781,896,798,865,779
U,943,866,832,776,813,782,897,798,865,779
U,941,870,833,776,812,781,897,796,866,780
U,945,870,834,777,813,782,897,796,863,780
U,943,868,834,776,810,782,896,797,868,779
U,944,869,833,777,814,781,897,794,866,779
U,944,869,833,774,812,781,897,796,867,779
U,943,868,834,777,810,782,895,798,866,780
U,939,869,832,776,813,782,897,796,864,780
U,941,868,833,774,814,781,897,799,868,778
U,943,869,833,777,812,781,898,797,867,778
U,943,869,833,776,812,782,895,797,865,777
U,949,869,832,776,813,781,896,797,867,780
U,941,870,832,774,812,781,897,796,865,777
U,940,870,832,775,813,781,899,797,865,781
U,941,871,832,777,813,781,896,795,864,778
U,941,871,833,776,811,780,896,795,866,780
U,942,868,834,776,811,780,896,796,866,780
U,942,870,832,776,814,782,897,798,864,780
U,943,870,832,775,812,781,898,795,867,779
U,943,869,833,775,813,780,895,796,863,780
U,941,871,832,775,813,782,897,794,868,778
U,944,870,832,776,813,782,898,797,866,778
U,942,869,833,777,812,780,895,795,868,778
U,943,870,834,775,811,781,896,798,867,777
U,943,869,833,777,811,782,896,794,866,776
U,943,871,833,775,812,782,896,798,865,780
U,941,869,832,777,812,781,897,798,865,778
U,940,868,833,775,812,781,897,798,865,779
U,941,869,833,775,813,781,897,796,864,779
U,942,869,833,775,812,782,895,796,865,778
U,944,868,832,776,812,781,898,796,866,780
U,943,870,833,777,811,782,895,796,865,777
U,951,870,833,776,811,782,897,797,866,779
U,944,872,832,776,811,783,898,799,863,780
U,943,869,833,775,812,781,896,795,864,779
U,944,870,832,776,812,782,895,797,865,778
U,942,869,833,777,812,782,895,798,866,779
U,942,870,833,776,812,781,896,796,868,777
U,942,871,833,776,811,781,897,794,866,776
U,943,870,833,775,812,781,897,797,869,783
U,942,870,833,775,812,782,896,795,867,777
U,944,869,834,777,812,780,897,795,867,776
U,943,868,832,775,812,781,896,797,867,777
U,944,867,832,776,813,782,898,797,865,780
U,942,870,832,775,811,780,897,795,864,779
U,944,870,832,776,811,781,897,794,865,779
U,941,867,833,776,813,782,896,795,865,778
U,943,869,832,775,813,782,898,797,866,778
U,941,871,832,777,813,782,896,795,864,778
U,946,870,833,776,811,781,897,798,866,777
U,939,869,834,776,812,780,897,795,866,779
U,945,868,832,776,811,781,898,795,867,780
U,943,871,834,777,813,783,895,798,868,775
U,944,868,833,776,811,781,898,796,867,780
U,944,868,833,776,812,782,896,796,865,777
U,944,868,833,776,811,781,896,794,864,777
U,942,868,832,773,812,780,896,796,868,776
U,945,871,833,776,813,781,897,797,866,778
U,944,867,831,776,812,780,897,798,866,781
U,941,870,832,775,812,781,898,797,866,782
U,944,869,834,776,813,780,896,797,867,778
U,942,868,831,775,812,781,895,798,866,776
U,941,868,833,777,813,781,897,795,866,777
U,942,870,834,778,813,782,896,797,867,780
U,942,871,833,776,812,782,897,794,867,778
U,940,870,833,776,812,781,898,796,864,781
U,943,868,833,777,812,782,897,795,866,779
U,943,871,833,776,812,781,895,796,868,777
U,940,871,832,777,812,782,896,797,867,780
U,943,869,833,776,812,782,896,794,863,777
U,942,869,833,777,813,780,896,797,866,780
U,944,871,834,775,812,782,896,794,868,781
U,941,867,833,778,813,781,897,796,865,779
U,942,868,834,777,812,780,896,796,866,777
U,943,870,833,776,812,782,895,794,864,780
U,941,870,832,776,813,780,897,796,863,782
U,941,868,833,775,812,781,896,797,867,777
U,941,870,833,775,814,782,898,795,867,779
U,940,869,834,775,813,781,896,797,866,778
U,944,870,832,776,813,783,896,795,866,777
U,944,868,834,777,813,781,896,798,865,778
U,940,872,832,776,813,781,897,797,867,779
U,943,869,832,775,812,782,896,797,867,778
U,941,870,832,775,812,782,898,795,866,779
U,940,868,833,777,813,780,897,797,866,777
U,944,868,833,777,814,781,896,794,866,779
U,942,869,833,775,813,781,895,798,864,777
U,944,868,832,777,812,779,897,794,869,775
U,942,870,832,777,814,782,898,798,866,779
U,941,868,834,776,812,781,895,796,866,779
U,945,867,834,778,814,781,896,796,865,779
U,939,868,834,776,814,781,898,800,865,778
U,943,869,834,775,816,781,896,797,867,777
U,941,869,832,777,815,781,895,795,865,778
U,943,868,834,776,814,781,896,796,867,778
U,944,868,835,775,814,782,899,794,864,780
U,943,870,834,775,817,782,897,797,866,779
U,940,870,834,777,814,781,897,795,866,779
U,943,870,834,776,816,782,897,797,864,777
U,942,868,834,775,813,781,894,795,865,776
U,943,870,834,777,815,781,895,796,868,780
U,939,869,834,775,815,781,896,797,863,782
U,941,868,834,775,814,781,896,798,865,780
U,941,869,833,776,813,781,898,797,866,778
U,943,869,833,776,813,780,897,797,864,779
U,942,869,835,776,814,781,896,798,865,781
U,944,869,834,776,814,781,896,797,867,780
U,942,868,833,777,815,781,896,796,864,777
U,942,869,834,777,815,781,898,800,869,780
U,940,868,835,777,814,781,896,797,864,779
U,942,868,835,777,815,782,898,796,866,775
U,944,867,832,778,815,782,897,797,866,778
U,944,869,833,775,814,781,896,794,865,778
U,940,870,831,775,813,781,896,798,863,780
U,945,869,833,776,814,781,896,797,865,781
U,943,870,835,775,815,780,895,794,864,781
U,939,870,833,777,814,782,896,795,866,779
U,944,870,833,777,814,782,894,797,865,780
U,944,868,833,776,815,781,895,793,865,779
U,943,869,834,776,813,780,896,795,864,778
U,941,868,834,775,815,781,896,796,867,778
U,941,870,833,777,815,782,896,797,866,777
U,941,869,833,778,816,781,896,797,863,779
U,945,868,835,774,816,781,897,795,867,778
U,941,870,835,775,819,783,897,794,866,781
U,943,871,834,776,820,780,896,797,867,776
U,942,868,834,775,815,780,897,796,864,781
U,943,870,834,775,819,781,896,796,866,778
U,944,870,835,780,815,781,898,797,867,778
U,942,869,834,777,818,780,897,798,865,781
U,941,868,835,775,816,783,898,794,864,779
U,944,871,833,775,815,782,896,799,867,780
U,941,871,833,776,818,782,896,798,866,777
U,943,871,834,777,816,781,894,795,866,777
U,943,870,833,776,818,782,896,797,866,780
U,937,868,835,775,816,780,898,794,864,780
U,944,867,833,776,816,781,896,794,866,776
U,943,867,834,777,816,780,896,796,865,777
U,941,870,835,778,815,782,896,795,864,778
U,943,868,834,777,817,782,896,797,866,780
U,944,867,834,777,817,782,893,797,865,780
U,941,869,833,777,815,781,897,795,864,777
U,943,869,834,776,815,782,896,797,862,778
U,941,869,834,776,814,782,900,794,863,778
U,941,868,834,776,816,780,896,797,864,778
U,944,870,833,778,815,782,897,797,868,777
U,942,871,833,776,816,782,896,798,868,777
U,943,869,834,777,816,782,897,797,866,778
U,942,869,833,775,815,782,897,796,866,781
U,942,871,833,775,816,782,896,794,866,780
U,945,871,835,777,815,782,897,796,865,780
U,942,870,833,777,812,782,897,793,865,777
U,945,869,832,778,815,781,897,796,866,777
U,941,868,834,775,815,781,896,794,865,777
U,941,869,833,777,814,782,895,797,864,779
U,944,869,834,777,816,783,896,795,865,779
U,943,868,834,777,816,782,897,796,864,780
U,944,867,833,776,815,781,897,795,866,780
U,942,871,834,776,815,781,897,797,864,778
U,942,870,834,777,812,781,896,796,863,780
U,941,870,832,778,813,781,897,797,864,778
U,943,868,833,777,814,782,895,796,863,781
U,942,870,834,775,814,781,896,796,865,779
U,941,869,831,776,813,782,896,794,863,779
U,942,869,834,777,813,780,896,795,867,781
U,945,870,832,777,813,782,896,797,863,777
U,941,870,832,773,813,781,895,795,864,776
U,941,869,833,776,812,782,896,797,864,777
U,943,867,834,774,811,782,898,796,863,780
U,940,870,831,775,812,781,897,797,864,780
U,946,872,835,776,815,781,895,796,866,778
U,944,869,832,777,813,780,895,795,866,780
U,944,867,832,776,813,781,897,795,864,778
U,942,869,832,775,811,780,896,795,863,777
U,941,869,832,776,812,781,896,796,861,781
U,944,869,833,776,811,780,896,796,865,778
U,943,868,832,775,811,781,895,796,867,782
U,946,870,831,777,810,782,897,793,866,778
U,944,868,832,775,810,782,895,795,862,781
U,947,868,831,777,810,780,897,798,867,779
U,941,869,830,776,812,781,896,795,865,778
U,943,868,832,775,811,782,895,796,863,780
U,940,868,832,776,810,781,895,796,863,778
U,944,869,833,776,809,780,896,793,863,779
U,940,870,832,775,811,782,896,795,865,778
U,944,869,831,775,811,781,896,794,864,780
U,942,870,833,775,811,781,896,794,868,780
U,945,869,832,776,810,781,897,797,864,780
U,944,870,833,774,812,782,894,797,864,781
U,939,871,832,774,811,782,896,796,866,781
U,942,869,832,776,809,781,896,794,863,781
U,941,870,831,775,810,782,894,795,864,778
U,941,870,832,777,811,781,897,795,865,779
U,941,870,831,775,810,781,895,798,867,779
U,948,871,833,776,809,780,897,795,863,780
U,941,870,833,775,810,780,895,795,865,778
U,941,869,832,777,809,781,895,796,866,780
U,942,866,831,774,810,780,895,798,865,780
U,945,870,831,775,811,781,895,794,864,778
U,944,869,833,776,810,780,896,796,864,779
U,942,869,833,775,810,782,896,795,866,777
U,944,869,832,777,810,781,899,790,866,778
U,943,870,831,775,810,781,896,795,863,779
U,941,868,833,775,812,781,895,795,866,778
U,946,870,833,775,810,781,897,797,866,782
U,940,871,832,773,811,781,896,794,864,779
U,944,868,833,775,809,781,896,797,866,776
U,946,869,832,776,811,782,898,797,867,778
U,946,866,832,776,811,781,896,795,867,782
U,945,870,832,776,810,781,895,798,865,779
U,942,870,833,774,810,780,896,796,866,780
U,943,868,833,776,809,780,896,796,865,777
U,941,868,833,774,811,782,896,795,866,778
U,941,866,831,776,811,782,896,792,865,778
U,946,868,831,776,810,780,895,796,864,780
U,946,871,832,777,810,782,897,794,865,777
U,945,868,833,776,811,780,897,795,864,779
U,942,868,833,776,809,780,897,795,864,778
U,945,868,833,774,809,780,897,797,867,781
U,943,870,833,776,809,782,895,794,863,777
U,945,870,831,775,809,780,896,795,866,781
U,945,870,833,776,810,782,897,795,867,778
U,945,869,834,776,810,782,895,797,866,780
U,942,869,834,775,811,780,896,796,865,782
U,941,869,832,776,811,780,896,796,868,777
U,947,870,833,777,810,781,897,794,865,778
U,945,867,832,775,809,781,897,796,863,778
U,942,868,834,777,812,781,896,794,867,777
U,945,868,831,776,810,781,896,797,866,778
U,945,870,833,776,811,782,895,795,865,781
U,941,870,831,775,809,780,897,795,863,779
U,941,869,833,774,812,781,895,794,867,779
U,942,867,833,775,809,780,897,793,866,776
U,943,870,833,776,811,781,896,794,867,777
U,940,870,832,775,810,780,896,795,865,780
U,943,867,834,774,810,782,896,795,865,780
U,943,868,832,776,811,781,895,795,866,780
U,944,870,832,774,812,780,897,795,868,780
U,944,868,832,774,812,781,896,795,866,778
U,943,871,834,776,813,782,897,797,865,777
U,946,872,832,775,810,782,896,796,869,778
U,941,871,833,776,812,781,896,793,867,778
U,941,868,834,777,811,779,896,798,866,778
U,942,868,832,775,811,781,896,796,867,781
U,943,869,832,775,811,781,896,796,867,780
U,945,868,832,776,813,780,896,794,866,781
U,942,868,833,775,810,781,895,793,869,780
U,937,869,834,775,813,782,895,793,868,781
U,944,870,833,774,811,781,895,795,865,777
U,940,869,833,777,811,782,896,792,866,779
U,942,869,834,775,810,781,897,793,867,778
U,943,869,832,775,812,782,896,793,866,777
U,940,868,832,775,812,781,894,796,865,780
U,942,869,833,775,812,780,894,794,869,777
U,941,867,833,775,813,780,896,796,869,776
U,945,869,835,778,812,781,895,795,867,775
U,942,869,834,776,812,781,896,795,868,778
U,940,870,833,777,812,780,897,796,868,779
U,943,868,832,775,811,780,895,796,866,778
U,941,867,833,776,811,781,896,795,865,780
U,944,868,833,776,812,780,896,795,866,776
U,946,868,832,774,811,780,895,796,864,776
U,944,870,833,774,812,781,896,794,867,775
U,943,868,832,776,811,781,896,793,868,777
U,941,869,833,775,811,781,896,794,868,779
U,944,868,834,776,812,782,895,793,868,777
U,947,869,833,776,809,781,894,796,867,779
U,943,869,834,775,810,781,896,794,867,778
U,944,869,833,774,811,780,895,795,865,774
U,947,870,834,775,812,780,896,794,865,775
U,946,869,834,774,812,781,896,796,868,780
U,942,867,833,775,810,781,895,791,866,778
U,945,871,833,775,812,781,896,794,865,778
U,945,870,833,774,811,781,896,795,867,777
U,943,868,832,777,810,781,894,794,864,777
U,943,868,833,777,810,781,896,794,865,780
U,947,871,832,775,811,782,895,794,867,779
U,943,868,833,776,811,780,895,795,864,776
U,942,870,831,776,812,780,896,795,868,778
U,948,869,833,775,810,781,895,793,867,777
U,942,868,833,776,812,780,896,795,864,778
U,946,868,831,775,812,781,895,795,869,777
U,946,870,834,774,811,781,895,793,868,779
U,941,867,835,776,810,780,894,795,865,777
U,942,870,832,775,810,781,896,796,865,778
U,944,871,834,774,811,781,897,792,869,778
U,945,869,833,775,812,781,895,793,862,780
U,947,869,833,775,810,781,896,795,869,780
U,944,870,834,775,812,780,895,795,864,776
U,942,869,834,775,810,781,896,795,864,777
U,942,871,833,776,811,781,896,794,866,777
U,946,870,833,775,812,780,895,794,866,778
U,943,869,834,775,810,780,895,790,869,781
U,943,868,832,776,811,780,896,794,867,778
U,942,869,833,776,810,780,895,794,867,778
U,942,869,833,773,812,783,893,793,867,779
U,940,870,834,773,812,780,895,795,869,776
U,942,869,834,776,810,781,895,794,866,779
U,935,868,834,776,811,780,896,795,866,779
U,942,870,834,775,811,780,896,795,865,779
U,945,869,833,776,813,783,895,793,871,774
U,941,868,832,775,811,781,895,795,869,779
U,942,869,832,775,809,782,896,796,869,777
U,941,868,832,777,810,779,894,794,868,778
U,940,867,833,774,812,781,895,794,869,777
U,942,869,833,775,811,780,897,794,868,779
U,941,868,833,775,811,781,896,796,868,777
U,945,869,831,774,808,782,896,793,865,780
U,945,870,834,776,812,780,895,792,867,777
U,944,870,833,776,811,781,896,793,867,778
U,943,868,833,774,812,781,894,794,867,775
U,942,868,834,776,812,782,896,793,868,779
U,939,869,833,774,813,780,894,796,867,779
U,941,868,832,775,811,780,894,796,866,779
U,943,865,832,774,811,780,896,795,868,777
U,943,870,831,774,811,781,895,795,868,780
U,945,869,832,776,811,780,896,793,868,779
U,943,868,833,776,811,781,896,793,866,779
U,944,868,833,776,811,782,895,793,869,778
U,944,868,833,775,811,782,895,793,869,776
U,941,869,832,774,811,781,895,795,868,779
U,938,864,834,776,811,780,894,794,865,776
U,941,867,833,774,811,781,894,794,867,779
U,945,869,832,775,811,781,895,793,869,781
U,937,871,833,774,811,781,897,795,869,780
U,945,872,832,775,813,779,895,793,867,777
U,943,870,834,776,810,782,895,797,867,776
U,941,868,833,775,810,781,897,795,868,777
U,942,869,833,776,810,781,895,796,869,776
U,945,869,833,777,811,781,895,794,866,779
U,944,868,832,774,812,782,896,795,865,779
U,944,869,833,774,812,781,894,794,866,779
U,939,870,833,775,810,782,895,794,867,776
U,945,869,833,775,809,781,896,793,866,778
U,942,868,834,775,810,781,895,794,867,778
U,943,870,833,775,811,782,894,794,866,780
U,943,869,834,776,812,781,895,790,864,779
U,943,870,834,775,812,780,896,793,867,779
U,947,870,834,774,810,780,897,792,865,779
U,944,868,832,776,810,782,896,793,866,777
U,944,870,833,775,810,781,896,793,865,777
U,943,868,831,777,812,781,896,795,868,778
U,942,871,832,775,810,781,897,797,866,779
U,945,869,832,775,811,781,895,796,867,778
U,941,870,833,775,812,782,896,798,864,777
U,944,868,832,775,811,781,894,795,866,776
U,943,869,833,775,811,781,895,797,866,779
U,945,870,834,776,810,780,895,796,868,779
U,943,869,833,774,812,780,895,795,865,780
U,945,869,833,776,809,781,895,796,866,778
U,942,868,833,776,810,781,897,798,866,780
U,945,868,834,774,811,780,895,794,864,781
U,943,870,833,775,810,780,895,796,866,779
U,940,869,832,775,811,781,895,797,866,777
U,943,867,833,775,811,781,895,795,866,777
U,944,869,833,775,812,781,896,796,871,774
U,940,867,833,775,810,781,895,795,867,780
U,945,870,832,776,812,781,896,795,869,776
U,941,870,833,775,811,781,895,797,866,781
U,944,868,834,775,810,780,895,795,867,779
U,941,869,833,773,810,780,896,795,866,780
U,942,868,834,776,811,781,896,796,868,778
U,942,867,834,777,813,782,896,795,867,778
U,941,870,833,775,812,781,896,795,866,777
U,943,870,834,775,812,781,895,793,867,778
U,942,870,832,777,813,780,894,794,866,779
U,943,869,833,776,811,780,897,794,866,782
U,944,870,833,775,811,781,896,796,866,778
U,942,869,832,776,808,780,895,799,867,777
U,941,869,831,775,810,779,898,798,864,777
U,945,871,832,775,811,780,896,795,868,777
U,947,867,834,774,809,781,894,797,865,777
U,941,870,834,774,812,780,895,795,864,780
U,945,870,834,774,810,780,895,795,866,780
U,945,870,833,775,810,780,896,796,867,778
U,943,871,832,777,811,780,895,795,867,775
U,942,867,833,775,813,779,896,794,865,776
U,944,868,833,776,810,781,896,796,866,780
U,942,869,832,776,812,781,895,797,866,778
U,943,868,833,774,811,781,895,793,866,777
U,945,869,834,775,812,780,896,795,866,780
U,942,867,832,775,812,779,896,795,865,780
U,943,866,834,774,811,780,896,795,865,780
U,944,868,832,776,812,782,893,796,869,777
U,943,869,832,776,812,781,894,794,865,777
U,942,868,833,775,813,782,895,795,868,777
U,944,870,834,775,809,780,894,797,865,778
U,944,867,833,774,809,781,895,795,868,777
U,944,867,833,777,810,780,896,796,866,778
U,943,869,834,775,810,781,894,797,865,776
U,944,868,834,776,810,780,896,794,867,781
U,943,869,834,774,812,781,895,796,865,778
U,941,868,833,776,811,782,895,797,870,780
U,942,868,832,774,812,782,896,794,867,778
U,940,867,833,775,811,781,893,797,868,779
U,941,871,833,775,813,780,895,795,867,780
U,943,869,833,776,811,780,895,794,868,779
U,945,868,834,775,812,780,896,795,866,780
U,946,870,832,775,813,782,897,796,868,776
U,944,870,834,774,811,780,896,794,868,778
U,941,867,833,776,812,781,894,795,868,781
U,940,868,833,776,810,780,895,797,866,777
U,941,869,833,776,811,780,896,794,868,777
U,940,869,834,775,811,780,895,797,865,777
U,939,868,833,775,811,781,895,794,868,775
U,944,869,833,774,810,778,896,798,867,777
U,940,871,834,776,811,779,896,793,865,775
U,945,867,834,775,810,780,895,796,866,778
U,942,869,834,775,810,781,894,795,863,777
U,942,869,833,774,810,780,895,795,868,780
U,942,870,834,776,811,781,895,794,868,780
U,939,870,835,777,813,779,894,797,866,777
U,945,869,833,775,812,780,893,796,865,775
U,941,867,833,774,811,780,896,796,865,779
U,940,870,834,775,812,781,894,795,868,776
U,946,870,833,775,811,780,894,796,864,777
U,944,869,835,776,811,784,894,795,866,777
U,940,870,835,776,812,780,895,795,865,779
U,942,868,832,776,812,781,895,795,866,778
U,941,868,834,775,811,780,895,794,866,777
U,942,869,834,775,812,782,896,794,866,776
U,939,870,832,775,813,782,895,797,868,780
U,941,870,833,775,810,780,896,794,867,779
U,944,869,833,775,810,781,896,793,865,780
U,944,868,832,776,811,780,895,796,866,781
U,943,867,834,774,812,782,896,793,867,778
U,944,868,834,775,811,781,896,795,865,778
U,944,868,833,775,812,781,896,796,867,776
U,939,868,832,775,813,780,895,797,865,778
U,944,869,834,775,810,782,895,796,867,778
U,945,869,832,777,810,780,895,792,869,777
U,941,869,833,775,812,781,896,796,867,777
U,945,870,833,775,809,781,894,793,867,781
U,944,868,834,776,811,782,896,795,867,780
U,944,869,833,777,811,781,894,793,869,779
U,939,870,834,775,811,781,895,797,868,778
U,943,872,833,775,812,782,896,796,866,780
U,944,871,834,774,811,781,897,793,863,780
U,944,871,832,776,811,782,895,797,867,778
U,943,869,833,775,809,782,895,797,866,781
U,942,870,834,775,812,780,895,796,865,780
U,942,870,832,773,810,780,895,798,867,778
U,940,869,834,774,810,780,894,793,865,779
U,940,871,832,775,812,781,895,797,868,776
U,944,869,833,776,812,781,896,795,868,781
U,942,869,834,776,811,781,895,796,865,778
U,943,870,832,775,811,780,895,796,865,777
U,941,868,834,776,812,780,895,796,865,782
U,947,868,834,774,811,780,895,794,867,777
U,939,870,833,775,813,782,895,793,865,778
U,942,867,833,775,811,781,895,793,868,777
U,941,870,833,772,811,781,896,796,867,780
U,940,870,833,777,811,780,895,793,868,779
U,943,870,834,774,812,781,896,796,867,781
U,941,867,834,777,811,780,894,797,868,780
U,941,869,833,774,810,781,896,795,867,777
U,940,871,833,776,812,780,895,794,866,780
U,943,869,834,774,812,782,895,797,866,780
U,945,873,834,776,812,779,896,796,865,780
U,941,871,834,777,811,782,896,797,867,777
U,944,869,834,775,810,779,896,793,865,778
U,945,872,831,777,812,782,894,795,867,777
U,945,870,835,776,813,782,894,797,868,778
U,943,870,835,775,811,782,895,796,867,778
U,942,871,833,776,812,782,895,793,868,780
U,943,869,834,775,810,782,895,794,865,778
U,945,869,834,773,811,781,895,795,866,777
U,943,868,833,776,812,781,895,794,867,777
U,932,866,833,776,810,780,896,796,866,780
U,945,867,833,774,810,781,895,794,867,778
U,941,872,831,773,809,781,895,796,868,780
U,944,870,833,775,812,781,894,794,865,779
U,941,868,832,775,811,780,894,795,864,781
U,939,868,834,775,811,781,895,796,865,778
U,944,869,831,774,812,782,896,797,866,776
U,940,869,833,774,811,781,896,798,871,780
U,941,869,831,775,810,780,896,793,866,777
U,943,870,832,776,809,780,895,795,864,778
U,943,870,834,776,812,782,896,793,868,778
U,940,867,833,776,810,780,895,796,866,779
U,941,869,833,776,811,781,894,792,869,780
U,940,870,833,774,809,780,896,794,867,776
U,943,871,834,776,810,781,895,795,868,776
U,940,868,834,775,810,780,895,796,868,780
U,941,870,832,776,810,780,895,797,866,776
U,947,867,834,775,810,781,895,795,869,778
U,941,870,833,775,811,781,895,793,867,778
U,941,870,833,776,811,781,896,796,866,780
U,944,867,834,775,811,780,895,794,867,778
U,941,870,833,776,810,780,895,794,867,778
U,945,869,832,776,810,781,895,797,868,778
U,940,868,834,775,811,781,896,796,865,776
U,942,868,832,775,811,781,896,796,866,777
U,942,868,834,776,810,781,896,795,866,778
U,944,868,833,774,812,782,896,794,869,779
U,943,869,833,775,811,781,895,792,865,780
U,944,869,832,774,809,780,895,795,868,779
U,944,868,834,775,809,782,897,794,870,781
U,939,873,830,775,811,780,895,795,865,778
U,943,867,833,776,811,780,897,796,867,777
U,944,869,833,775,811,781,895,795,867,779
U,939,870,831,776,811,781,897,795,869,779
U,940,869,832,774,811,780,895,795,862,775
U,945,869,832,776,809,781,896,795,865,778
U,945,868,832,776,811,781,893,794,869,777
U,943,869,832,774,809,780,895,795,866,777
U,938,870,833,776,810,779,895,793,865,780
U,943,869,833,775,811,780,896,797,867,778
U,944,869,833,774,811,781,896,795,867,779
U,942,868,834,777,809,780,897,794,866,778
U,942,870,832,775,812,781,895,794,867,779
U,945,871,833,774,810,782,896,796,868,777
U,943,869,832,775,810,780,895,798,868,775
U,941,869,834,775,809,780,896,795,864,777
U,945,872,835,774,810,782,894,796,865,779
U,945,869,833,777,812,782,894,796,866,780
U,941,867,834,773,810,782,896,794,868,780
U,941,868,834,774,809,781,894,795,868,780
U,944,868,833,774,811,780,896,795,867,779
U,943,871,834,775,810,781,895,795,868,777
U,941,870,834,775,809,781,895,796,867,780
U,940,869,834,777,810,781,895,797,867,779
U,943,868,833,775,812,781,896,793,865,781
U,943,869,833,775,810,780,896,796,866,778
U,945,871,833,773,811,781,896,797,865,775
U,938,871,832,776,809,778,895,796,867,779
U,943,870,833,774,810,780,896,794,868,779
U,945,866,833,774,810,780,894,794,866,778
U,940,869,833,775,811,781,895,794,866,779
U,942,867,834,775,810,781,896,795,866,777
U,943,870,834,777,811,781,896,793,865,777
U,940,868,832,775,811,780,895,793,865,777
U,942,871,833,775,807,781,895,796,868,777
U,944,870,833,775,811,782,896,796,867,778
U,944,868,834,776,811,779,896,795,867,779
U,940,868,834,776,809,779,897,797,868,777
U,937,871,833,776,811,780,897,795,869,776
U,942,870,834,776,811,780,896,793,868,779
U,945,872,832,775,810,780,895,794,866,777
U,943,869,833,774,810,780,895,797,868,776
U,941,868,832,774,812,782,895,793,866,777
U,940,870,832,776,810,780,897,797,867,779
U,942,871,833,774,809,780,895,794,868,780
U,941,870,832,776,810,781,897,796,868,777
U,943,869,832,775,812,780,894,798,865,779
U,942,869,834,776,809,780,895,796,867,777
U,948,871,832,777,811,779,895,794,866,775
U,941,869,834,776,811,780,895,796,868,780
U,943,869,834,777,809,781,894,793,868,778
U,942,869,833,777,809,781,896,794,868,779
U,942,870,832,774,811,781,895,793,866,777
U,943,869,832,775,810,778,896,794,868,776
U,943,868,833,775,810,780,895,794,865,777
U,942,869,833,777,809,781,894,793,865,777
U,942,867,832,774,811,780,896,796,865,777
U,941,868,832,776,809,780,897,795,866,778
U,945,869,834,774,811,781,894,796,868,777
U,941,870,834,776,811,781,896,793,868,778
U,940,869,833,776,812,780,896,796,864,779
U,940,872,831,775,810,782,896,793,869,780
U,939,870,832,776,810,780,894,792,867,776
U,939,868,833,776,810,781,895,796,869,777
U,943,870,834,776,811,781,896,794,868,779
U,939,869,833,775,811,781,895,796,869,776
U,941,868,833,775,810,782,894,796,866,780
U,940,868,833,776,810,781,894,794,866,775
U,942,868,833,775,808,781,894,799,864,776
U,940,869,832,774,811,780,896,795,867,779
U,943,870,834,776,812,782,895,793,869,777
U,944,871,833,775,811,780,895,798,866,776
U,944,867,831,775,811,780,895,796,867,779
U,942,870,833,775,811,781,896,793,866,781
U,938,868,831,776,810,779,895,794,866,776
U,941,870,833,775,811,781,894,794,867,778
U,943,868,834,775,810,781,896,795,872,777
U,942,868,831,776,812,780,895,791,868,779
U,939,867,833,776,810,781,894,794,867,779
U,945,870,832,776,811,782,894,793,869,781
U,944,869,834,776,811,781,896,795,865,777
U,940,868,833,774,809,781,895,795,868,779
U,940,870,834,773,812,781,895,796,867,777
U,941,870,833,774,811,781,895,795,869,781
U,939,868,833,774,810,781,895,795,865,780
U,940,870,833,774,811,781,895,795,868,780
U,939,868,834,775,811,781,895,794,865,778
U,941,869,833,776,812,779,895,796,867,779
U,939,867,834,776,810,782,895,797,868,780
U,943,868,834,775,812,781,895,794,865,778
U,942,869,833,775,812,780,895,797,867,778
U,942,868,833,774,812,781,896,795,865,779
U,943,870,833,777,811,781,894,793,866,778
U,944,870,833,775,810,781,896,794,864,777
U,945,871,833,776,810,781,896,796,868,779
U,943,868,833,775,809,781,896,795,867,780
U,942,869,833,775,811,781,896,793,867,780
U,940,868,834,775,810,780,895,795,867,776
U,943,869,832,773,810,779,893,793,864,781
U,942,866,835,777,812,781,895,794,866,778
U,941,868,833,776,811,780,895,797,867,779
U,943,871,834,774,810,780,895,795,867,778
U,944,870,833,775,811,780,895,794,866,778
U,943,870,833,774,811,780,897,797,869,779
U,944,869,832,774,810,780,893,797,866,780
U,938,871,833,775,809,782,895,796,867,777
U,941,869,834,773,811,781,895,795,865,777
U,946,869,832,774,810,782,895,794,865,778
U,940,868,834,775,812,782,895,796,867,779
U,941,870,833,776,812,782,896,795,864,779
U,943,869,834,773,810,780,894,798,865,779
U,945,869,832,776,811,781,895,796,868,779
U,944,868,833,774,810,782,896,795,868,780
U,940,869,833,774,809,780,897,791,865,781
U,941,870,834,775,811,781,895,791,868,778
U,940,870,833,775,810,779,896,793,864,781
U,944,869,832,774,812,780,893,797,868,779
U,938,870,834,774,812,780,896,793,866,781
U,942,867,833,774,812,779,895,794,866,779
U,943,870,831,774,810,781,895,796,867,780
U,938,871,834,775,812,781,895,796,867,780
U,943,867,831,776,812,780,896,796,865,777
U,947,872,833,775,811,780,893,797,866,780
U,941,870,834,774,811,781,896,794,867,777
U,944,869,834,776,811,781,895,795,866,777
U,941,870,833,775,812,780,895,796,868,778
U,941,870,833,773,812,780,896,794,869,781
U,942,870,833,775,812,781,894,793,867,777
U,943,868,833,776,812,781,896,796,865,780
U,942,868,834,777,812,781,896,796,868,778
U,941,869,833,775,809,782,896,794,867,780
U,944,867,833,776,810,780,892,794,868,778
U,941,870,833,774,811,779,894,797,869,777
U,942,868,833,776,811,779,894,797,865,775
U,943,869,833,774,810,781,894,797,865,780
U,942,867,834,772,812,780,897,794,868,778
U,940,869,834,775,810,781,894,796,868,779
U,943,870,832,775,813,778,894,791,871,779
U,944,870,833,774,812,780,895,796,867,776
U,944,870,834,774,812,780,896,796,864,777
U,942,868,832,775,810,781,894,795,868,776
U,942,869,834,776,810,782,896,794,867,777
U,941,869,833,774,811,782,895,794,867,778
U,944,869,832,773,810,781,894,795,866,777
U,941,870,832,775,811,781,894,795,866,779
U,941,870,834,775,812,781,895,794,865,778
U,937,870,831,774,811,779,894,793,869,779
U,939,866,833,774,810,781,895,797,868,780
U,943,871,833,774,811,780,895,796,867,779
U,941,867,832,774,810,780,895,795,865,775
U,940,868,834,775,813,781,896,795,868,780
U,940,870,834,774,811,781,895,796,868,781
U,942,870,832,777,809,782,896,795,867,778
U,940,870,833,776,812,781,896,794,869,781
U,941,869,833,775,811,780,895,794,867,780
U,940,870,833,776,812,780,898,797,868,780
U,940,870,833,774,812,780,896,793,866,779
U,943,870,834,776,811,780,894,797,866,779
U,939,869,833,774,812,781,894,796,864,780
U,940,869,833,775,812,780,895,796,868,780
U,944,868,833,775,812,781,895,795,867,780
U,940,870,834,776,812,782,896,792,868,778
U,943,867,834,773,812,779,894,795,867,780
U,943,869,831,775,811,779,895,796,866,779
U,942,869,833,775,812,781,895,795,866,777
U,939,869,834,775,812,781,895,797,867,781
U,940,868,833,776,812,780,896,796,867,780
U,943,871,835,775,811,781,896,798,866,780
U,940,871,834,776,812,782,896,796,866,779
U,942,870,833,775,811,781,895,796,867,776
U,942,870,834,775,810,780,894,793,865,779
U,943,867,833,775,811,781,894,795,866,779
U,943,870,834,775,813,781,895,798,868,779
U,947,871,834,774,812,781,894,794,868,777
U,943,869,834,774,812,781,895,793,866,778
U,943,868,833,775,811,781,895,796,867,780
U,940,868,833,775,811,781,895,794,867,778
U,942,870,834,774,812,782,895,797,869,778
U,940,870,834,775,812,780,894,793,866,777
U,939,867,834,775,813,781,895,797,865,776
U,943,869,834,775,810,782,897,791,867,779
U,944,868,833,776,811,780,895,796,865,775
U,941,869,833,774,812,781,897,793,868,777
U,940,871,834,775,812,780,895,796,867,780
U,942,869,833,775,811,780,896,794,867,779
U,939,868,833,776,811,782,895,794,867,777
U,942,871,834,774,812,780,894,795,867,781
U,944,868,833,775,813,781,895,796,867,778
U,941,871,835,774,811,780,895,795,866,777
U,941,870,833,773,812,780,896,796,865,777
U,941,869,834,776,813,782,895,794,866,775
U,940,870,834,776,811,779,896,794,865,777
U,942,870,833,774,813,781,896,795,867,779
U,940,871,835,775,812,781,894,794,867,778
U,943,869,835,775,810,780,895,796,865,776
U,943,867,834,775,812,782,894,794,864,778
U,943,869,834,776,813,782,896,793,868,779
U,939,870,834,775,812,781,895,794,869,780
U,943,868,835,774,812,781,895,794,868,778
U,943,868,834,775,812,781,896,795,868,779
U,941,869,833,775,813,781,894,796,867,778
U,945,871,834,776,814,782,894,797,866,779
U,942,868,835,774,813,779,895,794,864,778
U,944,869,833,774,812,782,896,796,866,779
U,943,869,835,776,813,779,894,794,865,780
U,938,870,834,775,813,781,896,796,866,776
U,944,868,833,772,813,780,895,797,867,777
U,943,867,833,774,813,780,893,795,867,779
U,940,868,835,774,814,780,895,796,869,781
U,938,872,835,774,812,782,895,795,868,780
U,942,871,834,774,812,781,895,797,864,781
U,941,869,835,775,811,782,894,795,868,778
U,943,868,833,776,812,779,896,794,868,780
U,943,870,834,775,813,781,895,794,868,777
U,940,867,834,776,813,781,894,794,866,779
U,940,869,833,775,812,780,896,795,867,781
U,939,871,833,777,812,780,894,796,868,776
U,941,868,835,774,812,780,895,794,868,779
U,940,868,834,776,814,780,895,796,865,779
U,941,868,835,775,813,781,896,794,867,778
U,945,868,835,773,815,781,893,795,865,778
U,944,869,832,776,814,782,894,796,868,776
U,943,869,835,775,814,779,894,795,867,778
U,942,870,833,774,812,780,895,795,867,777
U,945,870,836,772,815,779,891,795,866,777
U,942,866,834,775,814,780,896,796,865,778
U,942,869,833,775,812,780,894,795,867,777
U,942,870,835,775,813,781,896,795,869,777
