Y,921,839,936,799,899,814,873,797,753,722
Y,922,838,937,798,897,812,874,798,752,725
Y,921,839,937,797,898,813,875,798,751,725
Y,922,838,936,797,898,812,874,796,753,722
Y,922,837,936,798,899,813,875,797,755,723
Y,917,838,936,799,897,813,875,798,753,722
Y,918,837,935,797,899,815,875,798,752,725
Y,922,837,936,798,899,815,874,799,754,722
Y,918,838,937,796,899,813,875,798,752,724
Y,922,837,937,798,898,814,874,796,752,724
Y,919,838,935,798,898,812,875,800,751,721
Y,921,837,935,795,900,814,876,798,752,725
Y,921,838,936,798,899,813,873,798,753,722
Y,921,838,935,798,899,813,875,798,752,723
Y,920,838,934,800,898,813,873,797,752,723
Y,920,837,934,798,898,812,875,798,752,722
Y,919,837,935,797,898,812,875,799,754,724
Y,919,839,935,798,897,814,874,796,752,724
Y,919,838,936,798,898,811,876,800,754,726
Y,921,840,934,797,897,813,874,796,752,723
Y,920,837,935,797,899,814,874,798,752,722
Y,918,838,936,798,897,812,874,797,753,723
Y,919,839,935,798,898,815,876,799,751,718
Y,919,837,934,796,898,813,875,796,752,721
Y,922,838,936,802,903,812,876,796,752,723
Y,921,837,936,798,898,812,875,798,752,723
Y,920,837,935,797,899,813,875,798,752,720
Y,920,838,933,798,897,812,875,797,753,725
Y,920,838,935,798,898,812,872,797,753,723
Y,921,839,936,798,898,813,873,795,753,724
Y,921,839,934,798,898,812,874,797,752,721
Y,920,840,936,798,896,812,875,795,752,724
Y,920,838,936,798,898,810,873,798,752,725
Y,920,837,934,797,897,811,875,798,753,723
Y,917,838,934,798,898,812,873,795,754,722
Y,921,837,936,798,896,812,873,796,753,722
Y,920,839,936,799,898,813,875,798,751,724
Y,921,838,934,797,897,812,874,796,752,726
Y,921,838,934,799,898,812,874,797,752,723
Y,921,836,936,796,897,813,875,797,751,722
Y,921,838,934,796,898,813,874,796,751,723
Y,917,837,936,797,897,812,874,797,754,726
Y,919,838,934,797,896,814,874,796,751,723
Y,917,840,934,797,898,814,875,798,752,724
Y,920,840,935,798,897,813,873,797,753,723
Y,918,839,934,797,898,813,875,798,754,725
Y,919,839,933,798,897,813,873,797,752,721
Y,918,839,935,797,898,813,872,797,752,726
Y,921,835,935,797,895,812,874,797,752,726
Y,918,839,934,798,897,813,874,796,751,722
Y,919,838,935,797,901,814,875,796,752,726
Y,919,838,935,797,899,813,874,798,751,723
Y,919,839,934,798,899,812,874,798,751,724
Y,919,838,934,797,899,812,873,797,753,726
Y,920,838,934,796,898,813,872,798,753,724
Y,918,838,933,796,895,812,871,796,751,728
Y,919,840,934,798,899,813,874,795,752,726
Y,918,840,936,798,898,813,873,796,751,726
Y,922,838,934,796,897,811,872,797,752,723
Y,924,837,934,799,898,812,873,795,750,726
Y,920,837,934,798,897,811,870,798,754,723
Y,924,837,934,799,896,813,872,796,753,721
Y,921,839,935,798,898,812,872,797,753,727
Y,917,839,934,797,899,812,873,797,752,724
Y,919,837,935,796,897,811,873,795,752,722
Y,918,839,934,798,896,811,871,796,753,721
Y,922,839,934,797,896,811,873,795,751,721
Y,919,838,935,799,898,811,871,796,751,724
Y,921,836,932,799,898,811,873,798,752,726
Y,924,839,934,797,897,810,870,797,752,723
Y,921,836,935,799,899,813,871,795,753,723
Y,918,838,935,798,898,812,871,794,752,722
Y,918,839,934,798,898,811,873,795,752,722
Y,920,840,936,799,895,811,872,797,753,724
Y,922,840,934,797,896,812,873,795,751,725
Y,922,839,933,799,895,811,873,796,752,726
Y,921,839,934,798,897,812,872,796,751,727
Y,918,838,934,796,898,811,873,797,752,720
Y,919,838,934,797,896,813,872,798,752,724
Y,919,839,934,797,895,812,871,795,752,722
Y,918,837,934,800,896,811,871,797,750,725
Y,922,838,935,798,899,812,872,797,753,723
Y,917,840,935,799,899,812,872,795,751,725
Y,918,837,935,797,898,811,872,795,752,724
Y,921,837,934,797,896,812,871,797,752,723
Y,921,838,933,797,898,811,871,796,751,724
Y,920,839,934,798,897,812,872,796,753,722
Y,921,837,935,797,896,812,874,797,753,724
Y,922,838,933,797,897,811,873,796,753,725
Y,920,838,934,797,897,812,873,796,753,725
Y,920,839,934,797,897,811,872,796,752,722
Y,922,837,933,797,897,811,873,797,751,725
Y,920,838,933,797,898,810,873,797,756,720
Y,924,836,934,798,898,811,873,797,751,724
Y,922,840,932,799,897,811,872,798,752,724
Y,923,838,934,798,897,811,871,795,751,726
Y,920,838,934,797,896,811,874,795,754,723
Y,922,838,934,797,898,811,872,795,752,726
Y,922,838,934,799,898,811,873,796,751,725
Y,920,838,935,798,897,812,871,796,750,726
Y,924,837,934,799,897,812,873,796,753,727
Y,925,839,933,798,897,811,872,796,753,721
Y,923,838,931,797,898,811,872,795,750,723
Y,923,840,933,798,898,811,873,796,751,723
Y,921,839,932,797,897,811,873,796,753,726
Y,925,837,933,797,898,811,872,797,753,726
Y,923,837,934,797,898,812,871,795,752,725
Y,919,838,935,798,896,811,874,796,754,723
Y,922,837,934,800,898,808,874,792,751,724
Y,922,838,934,798,899,812,873,796,751,724
Y,922,838,934,797,896,810,874,798,751,725
Y,923,838,933,798,898,812,873,798,752,723
Y,922,837,935,799,896,814,873,794,751,727
Y,923,839,934,797,896,812,873,797,752,726
Y,922,839,934,798,898,811,874,795,756,726
Y,924,838,933,797,896,811,874,795,751,725
Y,919,839,934,799,898,813,873,796,752,724
Y,924,837,933,798,897,812,872,794,753,727
Y,920,838,933,798,897,811,874,796,752,723
Y,922,838,934,798,897,812,873,796,752,726
Y,924,837,935,798,898,813,872,796,753,724
Y,921,840,932,798,898,809,873,796,752,725
Y,924,838,932,799,898,811,874,796,754,724
Y,924,838,932,798,897,811,873,796,753,725
Y,925,838,931,795,900,811,874,797,753,726
Y,925,838,932,798,897,811,873,794,752,724
Y,927,839,934,798,897,812,871,797,752,724
Y,926,837,933,798,896,812,873,797,752,728
Y,926,838,933,800,898,812,874,797,752,726
Y,923,837,933,797,895,811,872,796,751,727
Y,923,838,934,797,898,810,872,796,753,723
Y,925,840,934,798,897,811,873,795,751,722
Y,926,838,934,797,896,813,873,795,751,727
Y,925,837,931,796,896,810,874,795,751,723
Y,923,840,934,798,900,811,874,794,751,723
Y,926,838,934,799,898,811,872,797,753,726
Y,926,841,933,799,900,812,874,796,751,728
Y,925,838,934,798,896,812,874,794,752,727
Y,923,840,934,799,897,810,870,795,752,725
Y,926,837,933,800,895,812,874,796,751,724
Y,927,838,934,795,898,811,873,797,753,725
Y,921,839,934,797,897,811,872,796,752,726
Y,922,839,934,798,897,811,875,796,751,728
Y,922,838,932,797,898,811,874,796,752,727
Y,932,836,933,798,900,811,874,798,752,728
Y,925,837,933,799,898,811,874,796,752,723
Y,925,838,934,798,896,812,874,796,752,725
Y,927,837,932,798,895,810,873,798,752,726
Y,926,838,934,798,899,810,873,795,751,727
Y,926,838,933,798,898,810,874,797,751,726
Y,927,839,935,798,898,809,871,794,754,723
Y,926,839,933,799,898,812,873,797,753,726
Y,927,839,933,796,897,812,873,797,753,728
Y,926,838,933,797,896,809,872,796,750,726
Y,928,839,935,798,900,810,872,798,750,726
Y,922,841,934,798,898,811,874,796,751,727
Y,923,837,933,797,899,811,873,795,751,726
Y,921,837,935,797,900,811,872,796,753,725
Y,928,840,935,797,898,810,874,797,751,726
Y,923,838,935,799,898,811,873,797,753,728
Y,923,839,933,799,898,810,874,796,752,726
Y,922,839,932,800,899,811,873,795,752,724
Y,923,839,933,796,896,813,874,798,751,727
Y,923,840,932,800,896,810,872,795,752,724
Y,922,838,934,797,898,811,874,796,753,727
Y,924,838,934,796,898,813,872,796,751,724
Y,924,838,934,799,898,812,872,796,751,730
Y,923,839,932,799,898,810,874,796,751,726
Y,924,839,933,798,897,811,873,795,751,726
Y,922,838,933,798,897,811,872,797,753,725
Y,923,836,934,798,896,811,874,797,752,725
Y,926,837,932,798,899,812,872,797,752,726
Y,924,839,932,800,897,810,872,797,752,724
Y,923,838,934,799,898,811,872,797,752,725
Y,926,838,935,797,897,810,873,797,751,727
Y,923,838,933,799,896,812,872,797,751,726
Y,924,838,932,800,896,810,871,796,753,723
Y,923,837,930,799,896,811,876,797,752,724
Y,922,840,934,800,896,812,873,796,753,727
Y,926,838,933,797,897,810,872,796,752,725
Y,916,838,933,798,895,811,872,796,753,729
Y,925,838,934,798,897,811,873,795,753,728
Y,922,840,932,798,895,811,872,796,753,726
Y,927,837,934,801,897,810,872,795,751,728
Y,922,837,934,797,899,811,873,795,753,725
Y,927,838,932,799,895,811,874,796,750,725
Y,927,837,932,799,897,810,873,797,753,727
Y,925,836,933,799,896,810,873,797,752,725
Y,923,837,931,799,898,811,873,796,752,728
Y,923,838,933,799,898,810,873,797,751,727
Y,923,838,932,798,896,811,872,796,753,728
Y,921,839,934,798,897,811,874,796,754,729
Y,924,839,931,798,896,811,873,796,752,725
Y,923,837,933,799,898,810,872,795,752,728
Y,924,839,933,799,898,809,873,795,753,726
Y,922,836,933,797,896,811,872,796,752,727
Y,921,839,931,799,898,811,875,794,752,722
Y,924,840,934,799,896,810,874,795,751,727
Y,925,840,934,800,900,814,874,796,752,725
Y,926,837,930,798,898,810,874,795,753,729
Y,926,838,933,799,899,809,874,794,751,725
Y,925,838,933,800,897,811,874,797,752,728
Y,925,839,931,799,895,811,872,796,752,726
Y,930,835,935,799,897,811,872,796,753,725
Y,925,837,933,800,897,811,873,795,752,727
Y,924,839,931,800,896,810,875,796,753,725
Y,923,838,933,798,898,810,871,796,750,725
Y,925,837,935,798,899,813,875,795,752,728
Y,924,839,933,799,897,811,874,797,753,729
Y,927,837,933,799,896,811,873,795,753,728
Y,926,838,931,799,898,810,872,796,750,727
Y,919,843,934,798,897,812,873,796,751,729
Y,926,839,931,801,895,811,872,797,752,725
Y,924,838,932,800,896,810,872,796,752,727
Y,921,839,930,796,899,811,873,797,753,728
Y,923,837,932,798,896,811,873,796,752,724
Y,925,837,932,798,898,811,872,795,752,727
Y,923,838,934,798,895,812,872,795,752,725
Y,925,838,932,801,896,811,874,799,752,728
Y,923,837,931,798,896,812,873,796,752,726
Y,925,838,932,799,895,813,874,795,751,728
Y,925,838,931,800,897,809,873,796,751,727
Y,926,838,933,798,896,810,873,796,752,728
Y,927,839,930,800,899,812,872,792,752,728
Y,926,839,933,799,895,812,873,795,751,726
Y,922,837,932,800,895,811,873,795,750,724
Y,923,838,932,800,897,811,873,795,751,725
Y,924,838,931,799,899,810,873,796,750,726
Y,926,837,933,799,897,811,873,797,752,728
Y,923,838,933,800,897,812,871,796,752,729
Y,923,840,934,800,897,811,871,796,752,728
Y,922,839,931,800,897,810,873,797,753,728
Y,924,838,933,799,896,810,874,798,750,725
Y,924,838,933,800,896,810,873,796,752,724
Y,925,839,931,800,896,810,873,796,751,731
Y,921,838,935,797,899,807,875,795,752,727
Y,926,838,932,800,897,812,873,796,754,730
Y,925,838,932,800,896,810,871,797,752,728
Y,924,839,932,798,895,811,872,795,753,727
Y,925,837,931,796,901,810,872,795,750,728
Y,925,837,931,798,896,811,872,799,751,729
Y,928,838,930,799,897,810,874,796,753,725
Y,923,838,932,800,896,812,874,796,752,729
Y,924,838,930,798,896,810,872,797,751,727
Y,925,836,933,798,897,810,872,797,751,724
Y,924,837,933,799,895,811,874,797,752,726
Y,927,839,933,800,894,810,873,795,752,728
Y,924,838,932,800,899,811,873,797,752,724
Y,922,835,933,799,898,809,873,794,751,726
Y,920,836,933,797,895,809,872,796,751,729
Y,921,838,931,798,900,810,872,798,749,730
Y,923,837,932,798,896,810,872,795,751,724
Y,922,838,931,796,897,811,873,796,752,726
Y,923,838,933,800,896,811,873,795,751,726
Y,926,837,933,802,895,810,874,796,752,728
Y,927,838,931,800,896,810,872,796,749,727
Y,926,838,930,801,893,810,873,795,751,728
Y,925,839,932,798,896,810,873,796,752,728
Y,924,837,933,800,898,811,872,797,753,728
Y,925,839,932,799,898,811,873,797,752,726
Y,923,838,932,798,897,812,875,796,752,729
Y,918,838,932,800,895,811,873,795,752,725
Y,922,837,931,800,896,809,873,797,752,724
Y,924,839,931,797,897,811,875,794,753,726
Y,925,838,931,796,896,811,872,795,752,727
Y,923,837,931,799,896,809,870,797,752,726
Y,922,837,932,798,897,810,873,796,753,728
Y,925,840,930,798,896,809,873,794,751,728
Y,921,836,932,797,896,811,873,795,752,726
Y,922,837,932,799,898,810,873,796,751,727
Y,924,839,932,798,898,810,874,795,750,729
Y,920,838,932,798,897,810,873,796,752,726
Y,923,837,931,798,898,810,873,797,750,729
Y,921,839,931,798,897,808,872,795,751,727
Y,922,837,931,799,895,809,872,794,751,727
Y,922,839,932,799,896,811,873,796,750,730
Y,918,840,933,798,895,811,871,797,752,726
Y,923,838,931,797,896,809,874,794,751,725
Y,921,837,933,799,896,810,873,796,752,727
Y,921,836,934,800,894,812,872,797,753,725
Y,921,840,931,799,898,810,872,795,750,726
Y,923,839,932,799,897,810,872,796,752,725
Y,920,837,932,799,898,809,873,797,751,725
Y,924,840,931,797,897,809,873,796,752,728
Y,926,838,932,798,898,811,873,795,752,727
Y,918,838,932,798,896,808,871,795,750,726
Y,923,838,932,798,895,811,873,794,753,728
Y,924,840,933,795,898,809,873,797,751,727
Y,921,838,933,800,895,811,872,796,751,730
Y,919,839,932,799,897,811,871,796,751,727
Y,919,839,932,799,895,811,871,797,751,728
Y,924,839,931,799,896,811,871,796,751,723
Y,923,837,931,797,898,811,871,796,751,727
Y,925,837,928,798,897,811,873,797,751,727
Y,923,837,931,801,895,809,871,796,752,727
Y,920,840,932,798,896,810,872,796,752,730
Y,920,839,932,800,898,810,873,797,752,729
Y,919,839,931,801,895,811,874,797,752,729
Y,923,836,933,798,897,810,872,796,754,726
Y,919,838,932,799,897,811,872,795,753,729
Y,926,839,931,798,897,811,873,795,751,726
Y,923,838,932,799,897,811,873,797,752,731
Y,921,838,932,799,896,808,872,798,751,728
Y,922,839,932,798,895,810,872,795,752,729
Y,918,839,932,799,897,810,873,797,750,728
Y,922,837,931,799,898,810,872,796,751,728
Y,919,838,930,800,895,809,873,797,750,730
Y,922,838,932,800,895,810,870,795,751,728
Y,922,839,932,800,895,810,872,796,752,726
Y,921,838,931,799,897,810,872,797,750,726
Y,923,838,930,799,896,810,871,797,751,727
Y,921,839,932,799,895,810,873,795,751,727
Y,924,838,932,799,894,810,871,796,751,727
Y,923,836,931,798,898,811,871,795,752,727
Y,923,839,931,798,897,811,872,796,750,730
Y,923,838,931,801,896,811,872,796,752,727
Y,923,836,932,798,897,810,872,795,751,729
Y,924,839,931,799,895,810,872,794,751,730
Y,920,842,933,796,898,813,870,796,752,729
Y,922,838,930,800,897,810,872,797,752,730
Y,921,838,932,799,895,811,871,797,752,728
Y,921,840,932,798,896,810,871,798,753,727
Y,922,841,933,801,896,811,871,798,752,729
Y,922,837,931,798,898,810,871,796,752,729
Y,923,839,933,799,896,810,874,796,750,730
Y,919,839,931,797,895,810,872,796,747,736
Y,920,839,928,801,895,811,873,797,753,729
Y,920,839,931,799,895,811,872,796,751,726
Y,924,838,931,798,895,812,871,796,751,728
Y,927,838,933,801,896,811,871,795,750,728
Y,922,838,931,798,896,808,873,795,752,730
Y,925,836,933,799,897,811,871,795,751,730
Y,922,836,933,798,898,810,871,796,750,729
Y,921,837,929,800,898,808,871,796,752,730
Y,925,840,932,800,896,811,871,796,751,725
Y,923,838,930,800,897,810,871,797,753,730
Y,925,837,932,798,897,812,873,794,751,728
Y,923,838,930,800,897,809,871,796,751,728
Y,921,839,932,800,896,811,870,796,751,728
Y,922,837,931,798,894,811,870,796,752,724
Y,921,841,930,799,896,809,872,795,750,729
Y,921,839,931,798,897,810,871,796,752,730
Y,923,838,931,798,898,809,870,798,752,729
Y,920,838,932,800,895,810,873,795,752,727
Y,923,837,930,798,895,810,871,797,749,727
Y,924,840,930,799,895,810,872,795,752,726
Y,920,840,932,795,897,810,873,796,753,730
Y,921,838,931,798,895,808,872,796,751,728
Y,922,838,931,798,897,810,872,795,750,727
Y,921,838,931,798,896,810,871,795,751,726
Y,920,838,931,799,896,810,872,795,751,727
Y,924,837,932,799,894,811,873,794,752,729
Y,924,838,929,800,897,810,871,796,752,730
Y,919,839,931,798,897,809,871,796,751,724
Y,921,838,930,797,896,810,871,797,753,727
Y,923,839,930,797,899,813,871,795,752,730
Y,924,840,932,798,897,809,873,797,751,726
Y,922,837,931,796,898,809,872,796,752,728
Y,921,837,930,798,898,811,871,795,752,728
Y,919,839,931,796,898,808,870,797,752,730
Y,922,839,930,799,895,811,872,797,752,730
Y,923,839,930,799,894,810,870,795,752,728
Y,919,837,929,798,897,810,872,796,750,727
Y,919,839,931,798,896,810,871,795,751,728
Y,922,838,932,798,897,809,871,795,751,726
Y,918,836,928,794,897,810,873,797,750,724
Y,922,839,932,797,895,811,871,796,751,730
Y,923,839,930,800,894,810,873,795,750,729
Y,921,839,931,800,896,809,873,796,752,729
Y,920,837,931,799,895,809,872,795,752,730
Y,921,839,930,799,898,809,871,796,753,726
Y,919,839,929,797,893,808,872,795,752,726
Y,922,837,930,800,897,809,872,794,751,728
Y,924,837,931,799,897,810,870,796,753,728
Y,922,837,931,798,897,811,872,795,752,729
Y,918,836,929,798,896,810,870,796,751,726
Y,922,838,931,800,895,811,872,796,753,729
Y,920,837,931,800,897,811,871,795,750,724
Y,920,839,930,799,896,808,873,795,751,729
Y,920,838,931,798,897,810,871,797,752,729
Y,925,840,931,798,896,810,872,796,752,725
Y,924,840,932,798,898,811,872,795,751,727
Y,919,838,931,797,900,809,871,797,753,729
Y,924,835,930,798,895,810,873,794,750,725
Y,923,839,929,797,895,811,873,796,751,728
Y,921,840,932,799,898,809,872,797,752,724
Y,924,839,930,797,894,811,872,795,751,729
Y,922,839,930,799,896,809,872,796,753,731
Y,920,840,932,799,896,811,872,795,752,726
Y,924,838,931,799,897,808,872,796,751,727
Y,920,838,931,799,896,809,870,794,752,727
Y,922,838,931,800,897,811,872,796,753,727
Y,916,835,933,796,894,810,872,796,752,727
Y,923,838,931,799,897,809,872,796,752,726
Y,924,838,931,798,898,811,871,795,753,725
Y,922,839,930,798,897,809,871,794,754,727
Y,924,836,930,798,898,809,870,797,752,727
Y,922,839,931,799,896,810,873,796,752,725
Y,920,840,927,799,896,810,872,796,753,727
Y,922,839,931,798,896,811,872,796,754,729
Y,920,839,931,799,898,807,873,795,752,733
Y,917,838,930,799,896,809,871,796,751,725
Y,923,837,932,799,895,811,873,796,752,729
Y,922,840,932,798,897,809,872,797,753,727
Y,919,839,929,800,896,810,871,796,752,724
Y,920,837,931,799,896,808,872,795,751,729
Y,919,839,931,799,894,810,871,796,752,729
Y,924,839,932,799,895,810,872,795,753,727
Y,923,838,930,800,896,810,872,794,752,726
Y,923,840,929,801,896,810,874,798,751,729
Y,922,838,930,800,894,811,873,796,754,725
Y,923,839,929,798,896,809,872,794,752,727
Y,922,839,928,799,898,809,871,796,751,726
Y,919,837,931,799,898,810,871,794,754,729
Y,920,839,930,800,897,809,873,795,752,728
Y,920,837,930,799,898,811,871,797,754,725
Y,927,839,929,799,897,810,872,797,751,727
Y,921,839,930,797,896,810,872,796,751,728
Y,923,837,931,800,896,810,871,796,753,728
Y,923,838,929,798,893,809,869,798,754,729
Y,921,840,930,798,894,809,873,794,754,729
Y,922,840,930,799,895,808,872,797,753,727
Y,922,838,929,797,896,811,873,794,752,726
Y,922,834,931,800,895,810,871,797,752,727
Y,921,839,930,800,896,809,871,797,753,729
Y,921,837,929,797,896,812,870,797,753,725
Y,920,837,930,799,897,809,869,795,752,726
Y,916,840,929,797,898,810,872,795,754,728
Y,923,839,930,798,897,810,871,797,753,727
Y,925,840,928,796,900,812,873,795,753,728
Y,920,838,930,800,897,810,872,796,752,726
Y,918,839,929,798,897,809,871,794,752,726
Y,919,837,930,800,897,809,873,797,752,726
Y,920,839,930,799,895,808,873,796,752,729
Y,921,839,929,797,895,811,871,795,753,727
Y,924,839,930,798,897,810,873,795,751,730
Y,920,837,930,802,890,810,873,796,752,726
Y,921,838,930,798,896,809,872,795,754,726
Y,923,839,929,800,895,809,871,795,753,726
Y,921,837,929,800,897,810,871,796,751,726
Y,920,838,931,799,896,808,871,795,753,727
Y,920,838,930,798,896,810,872,794,751,729
Y,919,840,931,798,894,809,871,794,753,726
Y,920,836,931,802,895,809,871,796,752,730
Y,913,839,929,798,897,809,871,795,752,729
Y,923,838,929,798,896,810,872,795,752,729
Y,924,838,931,798,895,810,871,794,751,730
Y,920,839,929,799,895,808,872,796,752,727
Y,922,840,928,799,894,809,871,797,750,727
Y,918,837,930,798,896,809,871,796,752,732
Y,921,838,929,799,898,810,873,795,753,729
Y,924,838,928,799,897,810,872,794,754,729
Y,924,839,929,801,894,809,871,795,752,726
Y,918,838,930,799,895,809,872,796,754,726
Y,922,839,931,798,897,809,871,794,751,727
Y,921,838,929,797,897,810,871,795,754,728
Y,924,839,930,800,895,809,871,796,753,727
Y,919,836,931,798,897,810,872,798,754,728
Y,918,839,930,798,896,810,871,795,752,727
Y,923,838,930,797,898,811,872,795,754,728
Y,919,839,928,799,891,812,870,798,753,728
Y,919,840,928,797,897,809,872,795,754,725
Y,921,837,929,800,897,810,872,795,752,727
Y,920,838,927,803,899,810,873,795,753,726
Y,920,837,930,797,897,808,872,796,752,730
Y,925,836,929,798,896,811,871,796,753,729
Y,921,837,928,798,897,810,871,796,753,730
Y,921,837,930,799,897,808,871,796,754,728
Y,920,839,929,799,896,809,872,793,752,726
Y,922,838,930,798,895,808,873,794,752,728
Y,919,838,930,797,897,810,871,796,754,729
Y,918,839,930,796,896,808,874,793,753,726
Y,920,839,930,799,897,809,871,795,752,728
Y,922,838,928,798,894,808,872,794,753,721
Y,917,837,931,799,896,809,871,796,751,729
Y,921,838,929,799,895,810,871,795,753,725
Y,920,837,931,800,897,809,872,794,754,728
Y,920,838,931,798,895,808,871,795,754,728
Y,920,839,931,798,897,810,871,796,753,729
Y,921,839,930,799,896,810,871,794,752,726
Y,923,841,931,798,896,809,872,796,754,729
Y,921,839,930,800,900,808,870,796,751,730
Y,917,836,930,802,892,808,868,795,753,727
Y,918,839,928,800,897,810,869,798,752,725
Y,924,838,931,798,896,808,872,797,753,729
Y,919,837,928,797,892,812,871,796,754,727
Y,923,837,928,799,896,809,871,796,753,727
Y,924,838,934,801,896,810,870,794,752,728
Y,921,839,928,797,894,810,872,796,753,726
Y,920,835,930,798,899,810,871,795,754,729
Y,929,838,930,798,896,810,870,795,753,726
Y,922,839,929,798,896,810,872,796,752,728
Y,922,837,927,795,896,809,872,794,751,728
Y,923,839,929,800,895,810,871,795,753,730
Y,922,839,929,800,896,810,872,796,753,727
Y,921,838,928,798,895,809,872,797,753,728
Y,921,838,930,799,898,809,872,796,753,727
Y,923,838,929,798,897,809,872,796,755,725
Y,919,839,930,798,895,809,872,794,751,726
Y,918,838,930,799,896,809,871,793,753,726
Y,915,836,929,798,892,812,872,797,751,725
Y,922,837,928,799,896,809,872,795,755,728
Y,923,837,929,799,895,810,872,796,752,731
Y,919,839,930,796,896,809,872,797,753,729
Y,922,838,930,798,896,810,871,794,752,725
Y,919,837,928,799,898,811,873,794,753,727
Y,920,838,928,799,895,809,872,795,753,727
Y,922,838,928,800,895,808,871,795,751,728
Y,918,840,931,798,895,809,871,796,752,727
Y,917,840,928,799,898,809,872,796,752,726
Y,921,839,930,799,896,808,872,794,754,727
Y,920,839,928,799,895,810,871,796,755,726
Y,921,839,929,797,897,808,872,796,753,726
Y,922,839,929,800,895,809,872,796,753,729
Y,922,839,930,800,899,811,872,795,753,729
Y,922,839,927,798,896,810,871,795,753,726
Y,923,840,929,799,897,810,872,796,755,728
Y,923,837,929,798,897,809,871,795,754,728
Y,920,838,931,797,894,809,871,794,752,730
Y,920,839,928,799,898,810,868,794,753,728
Y,924,838,930,799,897,809,870,797,754,725
Y,920,836,928,799,895,809,872,794,753,725
Y,919,838,929,798,896,810,872,794,753,723
Y,921,838,929,798,898,808,873,796,754,727
Y,922,839,930,799,898,810,872,796,754,730
Y,918,840,933,803,897,808,872,794,754,727
Y,919,838,928,800,896,807,872,794,753,727
Y,920,840,930,798,896,809,870,796,753,728
Y,921,838,930,798,896,809,872,793,754,724
Y,921,838,929,798,897,808,870,795,752,729
Y,923,840,931,796,896,809,872,794,752,729
Y,921,839,928,797,897,809,872,794,755,726
Y,919,838,930,799,896,810,872,796,752,728
Y,919,840,930,800,898,808,872,795,753,726
Y,924,839,929,799,895,810,871,795,753,725
Y,918,839,929,797,896,809,871,795,754,725
Y,917,838,930,798,897,808,872,793,752,727
Y,923,838,928,801,898,810,873,796,754,729
Y,922,839,930,800,898,811,873,795,753,728
Y,923,838,931,799,896,810,871,795,755,728
Y,924,840,930,798,894,808,872,794,754,730
Y,920,838,930,798,897,808,873,795,756,727
Y,920,839,929,800,899,811,871,794,753,728
Y,922,840,931,797,899,811,871,796,753,726
Y,920,839,929,796,897,809,871,797,753,721
Y,921,838,929,800,896,809,872,794,752,724
Y,921,838,929,799,897,808,873,795,754,731
Y,920,840,930,797,896,810,870,795,754,726
Y,919,839,930,799,896,807,871,794,755,726
Y,921,838,928,798,895,810,872,794,753,728
Y,918,841,928,799,897,808,872,795,753,726
Y,922,841,928,797,896,811,872,796,752,728
Y,919,838,927,801,898,809,871,794,753,727
Y,917,840,930,798,898,808,870,794,752,727
Y,920,839,930,797,897,809,871,794,754,728
Y,917,840,929,797,898,807,871,795,753,727
Y,924,840,929,798,897,810,872,796,754,727
Y,922,839,929,799,896,808,870,796,753,730
Y,920,840,928,797,898,809,871,794,753,728
Y,920,840,930,799,897,809,872,794,753,728
Y,922,839,929,802,893,811,871,796,755,730
Y,919,838,930,798,897,810,871,795,756,730
Y,920,838,929,798,898,809,872,795,754,728
Y,920,838,929,799,898,810,870,793,754,730
Y,919,838,928,797,900,810,871,796,753,730
Y,919,838,930,799,897,809,872,795,755,727
Y,923,840,930,797,898,810,872,793,754,728
Y,920,837,930,798,896,807,872,793,755,729
Y,926,836,930,800,897,808,871,796,752,727
Y,922,839,929,798,897,809,871,795,754,729
Y,920,839,930,800,895,810,871,794,753,728
Y,921,839,930,799,896,809,872,795,751,726
Y,919,838,928,799,896,809,870,795,753,729
Y,924,840,931,798,895,809,872,796,753,728
Y,920,839,929,800,895,810,872,795,754,727
Y,921,839,928,797,896,809,871,795,752,729
Y,925,836,927,798,898,810,871,796,754,726
Y,919,838,929,797,895,808,871,796,754,727
Y,923,836,929,802,896,810,870,795,754,730
Y,924,840,929,796,892,812,872,796,755,729
Y,920,838,929,799,896,808,872,796,754,728
Y,919,839,929,797,895,810,871,795,755,727
Y,917,840,929,799,896,808,872,795,754,726
Y,920,838,930,797,898,808,871,797,753,731
Y,920,839,930,795,895,808,871,795,754,728
Y,920,840,929,796,896,810,871,796,755,725
Y,921,837,929,798,895,808,869,794,755,729
Y,922,839,927,797,895,810,871,795,755,726
Y,921,840,929,798,898,808,872,795,755,730
Y,922,840,928,797,894,810,872,795,753,726
Y,919,837,929,799,896,808,871,795,752,727
Y,921,841,928,800,896,811,874,794,753,730
Y,923,840,930,799,896,808,871,795,754,730
Y,921,837,929,800,895,809,872,795,753,731
Y,920,838,929,796,897,809,870,793,752,725
Y,924,838,929,798,895,809,870,796,754,730
Y,919,839,930,800,894,810,873,793,753,728
Y,921,839,929,797,897,809,871,795,755,729
Y,921,840,930,798,900,808,869,797,756,726
Y,920,839,929,799,896,809,872,794,754,733
Y,920,840,929,799,895,810,871,794,754,729
Y,916,837,929,799,895,810,870,794,753,726
Y,919,837,929,799,897,808,871,794,753,727
Y,924,837,924,794,899,810,871,796,753,726
Y,921,838,928,798,893,810,869,796,754,728
Y,924,838,928,797,895,809,871,795,753,727
Y,922,840,928,797,898,809,871,797,754,728
Y,920,838,929,797,896,808,869,794,752,730
Y,923,840,928,798,895,810,871,794,753,728
Y,920,840,928,797,896,808,870,795,754,726
Y,919,839,930,797,894,808,871,796,755,727
Y,919,840,928,797,895,809,871,794,753,729
Y,918,836,929,800,896,809,870,795,753,726
Y,923,840,928,796,895,809,872,794,755,727
Y,918,839,928,799,895,809,870,795,752,727
Y,921,840,929,800,896,808,871,795,754,728
Y,922,838,930,797,896,810,870,795,754,729
Y,920,839,928,797,896,810,872,794,754,728
Y,921,841,930,796,895,811,871,793,754,729
Y,919,840,928,797,897,810,871,796,754,728
Y,922,838,929,799,897,810,871,795,753,729
Y,921,840,930,798,895,807,872,795,755,731
Y,924,841,929,796,898,810,872,794,754,730
Y,920,840,929,800,896,809,870,796,757,731
Y,921,842,926,800,895,809,871,794,755,729
Y,922,839,929,799,897,808,871,795,754,727
Y,923,838,929,799,896,808,869,794,753,730
Y,917,840,929,798,895,810,870,796,753,728
Y,919,840,929,800,895,808,870,795,754,731
Y,922,838,930,797,896,808,870,794,753,728
Y,924,840,930,797,896,809,872,796,755,728
Y,919,837,929,798,896,808,872,794,755,728
Y,918,840,927,796,896,809,871,794,754,726
Y,920,840,929,797,897,810,872,796,752,726
Y,922,839,930,799,896,809,870,795,755,727
Y,924,841,930,799,894,810,870,796,754,728
Y,920,839,929,798,897,810,871,797,756,730
Y,923,840,930,798,896,809,871,795,754,726
Y,924,841,929,798,894,809,870,795,753,729
Y,924,837,930,797,897,809,871,796,755,730
Y,921,839,929,797,897,809,870,793,755,729
Y,922,839,928,800,895,812,872,797,754,727
Y,919,841,928,796,894,807,870,792,752,730
Y,921,838,930,797,896,808,871,796,753,730
Y,921,838,929,796,894,808,869,794,754,729
Y,918,839,927,798,895,810,871,795,755,728
Y,920,839,930,798,896,810,870,793,754,727
Y,923,840,929,797,897,808,871,795,755,723
Y,922,839,928,798,894,807,870,795,754,728
Y,919,838,930,799,897,809,870,794,755,728
Y,918,839,930,797,895,810,870,794,755,727
Y,916,838,930,794,898,807,870,794,754,726
Y,916,839,928,797,897,808,870,794,754,727
Y,919,838,928,798,895,810,870,794,753,726
Y,921,839,928,797,896,809,871,796,754,726
Y,921,837,929,800,899,810,870,794,755,729
Y,924,838,929,796,897,808,870,794,755,728
Y,922,839,928,798,896,810,870,795,753,729
Y,922,841,930,798,897,808,871,796,755,728
Y,922,839,928,799,895,808,870,795,755,726
Y,918,839,929,799,895,809,871,794,755,726
Y,922,839,928,799,896,809,870,793,756,727
Y,920,839,928,798,896,808,870,794,754,728
Y,921,841,929,796,895,808,872,794,753,726
Y,923,838,928,798,895,809,871,796,754,729
Y,919,839,930,797,897,809,871,793,755,726
Y,922,841,929,799,897,808,870,795,754,728
Y,919,841,929,799,898,809,870,797,754,726
Y,919,840,927,799,896,807,871,794,755,727
Y,920,840,929,799,896,808,871,795,752,724
Y,922,840,929,797,894,808,869,794,755,729
Y,920,838,928,797,893,807,872,797,751,729
Y,919,839,928,798,896,809,870,793,753,723
Y,922,839,930,798,896,809,870,796,754,728
Y,919,839,929,798,897,809,870,796,754,729
Y,919,838,928,799,898,808,871,796,753,727
Y,920,839,928,797,899,807,872,794,752,725
Y,919,839,928,799,896,808,870,796,753,723
Y,923,840,929,798,896,808,870,796,753,730
Y,922,840,925,797,896,810,871,796,754,726
Y,921,840,928,797,895,808,871,796,753,728
Y,919,839,930,798,895,808,870,796,755,727
Y,918,839,929,798,895,808,870,795,753,726
Y,922,840,928,798,896,809,871,794,754,727
Y,922,838,928,799,897,809,872,796,752,725
Y,924,841,928,797,897,808,871,793,754,727
Y,926,835,929,798,897,810,872,796,754,729
Y,919,839,927,799,895,809,871,794,754,727
Y,920,837,928,799,894,809,871,796,755,725
Y,922,840,928,799,898,807,870,793,754,725
Y,923,840,929,797,897,810,870,796,756,731
Y,924,840,927,799,894,807,871,795,752,726
Y,920,840,928,800,892,809,873,800,755,728
Y,919,841,928,796,894,807,872,795,755,727
Y,922,840,928,797,895,807,867,793,755,729
Y,922,838,929,799,895,809,870,795,752,725
Y,922,839,929,799,896,807,871,795,754,724
Y,922,841,929,800,896,809,871,795,754,728
Y,920,838,929,797,897,808,872,793,752,725
Y,919,839,930,798,895,810,870,796,752,727
Y,923,839,928,798,895,809,871,795,752,732
Y,921,841,925,800,895,809,870,795,753,726
Y,923,839,928,797,895,812,870,794,754,728
Y,924,839,927,797,896,809,871,794,754,726
Y,923,840,928,799,896,809,869,796,753,727
Y,922,839,929,800,896,809,871,796,754,728
Y,921,841,928,797,896,811,871,797,752,727
Y,922,840,928,797,895,808,872,794,754,724
Y,921,839,928,798,897,809,871,795,755,727
Y,924,838,928,799,896,809,872,796,755,731
Y,923,840,928,798,894,809,871,796,755,728
Y,921,840,929,796,898,809,870,795,755,729
Y,922,841,929,800,897,808,872,795,754,729
Y,921,841,928,797,895,809,872,796,755,729
Y,919,839,930,797,896,808,870,795,753,729
Y,923,841,930,797,896,810,872,795,756,729
Y,919,841,927,800,896,809,872,794,753,726
Y,921,840,929,797,895,809,873,794,754,729
Y,924,840,929,795,897,809,872,795,753,727
Y,919,839,929,796,896,810,871,795,754,728
Y,922,838,928,798,896,809,870,795,753,728
Y,922,840,929,797,896,808,872,794,752,728
Y,923,839,930,797,895,807,871,796,755,729
Y,922,839,928,798,897,809,872,795,752,727
Y,924,839,927,797,894,808,872,797,755,730
Y,922,841,928,797,896,809,872,795,755,728
Y,923,840,928,799,897,809,873,795,756,732
Y,924,837,928,799,897,809,871,795,753,729
Y,919,839,929,800,897,810,872,796,754,728
Y,920,840,930,799,897,808,871,796,753,729
Y,919,839,929,799,898,808,872,794,753,725
Y,921,839,929,796,895,809,871,794,753,727
Y,924,840,928,798,895,808,870,794,755,727
Y,923,840,929,798,897,810,870,796,754,725
Y,921,841,928,800,894,809,871,794,752,730
Y,923,841,928,798,896,808,873,796,753,729
Y,921,838,927,798,894,807,872,795,754,728
Y,926,837,929,799,895,810,872,796,753,726
Y,923,840,930,799,895,808,872,794,753,725
Y,923,839,929,798,895,809,871,794,753,727
Y,923,838,928,798,895,808,871,795,752,729
Y,921,841,928,798,895,808,871,794,751,729
Y,921,840,928,797,895,809,871,796,755,726
Y,928,840,926,801,895,809,872,797,753,726
Y,920,839,928,796,895,808,870,797,754,727
Y,924,838,928,798,896,809,872,796,755,730
Y,925,838,928,798,897,809,872,796,753,729
Y,921,838,929,800,895,808,872,795,754,725
Y,923,839,929,799,896,810,870,794,752,730
Y,924,838,928,799,894,809,872,795,752,727
Y,926,839,928,797,896,808,872,795,754,727
Y,922,837,930,799,897,809,873,796,753,727
Y,921,841,924,798,895,810,870,798,753,728
Y,923,839,928,798,895,809,870,794,754,727
Y,923,840,930,798,894,808,873,792,753,729
Y,923,836,929,799,896,810,872,797,754,729
Y,923,839,927,798,898,810,871,795,754,729
Y,923,838,930,797,897,808,873,793,755,729
Y,925,840,927,799,897,809,871,795,752,730
Y,923,838,928,798,896,808,871,797,755,728
Y,924,839,927,799,895,809,872,796,754,727
Y,922,840,932,799,897,808,872,796,753,728
Y,922,841,927,797,897,810,871,794,753,729
Y,920,840,927,799,894,809,872,796,755,725
Y,922,839,927,799,895,810,871,795,754,728
Y,918,839,928,799,897,809,871,794,752,730
Y,920,841,929,800,897,810,871,794,754,728
Y,922,837,929,801,894,808,872,798,753,726
Y,922,841,929,799,895,809,872,797,755,730
Y,924,841,929,798,896,810,871,795,753,728
Y,922,839,929,798,895,808,872,794,754,724
Y,922,842,927,796,895,807,870,796,755,728
Y,920,839,930,798,897,809,871,796,755,728
Y,923,840,929,799,896,808,871,794,753,733
Y,919,840,929,797,898,810,873,794,755,729
Y,922,838,929,798,896,810,872,794,755,727
Y,921,839,928,798,896,810,870,795,753,726
Y,923,838,927,799,895,809,873,795,752,729
Y,921,841,930,799,896,808,873,795,753,729
Y,918,838,929,799,897,809,872,796,754,726
Y,923,838,929,799,898,810,873,795,752,728
Y,922,840,927,797,897,810,873,795,752,727
Y,925,840,926,800,896,810,872,797,755,728
Y,921,837,928,799,894,810,871,797,753,727
Y,922,841,930,797,896,809,872,796,752,729
Y,925,840,929,798,897,809,872,796,755,730
Y,923,839,929,798,896,810,871,796,754,728
Y,925,838,927,796,894,807,873,795,752,729
Y,921,837,928,803,897,808,873,796,753,727
Y,924,838,929,800,900,808,874,796,754,729
Y,923,838,929,797,896,810,872,796,755,728
Y,921,839,930,799,897,810,874,795,755,730
Y,921,840,929,797,896,808,874,796,751,729
Y,921,840,928,799,898,811,874,796,754,728
Y,923,839,928,798,895,810,876,795,751,735
Y,922,838,927,798,896,810,877,798,754,728
Y,926,839,929,799,896,810,878,799,753,727
Y,918,840,930,798,896,811,878,797,753,729
Y,922,842,929,798,896,810,879,800,755,731
Y,920,839,929,798,894,810,880,802,753,731
Y,921,839,927,799,898,810,878,801,755,730
Y,922,841,927,797,896,811,879,802,754,730
Y,920,840,929,798,897,812,880,803,755,731
Y,920,839,929,799,899,811,879,801,756,730
Y,918,840,928,798,896,811,881,801,755,730
Y,918,840,927,795,895,807,884,799,753,731
Y,919,838,928,799,896,811,883,801,757,732
Y,922,839,929,799,898,811,882,801,758,731
Y,917,839,927,798,895,810,882,805,757,735
Y,917,839,927,798,898,810,884,802,760,733
Y,918,837,925,798,896,811,882,803,759,733
Y,915,841,928,796,896,810,882,800,762,734
Y,918,840,927,797,897,810,883,803,763,736
Y,917,838,928,799,897,810,885,803,767,734
Y,917,839,927,800,897,809,883,805,768,735
Y,920,839,927,798,897,810,885,803,768,736
Y,918,840,928,798,896,811,886,804,770,735
Y,920,839,929,798,899,808,886,803,771,739
Y,920,839,928,799,899,810,884,802,769,738
Y,915,840,927,799,899,810,884,804,771,736
Y,921,839,929,796,898,809,887,803,771,735
Y,918,840,927,799,898,809,886,804,772,741
Y,916,840,931,802,897,809,887,803,772,741
Y,919,839,929,797,897,806,887,806,772,739
Y,917,840,930,800,900,812,889,805,773,738
Y,916,839,928,797,895,809,886,803,774,738
Y,914,839,928,797,896,810,886,803,775,736
Y,917,841,927,801,895,807,887,807,777,739
Y,913,839,928,797,899,810,885,804,778,737
Y,918,840,926,797,897,808,886,804,776,740
Y,917,837,928,796,899,809,885,802,777,739
Y,913,841,928,797,893,807,885,806,776,736
Y,916,841,928,798,897,807,886,803,777,737
Y,915,839,929,795,894,809,887,803,776,735
Y,913,840,927,798,897,807,888,806,773,738
Y,913,842,927,798,896,808,887,803,771,738
Y,913,840,926,798,896,807,886,804,768,735
Y,908,837,927,798,895,807,886,804,773,734
Y,911,841,926,796,894,808,888,805,780,732
Y,913,838,926,798,894,808,887,804,773,732
Y,915,840,927,797,896,808,887,803,767,729
Y,914,839,926,796,895,807,887,803,767,728
Y,913,839,927,797,895,807,887,802,764,727
Y,915,841,927,796,897,807,886,801,763,727
Y,915,840,925,798,895,808,886,798,766,724
Y,913,840,927,797,894,807,886,803,766,724
Y,919,837,927,798,896,807,886,801,766,723
Y,912,841,926,797,895,808,887,801,768,724
Y,913,842,928,797,896,808,885,802,767,724
Y,917,840,928,797,895,807,887,800,765,721
Y,916,839,928,797,895,806,888,802,768,719
Y,912,841,926,794,897,807,887,803,766,722
Y,914,840,927,799,900,805,889,798,767,725
Y,914,841,927,796,897,807,887,800,765,722
Y,910,840,925,794,894,807,886,801,765,722
Y,913,841,925,796,895,808,887,801,766,720
Y,914,840,926,797,893,807,886,804,764,720
Y,915,842,926,799,896,806,888,803,763,724
Y,911,841,925,794,896,808,887,802,765,723
Y,913,837,927,798,896,808,888,804,766,720
Y,913,840,926,796,897,806,887,802,762,724
Y,911,840,925,797,895,807,886,803,763,722
Y,912,840,927,797,897,807,887,802,763,721
Y,914,840,926,798,896,808,885,800,762,719
Y,914,839,925,797,895,807,885,803,762,721
Y,912,839,925,797,897,807,886,802,763,719
Y,913,839,929,794,895,806,883,806,764,723
Y,915,842,927,796,894,806,884,801,763,721
Y,912,838,926,796,896,808,886,801,763,722
Y,915,839,926,799,894,811,885,804,762,721
Y,912,841,927,795,897,807,885,803,763,721
Y,912,840,925,795,896,807,884,804,766,727
Y,912,839,926,798,894,808,884,803,763,722
Y,914,839,927,797,894,808,884,802,762,722
Y,912,840,925,796,896,806,884,801,761,724
Y,913,840,926,796,894,808,884,803,763,722
Y,912,839,927,795,896,806,883,802,760,726
Y,912,840,927,798,896,806,883,803,760,722
Y,914,840,928,796,895,807,885,803,761,724
Y,916,839,926,796,897,807,884,803,763,721
Y,910,841,926,796,894,808,884,803,762,723
Y,914,839,926,796,898,805,882,806,763,716
Y,914,839,926,796,895,806,883,802,762,722
Y,912,841,927,797,897,808,884,803,759,723
Y,910,839,924,794,895,809,884,803,761,723
Y,915,839,928,795,895,808,884,802,761,723
Y,912,840,926,796,897,805,888,804,765,722
Y,914,837,927,795,893,807,884,802,760,724
Y,912,840,925,797,896,808,884,802,760,724
Y,915,840,927,794,896,808,881,804,762,719
Y,916,837,927,795,897,806,885,802,759,725
Y,913,841,926,797,895,807,882,803,762,724
Y,914,839,925,794,895,806,883,803,762,723
Y,910,840,925,795,896,808,883,802,761,722
Y,908,836,925,796,897,807,884,804,762,723
Y,910,841,925,794,897,807,884,804,761,725
Y,909,838,926,795,895,807,883,801,759,726
Y,914,839,926,796,893,808,883,802,761,720
Y,912,839,926,796,897,808,884,802,760,724
Y,914,840,926,796,895,808,884,804,761,724
Y,912,839,926,797,895,808,884,802,761,723
Y,913,840,925,796,895,807,882,800,763,723
Y,911,839,926,795,896,806,884,803,758,724
Y,914,839,924,796,898,807,884,801,759,723
Y,910,839,926,794,895,808,883,802,762,724
Y,916,841,926,794,896,809,882,802,762,724
Y,911,841,928,795,893,807,884,803,759,723
Y,911,840,926,796,897,808,884,800,760,723
Y,911,839,926,796,894,807,883,801,760,723
Y,915,842,924,796,896,808,881,800,758,724
Y,911,837,928,796,895,807,883,802,759,725
Y,911,838,924,794,897,806,881,803,760,722
Y,915,839,926,794,894,809,883,800,759,720
Y,913,838,926,795,895,807,883,802,760,721
Y,913,838,925,797,893,805,882,801,760,721
Y,913,840,924,795,895,807,881,801,762,721
Y,912,838,926,796,896,806,884,802,761,723
Y,913,840,927,795,895,808,882,802,761,726
Y,914,839,924,796,896,806,883,802,758,722
Y,911,838,927,796,896,808,883,801,759,724
Y,912,840,925,797,897,806,881,803,761,724
Y,912,839,925,794,896,808,882,801,761,725
Y,915,839,924,794,895,809,881,801,759,727
Y,912,840,926,795,894,807,882,802,759,725
Y,909,840,925,796,895,807,883,800,761,725
Y,911,839,925,795,896,806,882,803,761,720
Y,915,839,926,796,896,807,883,803,760,725
Y,912,838,926,795,896,806,883,801,762,726
Y,916,839,927,797,894,806,882,801,759,723
Y,912,837,927,797,894,807,881,802,758,727
Y,916,842,925,793,895,805,883,799,761,722
Y,912,839,924,795,896,807,881,801,759,725
Y,915,840,922,795,895,807,881,803,760,726
Y,911,840,926,795,893,804,883,800,760,724
Y,914,839,926,795,896,807,883,801,760,723
Y,915,838,925,794,897,806,881,799,761,726
Y,911,841,924,795,895,808,881,802,759,724
Y,913,840,925,797,895,807,882,800,759,725
Y,913,838,925,795,896,806,881,801,758,722
Y,914,839,927,795,894,808,883,800,758,720
Y,907,843,927,795,895,805,882,802,758,723
Y,915,839,926,796,896,807,883,802,758,724
Y,914,839,925,795,897,808,882,800,759,730
Y,915,840,925,797,896,807,882,800,759,723
Y,916,839,924,795,895,806,882,802,759,723
Y,910,841,926,796,893,809,882,801,760,724
Y,911,838,925,795,893,806,881,802,759,724
Y,913,839,925,794,894,807,883,802,760,723
Y,912,837,927,795,897,808,882,801,757,724
Y,912,838,926,794,896,807,882,799,762,729
Y,912,838,925,797,895,807,881,801,760,725
Y,915,839,926,795,895,806,883,800,759,726
Y,910,837,925,794,895,806,882,802,757,726
Y,914,840,926,795,897,807,883,802,759,725
Y,912,840,926,795,895,806,882,800,761,727
Y,909,837,926,794,897,807,883,802,759,727
Y,914,841,926,795,893,809,884,801,761,722
Y,912,838,926,795,897,808,882,800,758,725
Y,914,837,924,798,897,808,882,802,761,727
Y,915,837,924,794,897,806,882,802,758,727
Y,914,839,927,796,895,805,882,800,760,724
Y,913,838,924,795,895,809,881,803,759,724
Y,914,838,925,796,894,807,882,800,765,724
Y,913,839,927,793,895,807,882,803,759,724
Y,913,839,926,794,895,807,883,800,759,730
Y,915,840,926,795,897,805,883,798,762,723
Y,909,840,924,797,896,808,881,801,760,724
Y,915,838,926,797,894,808,880,802,757,727
Y,911,839,926,797,893,805,882,801,759,725
Y,915,840,925,794,896,807,882,802,760,725
Y,913,835,926,795,894,807,881,803,758,724
Y,915,839,926,794,895,807,881,803,760,725
Y,913,840,924,795,896,806,881,800,760,725
Y,914,839,923,797,894,807,883,799,759,724
Y,911,838,925,796,895,808,880,803,758,723
Y,915,838,927,796,896,808,881,802,759,725
Y,909,838,927,793,894,805,881,801,758,723
Y,914,837,925,797,897,808,883,801,759,723
Y,913,839,925,795,896,807,881,802,760,726
Y,912,839,926,796,897,805,882,800,759,727
Y,914,839,925,796,897,806,882,802,760,728
Y,914,839,926,796,896,807,882,802,758,726
Y,914,837,926,797,895,807,882,800,757,728
Y,911,841,926,795,895,807,879,801,759,727
Y,914,839,926,797,894,806,882,800,758,726
Y,911,838,925,795,896,807,882,801,757,722
Y,914,840,924,796,896,806,882,804,761,723
Y,913,838,925,796,895,806,880,799,759,726
Y,911,840,925,797,894,808,882,800,760,725
Y,910,839,926,796,895,806,881,801,759,723
Y,909,839,925,796,895,807,881,802,758,723
Y,914,836,926,794,896,807,881,801,758,725
Y,915,838,926,796,898,806,881,799,758,723
Y,914,840,925,794,893,808,881,800,759,726
Y,911,838,924,796,893,807,881,800,760,725
Y,914,838,925,796,894,805,881,799,758,726
Y,915,838,926,793,894,804,882,802,761,725
Y,911,839,926,797,896,807,881,801,760,724
Y,912,837,926,796,895,807,881,800,759,725
Y,910,839,926,795,895,808,882,801,760,724
