K,901,878,918,789,910,800,846,788,865,741
K,904,856,815,775,830,820,891,841,922,835
K,911,853,815,777,831,819,890,841,921,834
K,902,855,815,775,827,818,889,838,923,834
K,906,861,814,776,825,816,888,838,923,832
K,906,858,814,778,823,817,889,840,924,834
K,906,856,815,778,824,817,888,838,922,835
K,906,856,815,778,822,818,888,841,922,833
K,907,859,815,778,821,816,890,840,923,835
K,906,856,816,778,821,817,890,839,924,831
K,909,859,815,776,821,816,888,842,925,833
K,911,858,814,778,821,817,889,839,923,831
K,908,860,816,778,823,818,888,837,924,834
K,906,858,813,777,822,819,891,836,925,835
K,907,857,814,778,821,817,889,839,923,834
K,903,859,814,779,821,817,890,840,924,832
K,905,857,816,778,822,815,889,839,923,833
K,906,856,816,778,825,818,890,840,924,832
K,909,858,815,778,823,816,890,838,922,834
K,904,860,815,777,822,817,887,838,923,832
K,900,857,815,777,822,818,889,839,922,831
K,909,860,816,776,824,816,890,836,918,834
K,905,858,815,776,826,818,888,839,922,831
K,908,853,817,775,826,820,889,839,923,832
K,908,859,816,778,823,816,892,843,928,834
K,908,855,817,780,826,816,890,839,922,832
K,907,859,814,777,821,817,888,837,922,831
K,904,857,815,778,821,818,889,839,923,833
K,909,857,814,777,821,818,888,839,919,829
K,901,857,815,777,822,818,889,839,923,831
K,905,858,815,778,822,818,888,836,915,829
K,907,858,815,778,821,818,890,838,923,833
K,914,863,812,777,822,818,888,837,921,831
K,907,856,815,780,821,818,891,835,921,833
K,910,858,815,778,820,817,889,837,922,831
K,914,862,814,775,818,818,889,839,924,832
K,907,858,816,776,819,817,889,838,923,832
K,908,859,815,778,820,815,888,837,920,832
K,907,856,816,779,820,818,890,841,924,830
K,906,859,817,776,820,817,889,838,922,831
K,905,859,816,778,820,816,888,838,919,831
K,909,859,814,780,819,815,888,840,920,827
K,908,858,815,778,819,817,889,838,922,833
K,915,856,817,777,820,816,888,837,922,831
K,907,859,815,776,818,817,889,837,922,833
K,908,856,813,780,820,819,886,841,922,832
K,907,857,814,778,818,816,889,837,918,832
K,908,858,814,777,819,817,889,837,922,834
K,908,853,814,778,814,818,889,838,920,830
K,905,856,815,776,819,815,890,837,925,832
K,903,858,816,777,817,817,889,838,920,830
K,908,860,817,774,817,818,891,837,922,830
K,907,859,815,776,818,817,890,834,917,830
K,905,858,816,778,819,815,885,832,914,826
K,908,857,815,778,817,817,887,835,923,832
K,908,858,816,777,816,816,889,838,922,832
K,910,857,813,778,815,816,888,838,919,831
K,906,859,816,777,816,816,888,836,922,830
K,911,862,815,777,816,814,887,837,920,831
K,908,857,816,778,815,815,887,835,917,834
K,905,859,817,777,814,814,890,838,922,832
K,908,860,816,778,815,815,890,838,919,833
K,907,857,816,776,815,815,889,838,919,831
K,908,859,815,778,814,816,889,835,923,830
K,908,862,818,779,813,816,888,836,919,831
K,907,858,815,777,814,815,889,836,922,831
K,903,862,816,777,816,815,889,838,921,832
K,909,860,816,775,815,817,887,835,925,827
K,908,859,817,776,814,814,888,837,922,829
K,908,860,816,777,816,815,889,834,921,831
K,909,857,815,778,816,817,887,838,921,832
K,910,859,816,776,814,814,888,837,921,831
K,914,855,818,778,812,814,887,837,921,829
K,906,859,817,778,814,815,890,837,921,830
K,900,858,813,774,814,815,889,836,921,830
K,909,860,818,778,813,814,887,835,917,831
K,915,854,818,778,818,817,885,837,921,830
K,906,858,816,775,817,815,888,836,915,828
K,906,857,816,777,814,816,887,835,918,831
K,911,859,817,777,815,814,888,837,919,830
K,907,858,815,776,813,814,888,834,922,830
K,905,855,817,778,815,812,885,840,927,834
K,909,860,816,778,816,813,891,836,917,828
K,906,859,817,778,816,816,889,836,924,833
K,916,860,818,780,814,813,889,836,919,830
K,906,859,815,776,816,815,888,835,921,831
K,907,858,815,778,816,815,889,834,918,832
K,909,859,816,776,819,816,889,837,921,830
K,906,862,814,777,824,815,889,838,919,831
K,906,858,816,777,818,815,888,833,918,830
K,909,856,816,775,815,816,889,837,916,828
K,903,853,813,774,818,815,889,835,921,830
K,908,858,817,776,813,814,889,835,922,831
K,904,859,817,777,813,815,889,837,921,832
K,905,858,817,776,814,814,889,837,921,830
K,904,858,817,776,813,813,889,835,929,832
K,906,857,816,778,813,814,887,837,915,832
K,905,856,817,776,814,816,888,837,918,829
K,905,858,816,778,814,815,888,837,921,829
K,902,856,816,775,813,815,888,836,919,829
K,907,858,814,778,813,814,888,834,918,830
K,911,861,813,777,809,815,888,835,922,830
K,910,858,817,776,812,814,889,834,917,828
K,909,859,815,778,814,815,887,835,919,830
K,904,859,817,777,813,815,889,838,926,834
K,909,856,815,778,813,816,889,839,918,830
K,907,858,817,777,815,816,890,831,915,833
K,908,857,816,780,810,818,890,831,912,828
K,903,858,817,777,813,815,889,836,920,830
K,904,859,817,775,815,814,887,837,919,831
K,907,856,816,776,814,815,888,833,922,829
K,911,853,817,776,813,814,886,838,920,830
K,908,863,816,776,814,814,887,835,920,831
K,907,857,816,778,815,813,888,837,918,830
K,906,858,817,777,814,814,888,834,918,828
K,908,857,817,778,813,813,886,834,920,828
K,909,861,818,779,814,814,889,835,917,829
K,903,859,816,777,811,815,888,836,921,830
K,903,859,818,778,812,814,891,840,916,828
K,908,859,817,775,813,815,891,840,914,824
K,905,855,816,776,812,816,886,833,912,830
K,906,857,816,776,815,815,890,838,916,829
K,902,857,814,777,814,815,888,837,919,830
K,908,857,816,777,813,815,888,836,921,830
K,909,859,818,778,813,811,889,833,925,830
K,911,857,816,777,814,815,889,836,919,829
K,899,863,815,776,816,814,889,837,918,830
K,908,858,817,775,813,814,889,836,920,829
K,906,853,817,776,813,811,889,839,916,828
K,909,857,818,779,813,814,888,837,918,828
K,906,859,817,775,812,814,888,834,921,830
K,902,862,816,776,810,813,890,834,917,828
K,905,858,817,776,814,815,888,836,920,828
K,910,858,817,777,812,814,889,836,920,830
K,907,856,816,777,815,813,886,833,925,829
K,908,858,816,776,813,814,888,835,920,828
K,898,856,816,778,813,815,889,836,921,830
K,904,859,817,775,813,815,888,836,916,826
K,907,858,816,775,813,815,889,834,921,828
K,907,859,817,777,812,813,888,837,920,827
K,902,856,815,780,813,813,888,835,921,828
K,909,858,818,776,814,815,889,837,919,828
K,905,857,817,776,810,816,888,838,925,831
K,905,855,818,775,814,815,887,837,920,830
K,906,859,818,777,814,815,889,837,919,827
K,908,856,816,777,813,816,890,839,925,828
K,905,856,818,778,814,813,887,835,915,832
K,916,858,819,777,812,813,888,836,918,830
K,910,856,816,777,811,817,890,839,927,830
K,908,859,817,775,814,815,889,835,917,827
K,907,859,817,777,816,815,889,837,918,827
K,909,857,816,776,815,814,887,834,920,828
K,908,859,818,776,814,814,890,836,913,825
K,909,860,817,776,813,815,887,834,919,829
K,908,860,816,775,814,814,890,831,922,830
K,906,859,816,775,814,814,889,835,921,829
K,908,856,819,777,812,813,886,833,915,827
K,907,856,816,777,814,815,888,836,919,828
K,906,857,817,776,814,814,889,834,920,828
K,907,856,814,776,813,815,885,838,920,829
K,906,858,818,775,813,814,889,835,920,828
K,904,862,816,775,814,813,889,836,916,829
K,907,859,818,775,813,814,888,834,920,828
K,905,857,817,776,814,814,889,834,918,829
K,913,858,818,777,814,813,888,834,918,828
K,905,858,817,777,813,814,886,835,920,828
K,906,859,817,776,813,814,889,836,918,830
K,908,856,818,777,813,813,887,833,913,828
K,902,854,815,779,813,813,888,834,920,827
K,907,859,816,776,812,813,889,836,920,829
K,905,858,816,777,814,814,887,835,917,827
K,899,863,818,780,815,815,890,836,921,827
K,908,855,817,777,815,814,888,837,921,825
K,905,858,817,776,813,814,888,835,917,828
K,906,857,816,776,813,812,887,833,921,829
K,905,858,818,780,812,811,891,841,918,829
K,908,858,817,776,814,814,887,836,920,827
K,901,859,819,773,814,813,889,835,921,830
K,908,858,818,777,813,815,889,833,919,827
K,901,857,819,778,815,813,888,835,918,829
K,904,859,818,776,814,814,888,835,919,828
K,903,859,817,774,810,815,886,833,920,829
K,912,853,819,776,813,815,888,833,919,827
K,905,860,818,775,812,813,889,838,915,828
K,901,862,818,780,811,815,891,835,920,828
K,904,857,819,778,816,815,890,833,921,829
K,905,859,817,776,814,814,887,835,917,828
K,909,860,818,775,814,813,888,836,920,829
K,905,857,817,777,814,814,887,834,918,826
K,908,856,817,776,813,814,886,834,920,830
K,906,859,816,776,814,812,887,835,917,825
K,910,859,818,777,813,813,887,835,919,828
K,896,857,819,777,813,815,887,834,918,827
K,902,855,815,774,811,815,888,836,918,827
K,901,856,818,774,811,815,890,836,918,829
K,907,858,818,776,814,815,887,833,920,830
K,905,859,817,776,812,813,888,836,918,829
K,904,858,819,777,814,814,888,836,925,831
K,912,855,815,772,816,814,888,835,920,827
K,908,859,817,776,813,815,887,833,917,828
K,905,858,820,777,812,813,887,838,918,828
K,907,858,818,776,814,815,888,835,920,829
K,904,860,818,777,813,814,889,836,920,828
K,905,860,817,775,813,814,888,833,920,827
K,906,857,818,775,814,815,888,836,918,827
K,909,858,815,775,816,815,888,836,919,828
K,907,860,818,777,814,817,888,833,920,828
K,903,859,818,777,814,814,888,833,926,830
K,909,860,817,775,815,817,888,833,917,825
K,905,855,820,776,812,817,886,835,919,829
K,912,862,819,772,817,814,887,836,920,829
K,910,857,819,778,816,817,889,835,918,827
K,906,859,818,776,814,817,888,834,917,828
K,906,860,818,777,813,817,887,834,920,827
K,905,858,819,777,812,816,887,834,918,826
K,907,859,818,776,813,816,889,835,918,827
K,897,857,818,777,813,816,889,835,920,828
K,907,859,817,776,814,816,887,833,920,828
K,912,857,817,777,814,815,888,835,916,826
K,910,862,819,772,814,815,888,834,920,827
K,906,858,817,775,814,817,889,833,920,826
K,907,857,818,775,814,817,887,834,919,828
K,907,858,818,777,814,816,887,834,919,825
K,906,859,818,776,813,817,888,834,922,830
K,908,857,818,777,813,815,887,835,917,829
K,907,861,817,777,813,815,886,832,917,825
K,908,858,816,777,814,818,889,834,921,828
K,906,860,818,775,813,815,889,835,921,828
K,909,860,818,777,813,817,886,833,918,825
K,903,856,819,775,812,815,886,835,918,827
K,908,859,818,776,813,816,889,833,917,827
K,905,861,818,775,814,817,887,832,919,826
K,907,860,818,776,814,816,889,834,920,827
K,898,855,818,775,813,817,889,834,919,827
K,908,860,819,775,815,816,889,835,918,824
K,909,856,819,775,814,816,889,833,915,830
K,897,852,816,773,813,816,888,833,918,828
K,905,858,818,775,813,814,889,835,918,825
K,909,860,818,776,814,816,887,833,920,827
K,907,858,818,775,813,816,887,833,919,829
K,908,859,817,775,813,815,887,834,920,827
K,908,857,819,776,813,816,887,831,921,827
K,910,860,817,779,811,814,885,839,911,827
K,908,858,818,776,813,816,889,834,920,827
K,910,858,819,775,814,816,887,833,916,825
K,905,858,818,777,813,816,886,837,912,829
K,907,858,819,776,812,816,889,835,918,829
K,913,859,820,777,813,814,886,833,916,826
K,906,858,819,776,814,815,887,834,920,827
K,906,859,818,776,815,816,889,838,916,825
K,907,857,818,775,814,815,888,835,917,826
K,908,858,819,776,813,816,888,835,916,826
K,908,859,819,777,814,815,887,833,920,829
K,908,857,819,775,814,816,888,835,920,826
K,907,859,818,775,814,817,888,834,920,828
K,908,857,817,775,814,816,889,834,921,828
K,906,858,817,777,816,816,887,831,921,830
K,906,857,818,776,816,815,888,838,919,830
K,906,858,819,774,814,816,889,833,917,825
K,908,857,819,777,814,815,888,833,918,827
K,908,858,819,776,814,815,888,837,914,825
K,908,858,818,777,814,814,887,835,919,828
K,902,856,819,771,812,814,886,834,920,827
K,902,857,818,776,814,813,888,832,919,825
K,909,859,820,777,814,814,887,835,917,827
K,905,859,818,776,814,815,888,836,916,827
K,908,858,819,775,814,816,888,833,920,825
K,898,857,816,772,814,813,888,832,917,826
K,909,858,820,776,816,816,889,832,917,826
K,904,860,819,776,814,815,888,835,918,826
K,908,859,819,776,813,815,887,832,920,825
K,905,859,819,776,815,815,888,834,918,827
K,907,852,822,775,815,815,887,833,917,826
K,905,859,819,775,813,813,889,835,920,823
K,904,860,818,777,815,815,887,833,917,829
K,900,854,821,779,815,813,888,835,918,826
K,908,859,819,776,813,815,888,834,919,824
K,907,859,818,776,815,815,887,831,921,826
K,910,858,820,775,814,815,887,834,918,827
K,906,858,818,775,815,814,888,833,916,827
K,907,857,820,776,813,815,889,833,920,826
K,906,857,818,774,814,814,887,833,920,828
K,907,858,819,775,814,815,888,833,918,826
K,905,860,819,775,815,815,890,835,919,830
K,908,861,820,779,812,814,889,829,915,827
K,909,857,820,776,814,816,889,836,914,822
K,906,859,819,775,812,813,889,835,919,830
K,908,860,819,777,814,812,890,829,911,830
K,909,858,817,778,815,813,888,834,920,826
K,905,854,819,778,816,813,887,836,920,827
K,904,856,818,775,815,814,887,832,918,827
K,909,858,819,777,816,814,889,836,921,824
K,906,857,820,777,817,813,888,836,914,826
K,906,858,819,776,819,814,888,833,917,825
K,908,859,821,778,817,817,891,835,914,826
K,909,861,820,778,815,815,889,833,918,826
K,905,857,820,776,816,814,888,833,920,825
K,912,856,817,775,815,815,888,835,916,825
K,907,857,819,777,815,815,889,835,918,827
K,909,860,819,777,818,813,891,836,921,827
K,908,859,819,776,815,814,888,834,919,826
K,904,859,818,777,817,815,887,831,912,825
K,905,856,818,777,814,815,889,832,919,825
K,910,855,819,776,815,814,888,834,920,828
K,905,857,820,777,815,812,889,832,916,825
K,913,862,822,773,817,813,888,834,918,827
K,909,859,820,777,815,814,886,831,915,823
K,903,861,818,774,813,815,889,834,916,826
K,908,858,819,776,815,814,888,833,918,826
K,908,859,819,775,814,815,887,832,918,826
K,902,859,818,775,814,814,889,834,917,826
K,909,860,819,775,813,813,888,836,918,822
K,911,860,819,773,814,814,889,834,920,827
K,908,858,818,775,814,814,887,833,918,827
K,908,859,820,777,813,814,887,835,916,828
K,905,854,818,778,816,814,887,834,918,826
K,907,860,821,777,813,813,889,836,915,825
K,907,858,819,776,815,814,887,832,916,825
K,909,858,817,776,813,814,887,835,919,827
K,908,856,820,775,813,813,888,828,921,828
K,910,862,817,778,814,813,887,832,920,827
K,908,858,820,775,814,814,888,835,917,825
K,910,857,819,778,813,813,886,839,917,826
K,908,860,819,774,814,815,888,836,916,823
K,911,856,817,774,813,814,888,833,918,826
K,908,859,818,777,815,815,889,831,916,827
K,909,860,820,775,812,813,886,837,921,824
K,898,860,820,776,813,814,889,834,919,827
K,907,859,820,776,816,813,888,836,915,824
K,904,859,815,772,815,814,888,833,919,827
K,908,861,820,774,812,814,887,832,921,825
K,907,858,820,777,813,814,888,834,919,827
K,909,860,819,774,814,811,887,837,921,829
K,906,859,819,776,812,814,888,834,919,826
K,908,857,819,776,813,812,886,832,920,830
K,911,861,821,778,815,814,889,832,922,827
K,908,858,819,776,814,814,888,833,919,825
K,906,862,818,775,814,814,889,833,917,825
K,911,861,822,774,811,814,887,834,918,825
K,906,859,819,776,813,814,887,836,921,830
K,907,859,820,775,813,813,886,835,915,827
K,911,862,817,779,811,811,885,834,917,825
K,913,858,818,778,814,817,886,835,919,827
K,909,856,821,778,811,814,888,832,920,825
K,905,859,821,778,815,813,887,834,915,828
K,908,856,818,777,813,814,888,833,916,825
K,904,860,820,777,813,814,888,833,911,828
K,907,859,819,778,815,816,888,831,922,827
K,906,860,818,775,814,811,888,835,918,827
K,910,858,818,774,813,812,887,828,912,824
K,908,858,821,776,815,814,887,832,921,824
K,906,858,820,776,814,814,887,835,915,827
K,905,859,818,777,815,814,888,832,918,825
K,905,854,817,780,818,811,885,835,918,825
K,915,858,819,777,814,813,887,834,919,826
K,897,859,819,776,818,813,888,833,919,825
K,906,860,820,776,814,814,888,832,919,825
K,908,859,819,775,813,814,887,832,916,826
K,909,859,819,776,815,814,886,837,917,828
K,910,854,819,776,814,815,888,832,917,826
K,904,860,820,776,812,814,888,833,915,823
K,903,859,820,777,814,814,888,834,918,825
K,907,859,820,777,814,813,887,834,916,826
K,907,860,820,776,814,814,886,832,919,826
K,909,859,819,775,815,814,888,831,917,824
K,900,860,819,775,814,814,887,830,920,825
K,905,860,818,776,813,813,889,834,920,824
K,908,860,820,777,813,813,888,834,919,827
K,904,857,818,778,811,814,886,832,915,827
K,911,855,818,774,813,814,891,830,919,826
K,906,856,819,776,811,812,887,835,915,827
K,911,862,816,778,811,816,886,835,917,827
K,908,858,820,774,817,812,890,832,924,823
K,909,858,819,775,813,814,888,832,918,823
K,911,862,820,773,814,813,888,833,916,827
K,906,857,820,777,814,814,889,833,920,826
K,908,862,818,775,814,814,887,834,917,826
K,906,858,818,776,812,814,887,832,922,826
K,907,859,820,777,815,814,889,833,920,826
K,906,858,817,775,815,814,888,834,919,826
K,908,857,821,779,816,812,888,834,914,826
K,908,858,819,777,814,813,886,832,919,826
K,904,859,820,777,814,815,888,831,918,825
K,912,863,820,774,811,814,889,834,918,825
K,908,860,820,776,814,812,888,834,916,826
K,907,858,818,777,814,813,887,834,916,826
K,906,859,820,777,813,813,888,833,917,825
K,910,853,818,774,812,814,888,834,918,826
K,906,859,820,777,813,814,889,834,920,828
K,904,860,819,775,812,812,889,836,921,827
K,904,858,820,777,814,813,888,832,914,822
K,906,860,822,781,812,814,889,832,919,825
K,903,860,821,773,813,813,888,832,918,825
K,907,862,818,774,811,813,886,836,921,826
K,912,858,820,777,812,813,887,833,919,826
K,906,859,819,776,814,814,888,834,918,827
K,908,860,818,776,812,813,886,833,919,823
K,910,858,819,775,814,814,888,832,918,825
K,908,860,820,777,814,813,889,832,913,823
K,907,863,820,778,812,812,889,835,914,826
K,909,858,820,775,814,814,888,833,919,826
K,906,856,818,777,813,813,888,833,914,827
K,911,858,820,776,813,812,887,833,918,824
K,906,855,820,778,814,812,887,832,919,824
K,902,860,819,776,814,813,889,828,920,829
K,907,858,820,777,815,814,886,833,915,825
K,907,857,820,776,815,813,888,834,920,824
K,908,857,818,776,814,814,888,834,918,825
K,907,860,820,775,814,812,887,833,922,828
K,901,855,819,780,809,815,888,833,917,826
K,907,859,819,774,813,814,887,834,920,826
K,902,859,820,773,812,813,887,832,918,825
K,909,860,820,775,814,814,888,833,918,825
K,908,861,819,780,810,812,888,834,919,824
K,909,862,820,776,814,816,887,832,920,821
K,903,862,820,776,814,813,887,832,918,825
K,905,860,819,775,813,813,888,832,917,824
K,907,863,822,778,813,813,887,834,916,825
K,906,859,820,776,812,812,889,831,920,826
K,906,856,820,777,814,812,888,834,918,825
K,915,856,821,776,812,812,889,831,917,826
K,906,860,820,776,812,812,887,833,919,822
K,905,860,820,776,814,813,886,830,914,823
K,907,859,820,776,812,812,887,832,918,824
K,903,859,821,776,814,814,889,836,921,823
K,907,859,821,777,813,813,888,834,919,826
K,908,858,820,776,812,812,887,831,918,825
K,898,858,819,775,813,812,888,832,916,825
K,909,860,820,776,812,813,888,833,915,826
K,909,860,822,776,811,812,886,834,920,823
K,910,860,820,775,814,813,886,833,919,826
K,904,856,820,775,813,813,886,828,910,820
K,911,862,820,776,813,812,888,833,917,825
K,906,858,819,774,812,812,890,834,916,826
K,908,859,820,775,813,812,888,832,915,821
K,906,860,820,775,813,813,888,832,919,824
K,901,858,819,772,812,814,885,837,916,825
K,897,863,819,775,817,812,889,831,917,824
K,908,858,820,777,814,812,887,832,918,824
K,907,859,820,776,814,813,887,834,917,824
K,908,860,819,777,812,812,888,832,919,826
K,908,860,820,774,813,813,887,836,920,828
K,906,859,819,775,814,812,886,833,918,825
K,914,859,820,775,814,812,887,833,917,826
K,901,861,821,775,812,812,886,834,917,825
K,901,860,821,775,814,812,888,834,919,826
K,904,859,821,777,813,812,887,832,917,825
K,917,861,818,777,813,812,887,834,917,825
K,907,859,820,775,813,813,887,833,915,824
K,905,857,820,777,814,813,888,831,919,824
K,910,860,820,775,816,812,889,831,910,820
K,908,859,820,776,813,813,887,832,917,826
K,905,860,820,775,814,813,887,832,919,825
K,909,858,820,777,815,811,886,829,914,821
K,904,858,819,777,816,809,889,827,911,829
K,907,857,820,775,811,812,888,834,919,825
K,907,860,820,776,814,812,887,832,918,825
K,902,860,819,776,815,811,887,834,918,824
K,904,859,819,776,813,812,887,833,918,825
K,907,858,820,776,814,812,886,833,915,823
K,907,857,820,774,813,812,889,834,917,824
K,907,860,820,775,814,813,888,834,919,826
K,904,858,820,777,815,814,887,831,915,823
K,906,859,820,775,813,812,888,832,918,825
K,904,858,820,776,811,812,887,833,916,826
K,905,859,821,776,813,811,888,834,918,825
K,906,860,821,776,811,810,887,837,923,824
K,900,860,821,777,813,812,886,833,918,825
K,907,859,819,775,813,813,888,833,916,826
K,904,860,819,776,814,813,886,833,922,821
K,905,859,821,777,811,811,889,831,913,828
K,906,858,820,776,815,812,888,832,918,824
K,903,855,820,779,817,813,888,833,918,825
K,911,859,819,775,814,812,887,832,915,823
K,903,860,821,775,815,813,886,834,915,820
K,901,863,821,775,815,813,888,833,918,824
K,908,858,820,776,813,811,888,833,915,825
K,906,860,821,775,814,813,887,831,917,823
K,908,861,820,774,813,811,887,831,914,825
K,908,859,819,776,813,812,887,831,917,825
K,902,860,820,775,813,813,888,831,918,824
K,907,860,820,776,814,812,886,833,914,825
K,907,861,821,776,812,812,887,833,919,825
K,902,859,819,778,813,812,888,832,918,826
K,904,858,820,777,814,812,888,833,916,824
K,908,855,821,778,811,811,886,834,914,825
K,908,860,820,775,814,813,888,834,918,824
K,907,858,820,775,814,813,888,831,918,825
K,907,857,821,777,815,813,887,832,919,825
K,906,857,821,777,813,811,888,834,917,826
K,906,860,820,776,813,813,888,833,917,824
K,903,859,820,777,814,812,887,832,919,825
K,906,859,820,776,813,812,887,833,918,823
K,898,857,821,775,814,813,886,831,918,825
K,904,860,820,776,814,812,887,831,917,823
K,907,859,821,775,812,814,888,834,918,827
K,906,860,821,776,813,812,887,832,917,825
K,903,857,820,778,816,812,887,832,917,824
K,903,859,820,775,813,813,888,832,919,823
K,906,859,822,778,815,814,887,838,916,826
K,903,859,823,773,815,813,888,832,919,824
K,904,863,820,778,815,809,885,832,916,826
K,905,858,820,775,813,811,887,833,916,825
K,906,858,820,776,813,813,887,833,918,825
K,908,859,820,777,815,813,888,832,918,824
K,907,861,821,777,814,812,888,833,917,825
K,910,865,818,777,813,813,887,832,918,824
K,907,857,819,776,814,812,887,832,919,820
K,909,860,820,775,811,815,885,836,915,824
K,904,860,820,776,813,812,887,831,918,823
K,907,860,820,776,814,813,884,831,922,830
K,904,858,820,777,814,810,887,833,917,825
K,904,861,822,776,811,811,888,834,924,826
K,916,861,821,776,814,812,888,833,915,825
K,902,861,822,775,815,813,886,833,915,825
K,909,860,820,776,814,814,888,832,916,825
K,906,859,820,776,813,812,888,831,917,823
K,907,859,821,776,815,813,887,834,915,825
K,908,861,821,777,813,813,886,833,913,825
K,910,856,821,779,811,815,889,833,916,825
K,904,860,821,776,813,812,887,832,919,824
K,902,862,821,775,814,812,886,833,915,824
K,907,860,821,777,813,812,887,835,919,825
K,906,858,819,775,816,813,886,831,917,828
K,908,860,821,774,812,812,890,830,920,820
K,902,859,819,777,814,812,887,832,917,824
K,914,862,820,779,813,814,886,830,915,825
K,902,862,820,775,812,812,888,833,916,823
K,903,856,821,778,814,811,888,832,918,824
K,903,857,819,778,815,814,889,828,913,825
K,906,858,821,777,814,813,887,833,918,826
K,906,857,821,777,815,812,887,833,915,822
K,912,864,820,772,811,816,886,832,916,825
K,907,860,821,775,814,813,888,834,917,824
K,897,857,821,777,814,811,888,832,916,825
K,907,859,821,774,813,811,887,834,918,825
K,909,860,820,776,815,810,889,830,919,822
K,900,859,819,778,813,813,888,830,918,824
K,904,860,822,776,813,812,887,831,921,823
K,912,857,822,775,812,812,888,833,916,825
K,908,859,821,776,814,811,886,833,916,824
K,907,860,821,775,814,813,887,832,919,824
K,904,861,822,776,813,813,888,834,915,824
K,903,860,821,776,817,811,888,834,916,820
K,908,860,821,777,814,813,888,832,917,823
K,910,858,821,777,813,811,887,832,917,823
K,905,859,820,776,815,812,886,833,914,825
K,907,856,822,779,817,815,885,828,915,825
K,906,859,821,776,814,812,888,832,918,822
K,905,862,821,776,815,813,886,832,919,824
K,909,860,821,776,815,812,887,833,918,825
K,908,858,821,776,816,812,888,830,918,825
K,904,858,821,777,814,812,888,833,918,823
K,907,860,819,777,814,813,887,831,918,825
K,904,860,822,777,815,812,887,832,916,822
K,908,861,819,773,812,811,885,833,917,825
K,907,857,821,775,814,814,889,829,913,826
K,904,858,820,777,815,813,888,833,915,822
K,905,858,821,777,813,814,886,835,914,822
K,906,859,820,775,811,812,887,833,915,825
K,905,861,821,777,812,813,887,833,919,825
K,907,859,822,776,816,813,886,832,915,821
K,904,859,822,777,817,812,890,835,921,823
K,908,860,820,776,816,813,888,834,914,823
K,901,859,822,777,818,814,886,834,919,823
K,907,860,821,777,815,812,887,834,917,824
K,898,866,818,779,816,813,887,833,918,825
K,905,858,823,775,812,812,889,830,918,823
K,905,855,820,781,812,809,887,837,918,824
K,905,858,821,775,815,812,888,832,918,827
K,903,861,822,774,815,812,887,833,915,822
K,907,859,822,773,816,811,889,837,913,827
K,906,860,822,777,816,813,887,835,918,822
K,902,863,820,776,811,814,887,830,919,825
K,905,856,824,776,814,812,887,833,916,824
K,903,858,821,777,814,812,887,831,917,824
K,900,859,819,776,816,811,887,831,916,823
K,906,859,822,776,814,812,887,835,916,823
K,906,860,822,775,814,813,888,834,917,826
K,906,860,821,776,813,811,886,833,916,824
K,915,855,822,777,816,815,888,832,917,824
K,903,857,820,778,815,814,885,834,915,826
K,910,859,821,775,815,812,888,833,918,825
K,904,861,822,776,815,812,887,835,919,821
K,905,857,823,774,812,811,888,834,915,823
K,906,860,823,777,815,812,891,833,912,827
K,906,858,821,776,815,813,887,832,918,824
K,906,858,821,778,813,812,886,835,919,819
K,904,860,821,780,813,812,886,834,916,823
K,909,863,822,775,812,813,887,836,914,824
K,904,861,822,775,813,813,887,833,916,825
K,907,861,822,776,815,812,886,832,915,821
K,908,860,820,776,813,813,886,830,919,824
K,907,859,822,776,815,812,890,836,912,819
K,907,858,819,774,815,811,884,837,914,827
K,907,861,821,775,813,811,885,831,919,826
K,903,862,822,776,814,813,886,831,918,824
K,906,860,822,775,813,812,888,832,917,823
K,904,858,822,775,812,811,885,831,911,821
K,898,856,820,777,815,812,887,833,917,824
K,913,859,819,775,812,810,887,833,919,824
K,898,858,820,774,814,813,886,833,915,825
K,902,855,821,776,813,813,886,832,915,825
K,906,860,820,779,812,813,885,830,917,823
K,907,859,821,776,812,812,888,833,918,825
K,907,859,821,776,814,811,886,833,917,825
K,906,861,819,775,813,813,888,831,917,823
K,903,857,824,775,813,812,889,834,917,824
K,907,861,823,776,814,814,887,838,916,826
K,907,860,821,776,814,811,887,831,915,822
K,907,858,821,777,814,812,887,832,916,823
K,897,863,823,775,814,811,887,832,917,824
K,908,860,820,776,814,812,887,832,916,823
K,905,859,821,776,813,812,886,836,919,828
K,907,861,823,776,813,812,887,832,917,824
K,902,858,820,777,812,812,888,834,916,822
K,905,857,819,774,812,813,888,832,917,823
K,907,860,820,775,813,814,888,831,918,822
K,906,860,821,775,813,813,887,833,917,824
K,908,859,822,778,815,811,886,831,915,823
K,906,860,821,777,814,811,887,832,917,825
K,904,859,821,775,814,812,889,833,916,825
K,907,858,821,775,812,812,885,835,925,821
K,907,858,821,777,815,812,886,831,918,821
K,902,859,820,776,812,813,888,834,917,822
K,906,860,821,776,813,812,889,830,921,824
K,907,860,821,775,814,813,887,831,918,823
K,909,854,822,775,813,811,888,833,917,824
K,907,858,821,777,813,812,887,832,918,824
K,908,863,823,782,809,815,889,831,920,824
K,901,858,821,778,813,811,886,833,917,825
K,906,860,822,776,813,812,887,831,916,821
K,907,857,822,776,812,813,888,833,919,824
K,904,858,823,778,810,812,888,837,916,819
K,905,860,822,777,814,813,887,833,917,823
K,908,861,823,775,812,812,888,833,918,825
K,903,857,821,774,815,810,882,831,924,824
K,907,860,821,777,814,812,887,832,913,825
K,910,862,820,777,815,812,886,833,916,825
K,909,859,821,776,813,812,886,834,915,824
K,899,854,822,777,812,811,887,833,916,825
K,907,861,821,776,814,811,887,831,915,824
K,905,860,822,777,814,812,888,833,917,824
K,896,859,820,777,813,814,888,832,917,824
K,906,860,822,777,810,814,888,833,914,826
K,900,860,822,775,814,812,887,832,918,823
K,906,859,822,777,813,812,886,832,917,822
K,906,860,821,776,813,813,888,832,914,825
K,907,860,822,778,813,811,888,830,919,825
K,909,860,821,776,813,812,887,834,917,822
K,904,861,822,777,813,811,888,832,920,825
K,907,860,821,776,814,811,886,835,916,822
K,904,861,822,775,814,811,887,833,915,825
K,903,861,820,779,812,809,890,832,916,824
K,907,861,821,777,813,812,887,832,915,824
K,903,861,823,777,812,811,888,834,916,824
K,907,862,819,781,810,812,888,833,915,823
K,904,860,822,776,814,812,888,834,914,824
K,907,860,823,777,812,811,888,833,915,824
K,907,860,822,776,812,811,887,833,915,824
K,913,858,820,775,814,813,887,833,917,824
K,904,859,822,775,814,811,887,833,916,825
K,905,859,822,776,813,811,887,833,917,825
K,912,858,821,774,814,812,888,833,917,824
K,899,856,819,777,814,812,887,832,916,824
K,910,854,822,777,813,813,886,833,915,823
K,903,855,820,773,812,814,885,832,917,823
K,905,861,823,776,814,811,887,834,916,825
K,906,859,822,777,813,813,887,834,916,824
K,906,860,821,778,818,811,890,827,916,823
K,907,860,822,776,812,812,887,832,917,825
K,906,859,822,775,814,811,888,831,918,824
K,904,858,823,775,812,812,887,834,916,823
K,908,861,823,777,815,813,887,833,922,826
K,906,859,822,776,814,812,886,833,916,824
K,897,858,821,774,815,812,887,832,917,823
K,907,860,822,776,814,812,887,834,918,824
K,904,858,822,777,814,810,885,831,913,821
K,916,857,822,776,813,812,887,831,917,824
K,901,857,821,778,813,811,887,833,915,824
K,906,860,823,776,812,811,888,834,919,825
K,908,864,823,776,811,812,884,836,911,825
K,903,861,822,776,813,811,886,830,915,824
K,903,861,822,774,814,812,888,832,915,825
K,911,865,820,777,813,809,889,832,917,824
K,905,861,821,777,813,811,886,831,915,821
K,907,859,821,776,814,812,886,831,914,825
K,907,861,821,776,815,812,886,833,919,824
K,902,859,820,776,813,812,883,830,920,819
K,907,862,822,777,812,814,884,827,920,827
K,901,857,821,776,814,812,886,832,914,823
K,905,859,821,777,814,812,886,832,912,826
K,910,858,822,777,814,811,887,833,916,823
K,908,858,823,777,815,813,886,830,912,825
K,900,859,823,775,812,812,885,831,917,824
K,899,862,824,772,815,814,888,833,915,825
K,902,859,820,772,810,809,886,838,919,821
K,902,860,822,775,813,812,887,832,916,822
K,906,860,822,776,813,811,886,833,918,822
K,904,862,822,776,814,812,886,832,917,823
K,907,861,821,774,814,813,887,830,914,821
K,905,860,821,776,812,812,886,830,915,823
K,898,857,820,775,811,814,886,831,915,822
K,903,859,823,776,812,812,886,831,917,823
K,903,860,822,774,815,812,885,832,914,823
K,906,859,821,774,813,811,887,833,917,823
K,906,861,822,776,814,812,887,830,918,823
K,905,859,822,777,814,811,886,834,913,824
K,907,859,821,776,814,813,886,833,917,822
K,904,860,823,776,811,811,888,833,918,822
K,907,859,821,777,814,811,889,832,913,823
K,900,858,823,774,814,813,886,830,914,822
K,905,859,821,776,813,811,887,833,916,824
K,905,858,823,775,814,812,888,828,918,823
K,903,861,822,776,814,812,886,832,917,821
K,910,862,824,776,816,810,888,833,917,825
K,905,860,822,776,813,813,889,836,911,821
K,907,860,822,776,814,811,887,832,919,824
K,902,855,823,771,812,811,887,831,916,824
K,911,865,823,778,817,810,887,832,916,822
K,904,859,821,776,813,812,887,833,917,823
K,905,857,823,771,816,812,890,834,915,824
K,908,862,823,773,816,809,887,827,918,822
K,908,861,823,776,815,813,888,836,921,821
K,902,861,822,776,812,812,887,831,915,823
K,904,861,821,780,814,814,890,834,923,823
K,906,860,821,776,812,811,886,832,916,824
K,904,861,822,775,814,812,884,834,919,821
K,906,861,822,777,815,811,886,831,914,822
K,910,858,822,776,813,812,886,832,917,822
K,912,865,824,775,812,812,887,834,914,824
K,905,861,820,777,814,812,887,833,914,823
K,907,859,823,777,814,813,886,832,920,821
K,904,861,822,777,814,812,886,832,916,821
K,906,860,822,776,814,812,885,832,914,822
K,909,862,824,773,813,811,885,833,916,824
K,906,859,823,777,812,809,889,832,915,823
K,910,860,822,776,813,811,888,833,914,823
K,904,859,822,776,814,812,888,833,913,825
K,904,859,822,776,813,811,886,831,917,823
K,906,860,822,776,812,813,887,829,917,827
K,905,860,822,776,813,812,887,835,915,825
K,902,861,822,774,814,812,888,831,918,826
K,907,858,821,777,812,809,885,831,912,819
K,904,860,822,775,814,811,884,831,912,819
K,901,859,822,775,816,811,887,832,915,824
K,908,864,824,775,813,812,887,833,917,823
K,903,860,822,776,811,811,885,829,917,822
K,902,859,821,777,814,812,887,832,917,824
K,905,861,822,776,817,815,886,825,909,820
K,899,861,823,774,815,813,888,833,916,824
K,907,861,822,775,814,812,887,831,917,822
K,907,859,823,776,812,813,885,829,913,824
K,902,861,822,775,811,811,886,833,915,825
K,903,862,824,777,815,812,887,832,915,824
K,906,861,822,776,810,812,885,834,910,822
K,904,859,822,776,815,812,888,833,916,825
K,905,856,824,780,812,811,887,833,916,823
K,906,858,825,777,813,812,887,833,915,823
K,911,864,824,775,814,812,886,832,917,824
K,909,863,821,777,812,811,888,830,914,823
K,904,860,822,777,813,812,887,832,918,824
K,905,861,823,775,812,812,888,830,914,824
K,903,862,823,776,812,811,886,833,919,824
K,905,858,820,778,813,813,889,825,910,821
K,905,863,823,773,816,814,889,830,919,824
K,906,862,823,775,812,810,886,830,916,823
K,910,858,821,776,814,812,887,833,918,822
K,906,861,823,776,814,812,886,830,917,823
K,911,861,822,776,812,810,888,833,918,822
K,908,861,823,776,815,812,888,834,912,821
K,905,861,823,776,814,811,887,832,920,826
K,907,865,821,776,812,812,887,831,916,824
K,908,860,822,778,810,811,884,833,914,824
K,905,863,822,777,814,811,885,833,918,822
K,905,859,822,774,813,812,887,833,915,824
K,902,860,823,776,813,812,886,833,914,823
K,906,861,823,775,814,813,888,829,910,825
K,908,859,822,775,815,810,885,833,914,823
K,906,861,822,775,812,811,886,833,916,824
K,909,862,823,777,814,811,887,833,916,824
K,904,863,823,776,814,810,886,833,916,824
K,903,860,820,778,813,812,888,833,914,823
K,903,862,822,774,813,812,886,829,916,826
K,906,862,822,776,814,812,887,833,918,825
K,904,860,821,775,815,814,885,835,919,823
K,907,860,824,780,811,811,887,832,916,823
K,895,864,819,780,813,812,887,833,916,822
K,901,864,822,774,814,809,886,833,913,824
K,902,861,822,775,814,811,887,832,918,823
K,901,862,822,776,812,814,886,826,922,823
K,909,861,822,774,813,812,886,832,915,824
K,902,861,823,776,811,810,887,834,916,821
K,906,862,822,775,813,813,888,832,918,824
K,905,861,822,775,814,812,886,833,916,821
K,906,861,822,775,813,810,889,833,921,822
K,904,861,821,776,815,812,886,830,914,826
K,904,862,821,777,814,811,887,832,917,823
K,907,862,823,777,814,811,887,830,909,822
K,906,859,822,777,814,810,887,830,918,822
K,904,866,821,777,811,812,884,829,915,824
K,909,859,823,775,813,812,886,832,918,823
K,906,861,822,775,813,812,886,831,915,821
K,902,860,823,776,813,812,887,832,918,825
K,903,864,823,777,812,811,887,830,916,823
K,903,860,822,776,814,812,888,830,917,824
K,906,862,822,777,814,811,885,830,912,823
K,906,863,820,777,811,810,886,830,915,824
K,906,862,822,776,812,811,887,833,917,822
K,903,863,823,777,813,810,886,832,914,822
K,908,860,822,776,813,812,887,831,916,823
K,902,860,820,774,813,809,887,830,916,821
K,904,860,821,776,814,811,887,834,922,824
K,902,860,823,776,812,811,888,833,918,821
K,905,860,825,779,809,811,889,833,916,823
K,905,856,820,775,811,809,887,832,916,823
K,904,860,822,777,812,812,888,833,918,824
K,904,858,822,777,814,812,886,830,916,821
K,903,857,822,777,813,811,884,832,923,818
K,899,861,822,776,814,812,887,831,917,824
K,907,861,822,774,814,812,887,833,914,822
K,907,859,821,776,814,812,886,832,916,824
K,905,860,822,775,813,812,889,837,918,818
K,906,859,821,777,815,812,885,832,913,821
K,903,863,821,778,814,811,888,835,915,824
K,906,859,821,776,813,812,887,831,916,823
K,903,862,823,775,814,812,888,833,915,823
K,910,858,823,774,812,810,887,831,917,823
K,906,859,822,775,813,812,887,831,916,824
K,901,860,821,776,812,811,887,833,918,824
K,906,858,820,777,815,813,887,829,912,825
K,903,863,821,777,814,810,886,832,916,824
K,904,861,822,775,814,811,887,832,917,820
K,905,858,820,778,815,811,885,832,911,821
K,906,859,822,775,812,812,886,831,916,824
K,901,860,822,776,815,810,888,828,919,821
K,900,860,822,776,813,811,887,833,917,823
K,904,857,821,778,813,813,888,831,918,822
K,905,860,821,776,815,812,885,830,922,821
K,906,860,821,775,814,812,887,830,917,824
K,903,859,820,775,811,811,889,836,915,823
K,911,860,822,779,816,814,884,831,917,823
K,902,861,822,778,813,812,886,829,913,821
K,910,864,821,773,816,809,887,831,914,823
K,902,859,822,776,814,811,887,830,917,822
K,898,863,823,779,813,812,887,831,917,822
K,904,858,822,777,813,811,886,834,920,818
K,907,858,821,775,811,812,887,830,914,825
K,901,862,822,775,815,810,887,830,911,820
K,905,860,821,777,814,811,887,833,913,823
K,911,861,824,774,813,811,886,831,916,823
K,911,863,823,778,812,812,887,832,915,823
K,899,858,821,779,815,809,887,834,918,824
K,907,859,821,776,813,812,887,831,916,824
K,905,861,821,776,815,813,882,828,908,824
K,907,863,820,778,812,811,888,831,918,823
K,905,859,822,777,814,813,887,829,918,824
K,903,859,821,775,812,808,883,836,922,822
K,901,858,822,778,814,811,888,833,919,821
K,910,861,821,775,814,812,886,830,916,822
K,907,861,822,778,814,811,887,831,918,819
K,907,859,821,776,811,810,889,830,912,822
K,907,861,821,777,813,812,887,833,914,820
K,907,863,824,774,814,812,886,831,915,822
K,900,855,822,776,813,812,886,832,915,822
K,904,863,823,772,812,814,885,832,914,822
K,907,861,821,776,814,812,887,830,918,823
K,905,859,821,777,814,811,886,830,917,823
K,904,861,825,781,811,814,890,834,919,823
K,907,859,823,777,814,811,886,833,911,821
K,901,859,819,777,812,811,889,831,914,823
K,901,862,822,775,812,812,886,830,917,823
K,908,862,822,778,812,811,889,834,914,819
K,905,861,822,777,813,810,886,833,916,823
K,908,862,821,774,814,811,885,831,914,823
K,906,860,821,777,813,812,886,833,914,825
K,906,861,822,776,813,812,887,832,918,823
K,901,861,823,777,814,812,886,832,912,825
K,907,861,821,776,814,811,887,830,913,823
K,907,861,822,777,813,812,887,831,915,822
K,906,861,823,777,812,808,887,832,908,825
K,904,858,824,774,816,811,885,833,916,824
K,906,862,822,776,812,811,885,837,911,823
K,903,859,822,777,814,811,887,831,914,823
K,905,861,822,776,814,812,886,830,916,823
K,911,855,821,775,814,812,887,831,917,822
K,902,858,823,778,814,813,887,831,917,823
K,904,862,822,776,815,813,886,832,917,822
K,903,859,823,777,813,812,887,832,917,823
K,907,859,821,778,814,812,888,832,918,824
K,909,856,821,776,812,811,886,830,917,823
K,903,860,821,776,813,811,886,832,916,822
K,903,861,823,776,814,810,886,832,917,822
K,907,860,822,775,812,809,889,833,911,818
K,901,861,822,775,814,812,886,831,917,824
K,903,860,821,776,812,810,887,832,918,821
K,904,859,822,776,813,812,887,832,916,822
K,905,861,822,776,814,812,889,830,918,828
K,906,860,821,775,813,811,887,827,918,820
K,902,860,821,776,812,811,887,833,917,824
K,905,862,821,779,813,809,889,832,914,821
K,905,859,821,778,814,812,887,829,920,823
K,907,861,821,776,813,812,887,832,918,821
K,901,859,818,780,811,810,883,833,918,823
K,904,860,821,773,810,809,887,831,916,823
K,906,859,823,777,815,812,884,830,912,823
K,906,858,825,774,813,811,886,830,914,822
K,905,860,823,777,814,812,886,831,917,823
K,900,861,823,777,813,814,886,825,917,824
K,901,860,822,776,814,811,886,831,915,824
K,907,861,822,776,813,811,886,835,918,824
K,903,861,823,775,812,811,887,830,918,825
K,907,858,822,777,813,811,886,831,914,822
K,909,860,820,776,810,810,888,834,917,823
K,905,860,823,777,814,812,887,830,917,823
K,906,861,822,777,814,812,885,833,919,823
K,905,858,822,777,815,811,887,832,916,823
K,905,859,822,777,813,810,886,830,914,823
K,900,862,823,778,817,811,884,832,917,822
K,905,858,822,775,814,811,885,831,920,819
K,901,858,823,777,814,812,886,831,917,821
K,905,859,823,777,813,811,884,832,916,823
K,906,861,821,776,811,811,888,829,914,821
K,903,861,823,776,812,811,888,832,917,823
K,901,863,821,777,812,811,886,831,917,823
K,903,865,822,777,812,812,887,831,917,822
K,905,860,822,776,813,812,887,832,915,823
K,909,864,821,774,812,811,886,831,916,823
K,899,857,821,776,811,811,886,832,916,821
K,903,860,822,777,814,812,886,831,917,821
K,901,860,822,777,813,812,884,834,915,822
K,902,860,820,777,811,814,889,828,913,820
K,908,859,822,778,811,811,884,831,914,820
K,903,860,823,777,813,812,886,830,917,821
K,904,860,820,778,815,813,885,826,922,823
K,902,861,820,778,814,811,886,830,920,821
K,906,859,821,774,812,810,887,832,915,822
K,905,861,823,778,814,812,887,831,917,823
K,906,858,823,778,814,810,885,830,913,825
K,903,859,822,777,812,811,886,831,916,823
K,905,860,823,777,813,811,887,831,919,819
K,901,858,820,779,813,811,887,832,915,822
K,903,861,821,775,815,813,888,830,918,822
K,902,862,821,778,814,810,886,833,914,822
K,907,857,822,773,813,811,889,831,917,824
K,907,861,822,776,814,812,887,832,914,822
K,908,860,823,777,814,811,885,830,916,824
K,903,859,823,777,813,812,886,831,916,823
K,905,861,824,778,812,812,885,830,915,823
K,904,861,822,776,813,812,885,831,914,823
K,903,859,824,776,812,812,887,832,917,822
K,907,861,822,776,814,812,887,833,914,822
K,909,858,821,776,812,811,886,831,915,823
K,906,861,821,777,813,811,886,829,916,822
K,905,860,822,777,813,811,885,829,917,822
K,907,859,822,777,814,811,886,832,913,821
K,904,860,822,777,814,810,887,831,918,825
K,901,862,823,777,812,811,888,832,918,824
K,908,859,822,778,814,811,887,831,916,823
K,903,861,823,778,812,812,887,832,918,823
K,905,858,821,779,812,809,885,830,916,823
K,904,861,822,777,814,811,886,829,916,822
K,903,860,823,778,817,813,885,830,916,826
K,907,862,823,776,814,811,886,832,914,821
K,899,863,821,779,811,809,886,829,915,822
K,907,858,821,776,814,811,888,830,923,826
K,905,861,822,775,814,812,887,829,916,820
K,907,859,821,776,812,812,886,829,914,824
K,904,859,822,777,813,811,886,831,919,822
K,903,860,821,777,814,811,887,833,915,823
K,905,860,822,777,813,811,886,831,915,823
K,905,861,822,775,813,812,887,832,917,823
K,906,862,823,777,812,811,890,834,916,820
K,904,861,822,777,815,813,885,829,914,823
K,905,859,822,778,817,812,887,832,912,825
K,903,860,822,777,813,811,887,832,915,824
K,908,858,823,775,814,811,887,832,917,821
K,905,861,822,777,814,812,887,831,917,824
K,905,860,823,776,813,810,886,831,916,822
K,904,860,822,776,813,811,887,831,918,823
K,908,861,821,776,815,809,886,835,917,825
K,909,861,824,777,812,812,885,830,914,821
K,905,859,823,778,813,811,887,832,916,823
K,905,861,822,775,810,810,887,831,915,822
K,904,861,821,777,813,810,886,833,915,824
K,907,862,823,775,817,812,886,833,913,823
K,903,861,822,776,815,812,886,829,914,822
K,905,861,823,776,813,811,886,831,915,820
K,902,861,822,776,813,812,886,830,913,823
K,906,862,823,777,814,812,886,829,916,821
K,904,859,823,775,812,811,885,832,919,821
K,904,862,822,776,813,811,885,833,919,824
K,906,859,823,778,813,810,888,832,918,823
K,908,863,822,773,809,808,886,835,911,821
K,902,865,821,775,814,812,887,831,914,823
K,905,861,820,777,813,812,886,831,916,819
K,900,863,821,777,816,814,885,831,916,822
K,906,862,822,774,815,813,888,835,912,821
K,904,860,822,776,816,810,886,830,912,823
K,904,861,823,777,811,811,885,830,916,820
