L,893,855,820,740,924,812,896,805,885,805
L,898,857,820,741,923,812,896,805,888,804
L,889,856,819,740,924,812,896,805,887,803
L,898,856,819,738,925,813,896,803,887,803
L,892,853,820,739,924,811,896,805,888,804
L,895,851,819,742,924,812,896,806,888,803
L,893,855,820,741,924,812,896,806,887,803
L,892,856,820,744,926,810,900,804,883,803
L,893,856,820,739,923,811,896,808,888,805
L,893,854,819,740,924,812,896,806,888,801
L,891,855,821,739,921,812,897,805,888,798
L,891,856,821,742,923,811,898,804,883,803
L,891,853,821,741,923,812,895,805,887,801
L,892,855,820,741,922,812,896,806,886,801
L,891,853,820,742,922,811,896,806,885,801
L,886,857,819,742,922,810,896,806,888,799
L,894,857,821,740,919,810,897,806,888,801
L,890,855,820,742,923,811,896,804,887,800
L,889,853,822,743,922,810,897,808,885,802
L,885,854,818,742,925,811,896,806,887,799
L,892,854,821,741,923,811,895,804,888,800
L,888,855,821,741,921,811,896,806,887,802
L,889,854,822,742,924,810,895,805,883,798
L,887,853,822,743,920,812,896,805,887,801
L,892,853,822,743,920,809,896,803,885,798
L,891,853,821,739,922,812,895,800,888,801
L,888,853,821,742,923,811,896,804,888,799
L,888,852,820,744,919,812,897,806,887,800
L,889,855,821,742,922,811,896,804,887,800
L,895,853,820,743,922,811,897,804,888,801
L,891,854,820,742,922,811,896,805,886,802
L,890,853,820,739,919,812,896,804,888,801
L,892,854,821,743,923,810,896,806,888,801
L,885,854,823,743,918,814,893,805,887,800
L,891,853,821,742,921,811,895,805,886,798
L,887,853,822,743,926,815,898,802,883,803
L,890,855,822,739,915,807,897,807,889,801
L,890,854,823,742,919,811,896,806,882,801
L,892,855,820,741,920,811,897,807,884,802
L,895,853,820,745,921,811,896,804,885,800
L,890,853,820,741,921,810,895,806,884,799
L,890,855,822,741,919,810,893,807,890,801
L,883,854,822,743,920,811,896,806,888,799
L,893,853,820,743,917,809,896,807,888,801
L,886,852,821,742,919,810,896,807,889,801
L,891,856,821,746,922,813,897,803,892,799
L,885,855,823,743,920,809,896,806,888,799
L,891,854,820,742,921,811,896,804,885,800
L,893,850,823,740,922,811,894,804,887,800
L,892,855,822,740,922,812,897,803,890,800
L,892,853,822,741,919,811,896,806,885,800
L,890,853,824,741,917,811,897,809,881,799
L,890,854,821,743,918,809,894,803,885,797
L,894,854,824,743,921,810,895,805,888,799
L,889,852,821,741,919,811,896,803,887,800
L,891,854,822,742,921,811,896,799,883,797
L,891,854,821,741,920,810,896,806,884,800
L,895,857,820,741,923,810,897,804,886,799
L,886,855,822,743,920,810,896,803,888,799
L,891,855,822,744,920,809,897,803,887,797
L,885,857,822,745,921,809,895,805,887,800
L,889,855,821,744,920,811,896,806,886,800
L,888,855,821,743,921,811,894,804,885,798
L,887,854,819,741,919,808,894,805,884,797
L,887,853,822,743,920,809,894,805,888,800
L,889,853,824,744,924,813,894,810,888,800
L,890,853,821,744,924,811,897,804,884,801
L,890,857,821,741,923,814,895,804,889,799
L,887,854,821,741,920,809,894,804,888,800
L,891,855,822,744,921,809,895,805,886,800
L,888,853,822,744,922,809,895,804,883,801
L,887,855,822,742,921,811,896,804,889,799
L,889,852,822,744,920,808,895,802,886,796
L,882,854,822,743,922,810,895,804,888,799
L,889,854,822,744,921,811,894,803,886,801
L,890,855,822,742,919,811,896,803,889,798
L,887,853,822,744,918,814,898,809,882,798
L,891,854,823,743,922,811,893,800,882,800
L,888,854,823,743,920,810,895,805,889,798
L,886,854,821,742,919,812,894,800,892,799
L,891,854,821,742,918,808,897,805,886,800
L,886,853,822,743,919,810,896,804,888,798
L,888,853,823,744,919,810,896,803,886,798
L,887,857,823,741,919,809,894,804,889,798
L,887,855,823,744,919,810,894,805,888,798
L,887,855,822,744,919,809,895,804,887,798
L,890,854,822,742,919,810,896,803,888,799
L,891,855,824,746,919,813,897,807,893,801
L,890,854,821,743,919,809,894,803,887,800
L,886,849,822,741,921,812,894,803,886,799
L,889,855,821,744,920,810,895,803,888,799
L,893,854,821,743,920,810,895,804,887,799
L,888,854,821,743,920,810,895,804,886,799
L,889,854,823,743,918,809,895,805,892,802
L,879,850,819,742,918,809,895,804,888,798
L,885,849,822,743,918,809,895,804,889,800
L,886,855,822,743,920,809,895,803,885,798
L,890,854,822,744,917,810,894,804,888,797
L,890,855,822,745,918,810,896,802,887,798
L,887,856,823,744,918,808,895,804,887,799
L,886,852,821,743,922,808,895,805,891,799
L,886,855,822,742,919,810,895,805,885,799
L,885,854,821,744,923,812,896,806,891,801
L,889,854,823,744,920,809,895,804,888,799
L,890,855,821,743,920,810,895,802,888,798
L,888,852,825,743,919,809,893,801,888,799
L,887,851,821,744,920,808,896,805,884,795
L,888,855,822,744,919,810,894,803,893,797
L,888,853,822,745,919,809,893,805,885,798
L,881,853,819,743,918,808,895,803,887,799
L,889,855,823,744,919,809,895,803,887,799
L,887,852,823,745,919,812,892,805,885,799
L,884,851,823,742,919,805,897,806,888,800
L,889,854,822,745,919,810,895,803,886,799
L,887,855,822,745,917,812,894,801,891,794
L,890,855,823,743,916,810,896,806,884,798
L,889,854,820,744,914,809,894,805,886,799
L,890,855,822,743,920,811,896,809,882,795
L,888,855,820,744,919,809,895,802,889,798
L,888,854,823,745,920,810,895,802,886,794
L,885,853,819,749,914,808,895,803,888,798
L,888,854,822,744,917,810,894,803,887,799
L,886,855,823,742,917,812,893,800,886,800
L,889,853,822,744,918,809,895,803,889,799
L,890,852,823,742,916,807,891,806,881,800
L,891,852,823,741,917,808,896,804,889,799
L,887,855,822,743,918,809,895,803,888,799
L,888,853,823,744,917,810,890,803,880,796
L,895,853,822,744,919,809,894,805,888,798
L,886,853,822,744,919,809,894,804,887,802
L,884,855,825,746,919,809,894,803,887,798
L,886,850,819,744,919,809,893,803,886,799
L,888,853,822,740,915,810,894,802,886,798
L,886,853,823,745,920,807,893,804,885,800
L,883,857,821,743,917,810,893,802,889,797
L,886,854,822,745,918,809,895,803,890,800
L,889,853,824,744,919,810,892,807,886,799
L,889,852,823,743,915,809,892,804,887,798
L,893,853,823,744,916,808,894,803,887,798
L,886,855,822,745,915,809,895,804,888,799
L,889,853,823,745,917,809,894,803,888,799
L,889,854,823,744,918,809,894,802,889,802
L,894,854,821,747,917,809,895,803,887,799
L,889,855,824,746,917,810,893,800,885,798
L,889,853,822,744,916,810,893,803,889,799
L,882,850,826,748,922,809,895,802,889,799
L,891,854,821,744,915,809,894,806,887,801
L,886,853,822,745,916,809,895,802,888,796
L,888,853,822,744,917,810,893,803,889,799
L,888,857,824,742,914,810,896,806,889,799
L,889,855,823,745,916,809,892,803,889,798
L,890,855,822,743,915,805,892,803,883,798
L,890,852,823,744,919,810,893,802,887,796
L,890,852,822,745,916,808,895,803,890,799
L,883,851,821,746,915,809,894,804,890,798
L,890,855,823,744,915,808,894,804,887,798
L,889,856,821,744,920,810,896,805,886,797
L,886,857,826,742,914,809,895,801,888,797
L,890,854,823,744,916,808,893,803,885,797
L,889,857,818,743,920,811,895,803,888,798
L,886,853,823,744,917,809,894,804,888,798
L,883,852,823,746,918,807,893,804,890,799
L,890,854,822,744,919,809,895,803,890,798
L,886,855,823,745,917,808,893,803,890,797
L,890,851,823,745,916,809,894,802,886,798
L,888,853,822,744,918,809,895,802,888,799
L,887,853,824,744,916,809,895,802,890,800
L,884,853,824,740,914,809,895,802,889,798
L,890,854,823,745,916,809,893,802,889,798
L,890,856,824,744,916,811,895,804,888,798
L,889,852,823,744,918,809,894,803,889,798
L,886,853,822,745,917,808,894,804,888,797
L,886,853,823,745,917,809,894,803,886,799
L,888,854,824,744,915,811,895,805,886,798
L,890,852,823,746,915,808,893,803,888,797
L,886,851,826,743,919,809,893,804,885,797
L,890,853,821,744,917,807,895,805,890,798
L,891,850,822,747,916,805,896,802,889,799
L,887,853,822,744,917,809,894,802,888,797
L,892,858,820,748,916,809,894,803,888,798
L,891,856,823,744,920,808,892,805,887,797
L,890,852,823,745,917,808,894,801,888,798
L,887,853,823,746,917,808,894,803,887,798
L,888,853,823,743,918,804,898,802,886,796
L,887,853,823,745,916,808,894,802,887,798
L,891,855,821,745,917,808,896,800,884,792
L,893,855,824,743,916,807,892,801,888,798
L,886,854,823,745,917,809,894,803,888,800
L,891,851,824,748,920,809,895,805,891,797
L,881,857,826,745,917,809,894,802,889,798
L,887,854,823,744,915,808,894,801,890,798
L,889,854,823,745,916,809,894,804,889,800
L,883,854,825,743,917,805,894,803,887,797
L,888,852,823,746,915,807,892,802,886,798
L,889,852,823,748,919,806,893,799,893,796
L,890,854,823,746,915,808,894,803,886,796
L,889,856,823,744,917,806,897,805,889,797
L,885,849,823,744,914,809,894,803,886,797
L,889,854,824,745,915,809,894,803,887,800
L,896,854,821,743,920,807,893,803,886,799
L,887,855,824,745,914,809,894,803,889,798
L,890,853,824,746,914,808,894,801,891,796
L,885,849,824,744,917,807,893,801,889,797
L,886,852,824,747,917,806,894,800,888,797
L,890,855,824,745,916,807,894,804,888,799
L,888,854,824,743,916,811,891,801,885,794
L,891,854,823,745,917,807,893,802,887,798
L,889,852,823,746,915,807,894,804,889,797
L,889,852,825,744,918,809,892,801,885,799
L,889,854,824,744,915,808,894,802,887,797
L,892,859,824,746,917,809,892,803,886,798
L,889,856,824,744,914,809,895,802,883,800
L,889,856,823,746,916,808,894,802,888,797
L,887,856,824,745,916,807,893,805,893,796
L,884,853,822,744,915,808,894,802,887,796
L,889,857,824,745,916,808,893,802,886,795
L,896,853,824,743,914,810,894,802,887,797
L,889,855,824,746,915,807,895,803,888,798
L,887,856,823,745,917,809,894,800,889,798
L,888,857,821,744,922,808,893,798,887,798
L,888,857,823,745,917,808,893,801,889,798
L,889,855,824,745,914,805,894,799,886,800
L,885,856,823,745,916,808,893,801,887,796
L,888,856,823,744,916,808,894,801,889,796
L,887,855,823,746,913,809,895,804,887,796
L,890,855,822,746,913,806,892,803,891,798
L,883,854,824,745,916,809,894,802,888,798
L,882,854,822,745,913,807,895,800,885,797
L,894,855,824,746,916,807,893,801,889,796
L,891,856,823,746,914,808,893,806,890,799
L,891,857,820,749,919,807,894,800,889,797
L,889,853,823,744,914,808,892,801,887,798
L,889,856,824,745,916,807,893,801,886,796
L,890,855,824,744,916,810,895,803,892,797
L,886,856,822,746,916,807,893,801,888,798
L,889,856,822,745,916,808,894,801,892,795
L,886,853,822,745,914,809,892,806,888,795
L,890,856,824,744,917,808,893,801,888,796
L,887,853,823,746,914,809,895,798,889,797
L,885,854,822,746,916,809,894,801,887,798
L,890,855,823,745,916,808,893,802,886,799
L,890,855,822,745,916,807,893,801,888,798
L,883,856,826,747,915,808,894,802,888,796
L,889,854,823,745,915,808,894,800,887,798
L,895,850,822,749,922,808,895,803,888,797
L,890,853,822,745,914,807,892,801,890,800
L,882,854,822,743,914,806,894,801,888,797
L,888,855,823,746,915,807,893,800,890,798
L,886,854,824,746,916,808,893,800,887,796
L,890,854,822,745,916,806,892,799,890,798
L,884,856,823,745,915,808,893,802,888,798
L,888,853,823,745,916,808,894,800,887,798
L,888,851,820,746,911,807,894,800,887,798
L,889,853,823,743,915,807,894,800,886,796
L,894,857,823,744,914,808,894,800,888,798
L,889,854,824,746,914,808,893,801,888,798
L,881,857,826,748,916,810,892,801,888,797
L,887,853,823,746,915,808,893,801,887,798
L,888,856,825,747,911,804,895,804,888,795
L,887,855,823,746,916,808,894,802,887,797
L,888,854,822,745,917,808,894,801,889,797
L,890,856,825,746,916,808,894,802,888,795
L,890,856,823,745,915,808,893,797,894,797
L,897,851,826,743,917,807,891,802,886,797
L,890,855,824,747,917,808,893,800,888,796
L,888,853,822,747,918,804,894,802,886,798
L,888,856,823,744,916,807,894,799,888,797
L,892,855,825,750,913,804,892,805,893,799
L,890,855,826,744,915,808,895,802,893,797
L,890,854,823,746,915,807,893,801,888,796
L,889,855,823,743,915,807,894,801,887,797
L,886,854,823,745,914,805,895,800,884,798
L,890,853,823,746,917,807,891,801,887,795
L,889,853,823,745,917,807,894,800,889,798
L,892,857,823,743,914,808,894,802,888,796
L,890,856,824,745,913,806,894,800,887,796
L,892,852,823,742,916,808,894,802,887,797
L,888,857,823,745,916,807,894,802,889,797
L,890,853,824,746,916,808,893,800,891,799
L,892,851,824,747,921,807,894,800,887,796
L,889,856,824,745,917,806,893,800,887,796
L,890,856,822,746,917,807,893,799,889,795
L,889,855,823,745,916,809,894,800,884,799
L,891,854,823,746,915,807,894,800,894,797
L,888,855,824,745,916,808,894,801,888,797
L,887,855,824,745,915,805,892,799,895,792
L,891,859,825,745,915,808,893,801,887,796
L,887,855,822,744,916,807,894,800,887,794
L,888,857,823,744,915,807,894,801,888,795
L,891,855,823,744,916,807,892,801,885,795
L,888,854,824,746,914,808,893,801,890,797
L,887,854,824,744,915,808,893,800,888,797
L,882,854,825,745,919,809,890,800,888,797
L,890,855,824,743,913,805,891,804,892,794
L,886,852,823,745,916,807,893,801,889,797
L,888,854,825,744,916,808,893,802,882,799
L,888,854,824,746,915,808,893,801,889,796
L,888,854,823,746,915,806,893,801,887,796
L,890,855,824,744,913,807,892,801,886,795
L,887,854,823,744,915,807,892,801,885,795
L,889,854,825,746,914,806,893,802,889,797
L,891,854,822,747,921,807,891,802,888,797
L,889,854,823,745,914,806,894,801,887,796
L,893,853,825,747,915,807,893,801,890,797
L,890,854,824,744,915,807,894,800,889,797
L,888,854,825,746,914,806,894,802,889,797
L,889,852,825,745,915,806,893,801,888,797
L,895,857,825,742,917,807,894,800,889,797
L,890,852,825,746,916,804,892,797,884,794
L,884,854,823,745,914,807,893,800,889,797
L,891,854,824,745,916,806,894,802,887,796
L,890,852,824,746,912,807,892,799,888,795
L,887,849,826,744,915,806,894,801,889,796
L,890,855,823,743,915,809,893,799,892,797
L,888,852,823,746,916,807,894,800,888,797
L,888,854,824,746,914,805,894,800,888,797
L,892,854,825,746,916,808,894,800,889,797
L,890,853,823,743,915,806,892,804,891,797
L,890,852,825,744,916,805,894,805,892,795
L,886,854,825,746,914,806,892,800,885,797
L,890,856,825,744,913,807,895,802,891,795
L,888,854,825,746,915,806,893,799,888,798
L,886,854,825,744,913,807,893,799,886,797
L,891,854,825,745,914,805,894,801,887,794
L,897,850,823,746,913,807,893,800,890,795
L,895,854,823,748,913,806,893,797,890,797
L,889,857,823,744,915,807,893,800,890,797
L,891,855,824,745,915,808,893,801,887,797
L,887,854,825,744,918,808,890,806,885,796
L,891,857,825,742,911,808,894,804,891,795
L,891,855,823,745,913,806,892,801,889,796
L,889,855,823,744,917,806,894,800,895,793
L,897,851,824,745,915,806,893,801,888,796
L,891,853,824,744,912,806,894,800,889,795
L,890,853,824,745,912,807,893,804,893,798
L,888,852,824,747,914,806,892,798,890,796
L,888,853,825,745,915,809,894,798,889,794
L,892,855,823,745,915,807,892,799,887,799
L,892,853,824,746,912,807,894,801,889,796
L,891,854,823,745,914,807,894,802,887,794
L,890,855,823,744,914,807,894,802,889,797
L,890,851,823,744,915,808,892,800,891,799
L,894,851,826,745,915,806,892,800,887,795
L,889,852,825,746,913,806,893,800,888,796
L,883,851,825,746,913,806,893,802,888,797
L,891,855,824,746,914,806,893,800,892,795
L,892,856,825,747,916,809,896,799,891,793
L,891,852,823,746,915,807,895,797,884,801
L,890,855,825,746,913,806,894,801,890,794
L,891,850,823,746,913,808,895,803,887,797
L,890,854,822,746,915,807,892,801,891,799
L,890,855,824,746,912,808,894,801,890,797
L,889,854,824,744,914,806,892,801,891,794
L,891,854,824,745,914,807,893,800,887,796
L,891,853,823,745,915,807,893,799,890,796
L,889,853,823,745,913,806,893,801,889,796
L,893,859,825,749,919,810,892,799,888,796
L,889,855,824,746,912,804,895,804,885,797
L,890,854,824,745,914,806,893,801,887,796
L,890,854,824,745,914,807,893,800,887,794
L,890,855,824,746,913,806,891,803,885,798
L,893,856,823,744,913,807,892,801,887,796
L,896,854,825,745,915,807,893,802,888,796
L,885,857,827,744,911,805,895,799,889,797
L,896,858,824,744,914,806,893,799,887,796
L,890,855,825,745,914,806,893,800,889,795
L,892,856,824,745,914,806,893,801,887,795
L,893,853,822,745,910,804,893,798,885,792
L,890,855,824,745,914,807,894,801,890,796
L,891,856,824,745,911,807,894,800,890,796
L,893,855,823,746,915,808,894,800,890,797
L,889,856,823,746,912,807,892,803,884,795
L,890,855,824,746,910,806,893,805,891,798
L,895,859,824,746,913,806,893,802,889,797
L,893,855,824,747,915,807,894,799,892,799
L,888,860,821,741,910,807,893,800,890,795
L,891,857,824,745,914,808,894,801,888,795
L,891,856,824,746,914,806,892,800,887,796
L,890,855,824,746,914,806,893,801,890,797
L,891,854,824,744,914,804,890,797,882,799
L,892,856,825,746,913,807,893,801,887,796
L,890,855,824,747,915,808,893,802,889,797
L,890,857,824,746,913,809,891,805,892,795
L,891,858,824,746,911,804,896,795,893,795
L,891,855,824,745,912,807,894,800,891,798
L,886,862,825,745,911,806,893,800,890,796
L,889,857,824,744,915,806,892,801,886,796
L,892,858,824,747,915,810,894,804,886,792
L,889,857,823,744,913,808,893,799,886,797
L,896,854,826,748,919,805,894,799,887,796
L,892,859,824,746,914,808,892,800,889,795
L,889,862,822,747,910,803,891,805,889,795
L,892,856,823,745,912,806,893,800,889,795
L,888,857,823,747,914,808,892,804,885,797
L,894,858,824,744,914,807,894,800,888,795
L,891,856,824,746,913,807,892,799,890,795
L,894,860,824,744,912,808,894,801,889,796
L,891,858,823,744,914,808,894,800,890,797
L,893,860,826,745,913,805,895,798,890,796
L,891,859,824,746,913,806,893,800,889,798
L,893,856,823,745,915,806,894,802,889,797
L,892,854,824,747,914,806,892,798,883,796
L,891,857,822,748,912,804,890,794,891,794
L,891,856,824,744,912,807,893,801,887,796
L,892,855,824,745,911,808,893,803,893,792
L,898,856,823,745,914,807,893,800,890,796
L,890,854,824,747,915,806,892,798,889,796
L,898,855,822,743,914,807,893,800,887,796
L,892,856,824,745,913,806,893,801,887,795
L,894,857,824,745,912,804,894,801,886,790
L,893,855,824,746,913,807,893,800,889,794
L,888,861,823,744,915,805,892,798,890,795
L,891,856,823,745,913,807,894,800,887,797
L,890,858,825,746,914,806,893,798,892,796
L,893,857,824,746,911,807,892,801,891,795
L,890,856,821,743,916,807,893,796,889,796
L,890,858,823,745,912,807,893,800,887,795
L,895,855,822,744,911,805,891,799,890,800
L,893,857,824,745,913,806,892,800,888,795
L,895,859,823,744,913,806,894,802,891,794
L,891,856,821,745,913,806,893,799,888,794
L,893,858,824,745,913,806,893,800,886,795
L,892,855,824,748,912,803,894,800,889,796
L,893,855,824,747,913,805,893,801,890,797
L,885,856,825,742,913,807,894,800,887,796
L,889,858,825,743,915,808,892,801,890,796
L,895,858,824,744,911,805,891,799,887,796
L,888,856,823,744,913,805,893,802,887,794
L,890,857,824,746,912,807,893,799,887,794
L,892,858,824,741,912,804,889,802,889,797
L,892,857,824,746,913,807,893,800,890,796
L,893,856,824,745,911,804,891,799,896,793
L,896,858,822,746,914,807,892,799,889,795
L,890,856,824,745,914,805,892,799,888,794
L,894,858,824,744,912,806,892,800,890,794
L,896,858,822,744,913,806,893,801,887,795
L,889,852,821,746,913,806,893,799,887,796
L,893,857,822,744,915,808,894,798,886,794
L,893,856,824,746,913,806,893,800,889,795
L,890,853,822,746,916,808,892,801,886,792
L,893,854,823,746,912,807,894,798,889,794
L,892,855,823,746,912,808,892,798,883,795
L,893,855,823,744,912,807,893,800,888,795
L,892,854,823,746,913,805,894,805,891,796
L,891,854,824,746,915,808,892,801,888,790
L,897,851,822,748,910,806,893,799,890,794
L,894,853,823,745,914,806,892,800,888,796
L,893,851,823,746,915,810,892,797,890,796
L,896,855,822,748,913,808,894,801,887,794
L,894,855,822,745,914,807,893,800,889,797
L,894,856,826,746,909,809,893,800,890,796
L,891,853,822,745,913,806,891,798,889,795
L,894,856,825,750,913,804,890,796,883,794
L,893,855,824,746,913,806,893,800,888,795
L,894,853,824,746,914,806,891,801,889,795
L,894,855,823,746,907,810,893,799,884,793
L,891,854,824,744,911,806,892,800,889,794
L,893,854,823,745,913,807,893,800,887,795
L,894,857,824,745,913,806,894,801,890,796
L,892,855,823,745,913,807,893,802,889,794
L,889,853,825,745,911,810,895,800,889,794
L,889,854,822,746,914,807,892,799,887,794
L,890,853,823,747,912,806,893,801,887,791
L,886,851,824,746,914,807,893,799,889,793
L,893,855,823,745,911,807,893,799,889,795
L,894,854,823,745,911,808,893,802,890,792
L,894,856,824,745,911,805,892,799,885,790
L,889,851,821,743,912,805,893,802,890,796
L,891,853,822,745,911,805,893,803,891,793
L,893,852,823,746,911,806,892,799,887,795
L,893,854,824,746,912,806,892,797,885,797
L,889,849,823,746,912,807,893,801,887,794
L,889,852,823,746,911,806,892,799,889,794
L,886,856,824,747,915,806,891,802,890,795
L,890,853,822,746,912,806,894,800,886,795
L,894,853,822,745,914,808,893,802,892,793
L,891,852,823,746,911,806,892,800,886,795
L,893,857,824,746,915,807,892,805,889,795
L,889,857,822,747,913,806,891,800,890,796
L,892,856,824,745,914,808,895,799,889,797
L,892,855,822,746,912,806,893,800,890,794
L,894,852,824,747,911,805,893,801,888,796
L,895,855,823,746,912,806,892,796,893,792
L,895,852,822,746,913,806,893,800,889,795
L,894,855,824,745,913,806,892,800,887,794
L,890,855,824,747,911,805,890,795,894,792
L,885,857,824,745,911,806,893,801,889,794
L,892,854,823,745,913,806,892,800,885,794
L,888,858,821,747,915,806,892,801,889,795
L,895,855,824,742,907,807,894,797,891,796
L,893,854,823,745,912,805,892,800,889,795
L,893,852,823,747,915,809,894,796,892,798
L,892,855,824,746,913,807,893,801,888,793
L,892,853,824,746,911,807,894,800,890,795
L,892,854,824,745,913,806,893,799,887,794
L,893,857,825,743,914,807,893,798,888,794
L,892,853,824,746,911,810,896,799,893,794
L,897,853,823,745,912,807,893,799,889,795
L,892,854,823,744,914,806,894,798,886,794
L,894,855,823,744,911,805,893,801,887,796
L,893,855,823,746,913,805,891,796,886,794
L,888,851,824,746,914,805,893,799,890,795
L,894,853,825,746,913,805,894,799,886,794
L,889,855,823,744,916,804,893,803,887,792
L,897,851,824,747,915,808,892,801,887,796
L,892,855,823,746,912,805,893,799,890,794
L,892,850,826,747,910,806,889,801,894,794
L,892,853,823,746,911,805,891,799,889,793
L,899,855,825,744,913,807,892,801,886,795
L,890,853,823,745,913,807,892,800,887,793
L,894,855,823,746,912,807,893,800,888,795
L,893,852,824,746,914,806,892,796,892,793
L,888,856,823,748,913,806,892,800,889,795
L,893,854,824,746,913,806,893,798,889,797
L,890,856,826,748,908,809,892,799,889,794
L,892,855,824,745,913,807,893,800,889,795
L,894,853,823,745,910,805,892,800,890,794
L,894,853,824,744,912,804,892,802,892,798
L,889,856,823,745,911,806,894,800,889,795
L,894,855,824,746,912,806,892,800,890,796
L,895,855,825,744,912,803,893,804,890,795
L,894,854,823,746,912,806,890,799,889,795
L,892,857,823,747,911,805,893,801,889,795
L,894,854,824,747,910,807,893,799,887,795
L,887,851,824,741,909,806,894,800,889,795
L,893,854,824,745,913,806,892,799,888,793
L,892,855,821,749,916,807,892,802,883,794
L,894,853,823,745,913,806,893,800,889,794
L,891,852,824,746,909,807,894,798,889,796
L,893,854,822,746,911,805,893,800,889,795
L,889,855,823,746,912,808,893,799,890,795
L,892,854,823,745,912,807,893,801,890,797
L,886,855,821,748,912,807,892,801,888,794
L,894,855,824,746,913,807,891,800,889,799
L,893,853,824,744,911,806,893,797,888,792
L,897,854,822,746,915,808,891,801,888,795
L,892,854,823,744,912,807,892,798,888,793
L,895,856,822,748,913,805,893,800,889,794
L,891,854,824,748,916,806,892,800,889,792
L,892,853,822,746,911,806,891,800,888,793
L,892,851,826,747,912,808,891,798,887,795
L,894,854,823,746,912,807,892,800,887,795
L,890,854,825,747,915,806,894,801,886,795
L,891,853,824,744,918,804,894,798,895,794
L,891,851,823,747,913,808,894,798,894,794
L,889,856,822,746,911,805,893,800,888,795
L,893,852,823,746,913,806,890,798,888,794
L,895,855,824,745,913,808,894,798,886,794
L,890,856,825,747,913,805,891,797,893,797
L,897,853,821,745,915,805,892,798,889,794
L,891,853,824,745,913,806,893,800,887,795
L,894,853,825,745,913,809,894,799,884,793
L,896,854,826,745,911,807,890,803,882,793
L,895,854,824,746,912,806,892,799,889,795
L,893,854,823,744,914,805,891,801,887,796
L,893,856,822,744,911,807,892,799,889,794
L,892,855,823,745,912,805,893,798,889,796
L,897,852,822,750,907,806,893,800,889,793
L,896,856,822,746,913,806,892,799,889,794
L,894,854,824,745,911,805,893,798,886,794
L,896,851,825,746,913,808,894,798,890,796
L,891,853,823,746,912,807,892,799,886,794
L,893,854,823,746,911,807,892,798,888,794
L,895,854,824,747,909,804,894,801,887,795
L,894,855,824,745,913,807,892,797,888,793
L,892,854,824,746,911,807,891,800,889,794
L,891,855,823,747,910,806,893,798,890,793
L,894,852,824,745,910,805,892,798,887,793
L,892,854,825,746,912,806,893,799,891,790
L,897,857,822,744,911,806,893,799,887,793
L,894,855,823,746,911,806,892,800,890,795
L,897,854,823,745,910,805,892,796,888,793
L,895,855,824,746,912,807,892,798,889,795
L,896,854,824,746,913,807,893,798,889,792
L,890,854,822,746,907,801,891,802,887,791
L,898,858,824,748,912,806,893,800,889,794
L,895,854,824,745,913,806,893,798,890,795
L,886,858,821,750,908,808,892,798,890,794
L,894,855,824,746,912,807,892,800,888,793
L,893,856,824,746,914,810,895,796,884,793
L,893,853,824,745,912,806,891,798,889,794
L,895,854,824,745,912,805,892,801,894,790
L,890,850,826,746,913,806,893,800,887,794
L,892,854,825,746,910,806,893,799,888,793
L,900,854,826,749,907,802,892,799,888,794
L,894,858,826,742,909,806,892,799,888,794
L,894,852,823,744,910,808,894,800,886,797
L,893,854,823,746,913,805,892,799,889,793
L,892,854,824,745,910,806,892,800,889,794
L,891,855,824,746,912,805,893,798,889,795
L,896,854,824,746,910,806,893,801,890,795
L,892,853,823,747,912,806,894,803,892,795
L,891,853,823,745,912,806,893,800,889,793
L,893,855,824,745,911,806,893,800,887,797
L,902,855,826,743,915,805,893,800,887,792
L,894,854,824,744,911,806,893,799,888,795
L,891,854,824,745,911,806,894,797,892,792
L,893,859,827,745,913,806,893,800,889,794
L,895,855,824,743,912,807,893,801,890,796
L,890,849,825,744,918,807,893,799,888,793
L,893,852,824,747,913,806,894,801,890,795
L,890,855,822,746,909,807,894,798,885,795
L,896,855,823,743,913,807,894,800,891,791
L,889,855,824,747,913,806,891,800,888,793
L,894,856,825,747,915,809,889,803,893,790
L,896,855,823,744,912,805,893,798,888,797
L,887,856,824,741,917,806,893,799,889,794
L,899,856,822,742,913,805,893,798,889,795
L,895,854,823,746,911,806,892,799,888,795
L,894,854,823,744,911,806,893,799,889,793
L,895,855,823,744,910,807,892,800,889,794
L,896,855,822,747,911,805,894,803,889,795
L,893,855,824,745,911,806,892,799,888,794
L,894,853,824,745,910,805,894,800,890,795
L,891,853,824,745,913,806,892,800,886,793
L,894,853,822,743,911,806,894,796,890,797
L,888,854,823,745,911,806,892,800,888,794
L,895,855,824,745,911,806,893,797,887,790
L,893,856,824,746,913,806,892,801,894,795
L,895,853,823,746,913,806,893,800,890,794
L,891,858,823,746,913,809,896,800,893,794
L,892,853,825,746,912,806,893,799,887,795
L,887,853,825,746,911,809,892,799,889,793
L,893,852,824,746,912,808,892,797,890,793
L,897,855,824,746,910,806,893,800,889,794
L,893,853,823,742,915,808,888,801,892,794
L,895,855,824,744,912,806,892,796,892,796
L,896,852,826,745,914,807,893,797,889,792
L,894,855,823,746,915,805,893,800,892,797
L,895,853,823,747,910,805,893,797,892,797
L,896,855,823,744,913,806,894,802,887,793
L,894,853,824,747,912,806,892,798,886,794
L,890,856,822,744,910,808,891,798,887,794
L,892,858,824,744,910,807,892,798,889,793
L,893,852,824,746,912,807,892,798,891,793
L,887,850,824,747,911,807,893,800,890,793
L,895,850,821,746,912,808,892,799,890,795
L,892,855,824,746,912,807,892,801,892,797
L,895,855,824,747,909,806,890,800,889,794
L,892,855,823,746,911,806,892,800,888,793
L,895,854,824,744,912,807,893,801,887,797
L,894,854,823,745,910,806,890,801,895,795
L,894,853,822,746,914,807,892,798,888,792
L,898,856,825,744,909,805,891,800,888,793
L,895,854,824,746,911,806,893,799,888,792
L,895,855,827,748,909,806,893,799,889,794
L,893,854,824,744,909,807,895,800,886,795
L,885,854,825,745,911,807,893,800,890,794
L,894,853,824,746,912,805,891,800,888,793
L,895,854,824,746,911,807,891,802,889,797
L,890,853,824,746,913,807,892,799,888,792
L,896,853,824,747,912,806,891,798,892,791
L,898,853,823,746,912,805,893,799,889,794
L,895,854,824,744,912,807,893,800,886,794
L,892,852,823,746,911,806,891,799,885,791
L,894,855,824,744,912,805,892,800,887,795
L,892,856,822,744,914,808,892,797,889,793
L,892,854,825,746,912,805,893,799,889,795
L,893,856,824,746,912,806,890,803,891,793
L,892,856,822,747,911,806,892,798,888,793
L,895,854,824,746,912,807,893,800,889,793
L,892,855,824,742,917,808,893,800,895,794
L,893,852,825,747,912,805,890,798,892,794
L,892,855,826,748,910,806,892,799,887,794
L,893,854,823,746,910,808,894,801,890,798
L,889,854,824,745,910,805,891,798,888,794
L,890,855,824,746,910,806,892,797,888,791
L,888,856,826,747,910,806,890,799,888,794
L,894,854,824,746,911,806,891,801,890,794
L,899,856,823,744,914,807,891,799,890,794
L,894,851,824,746,912,806,891,799,886,794
L,891,854,824,745,911,808,896,794,888,790
L,895,853,824,746,912,806,892,799,889,794
L,893,853,824,745,911,807,891,805,893,790
L,894,856,823,746,910,807,891,800,888,794
L,892,855,823,745,911,805,892,798,890,794
L,894,853,824,746,915,808,894,794,888,792
L,892,852,824,746,912,807,892,799,890,794
L,895,854,824,746,912,806,892,804,885,795
L,900,853,825,746,911,806,892,798,889,793
L,892,859,826,748,911,808,893,804,889,793
L,901,854,823,746,912,806,893,800,886,794
L,894,855,824,746,911,807,892,800,886,796
L,897,855,825,745,915,806,892,798,886,793
L,894,855,823,745,912,805,891,799,888,794
L,895,853,825,741,909,803,893,802,888,795
L,896,855,823,745,913,804,893,802,887,797
L,893,853,825,746,911,806,891,799,889,793
L,893,854,822,745,911,806,891,799,887,794
L,893,854,825,746,912,806,892,799,889,794
L,895,854,824,746,913,807,892,800,888,793
L,891,853,824,745,911,806,893,800,888,794
L,892,853,825,747,912,807,893,800,889,791
L,894,857,823,745,911,808,892,798,889,793
L,894,854,823,744,911,805,893,800,887,794
L,894,853,824,746,910,806,893,798,888,795
L,894,858,824,747,906,808,892,799,888,794
L,895,855,823,746,913,808,892,801,892,796
L,895,855,824,746,912,805,892,799,888,793
L,894,853,825,746,912,806,891,799,890,794
L,894,852,825,745,912,806,893,798,890,790
L,891,856,826,746,915,806,891,804,892,796
L,895,856,824,745,911,806,893,800,886,793
L,894,854,824,745,912,804,891,795,884,793
L,888,852,825,744,910,805,892,800,889,793
L,893,856,825,746,910,805,892,800,889,792
L,890,851,825,742,909,806,892,799,888,794
L,894,853,824,746,911,806,893,798,888,793
L,895,855,824,745,916,804,891,797,889,794
L,892,849,820,742,906,802,896,799,888,795
L,895,854,825,746,913,806,890,799,891,792
L,894,855,824,746,911,805,892,799,888,794
L,891,855,824,747,908,804,894,801,895,796
L,893,854,823,745,913,805,891,802,893,790
L,890,856,823,746,911,805,891,800,887,794
L,894,854,823,744,912,806,893,800,889,794
L,892,853,824,748,909,806,896,799,896,792
L,896,854,823,746,913,807,892,797,889,794
L,894,855,824,745,910,806,892,799,889,794
L,892,850,825,747,912,806,894,801,889,792
L,891,853,824,745,910,806,892,800,887,794
L,896,854,822,745,914,803,891,802,884,792
L,895,857,826,744,914,805,893,797,892,792
L,896,856,825,746,910,807,894,803,884,791
L,896,856,826,747,911,807,891,800,887,794
L,895,853,824,747,912,805,892,799,888,794
L,894,856,824,746,909,805,895,797,892,793
L,892,854,825,746,912,806,892,799,890,794
L,896,853,824,744,912,805,891,797,894,796
L,888,853,822,746,911,806,892,799,888,795
L,894,854,825,745,912,807,892,797,890,795
L,896,851,822,748,916,803,893,799,888,794
L,894,852,824,745,910,805,891,798,888,794
L,895,853,823,744,913,807,893,799,884,794
L,895,854,824,746,909,806,891,798,888,794
L,892,853,823,745,912,803,894,798,889,795
L,894,854,823,745,913,808,890,795,889,798
L,895,853,824,745,911,806,892,799,890,795
L,892,857,826,744,911,806,891,799,889,795
L,895,853,824,745,910,806,891,798,887,795
L,896,850,827,742,912,809,892,799,889,798
L,895,855,824,746,912,806,892,799,889,798
L,891,853,826,746,909,807,888,795,885,796
L,893,855,823,745,910,806,892,800,887,796
L,891,855,825,747,911,807,890,801,884,793
L,893,857,822,748,908,808,893,801,890,797
L,897,854,823,743,913,804,891,802,890,798
L,892,854,822,748,913,806,892,804,886,799
L,894,854,824,746,912,806,892,800,888,796
L,892,854,826,745,909,807,891,798,888,796
L,895,851,825,745,909,804,893,800,885,793
L,898,849,824,744,910,807,892,800,886,795
L,895,855,824,744,911,805,893,800,888,793
L,892,856,827,742,906,806,891,800,889,793
L,888,853,827,749,909,807,892,799,887,794
L,895,855,824,745,911,806,891,800,886,793
L,893,853,824,746,910,806,891,798,887,796
L,896,855,825,746,912,803,894,796,889,790
L,895,855,824,745,910,806,891,799,888,796
L,895,853,823,749,911,802,888,795,892,797
L,893,855,824,746,910,806,892,799,890,795
L,893,855,824,745,910,806,893,796,888,797
L,894,854,824,745,910,803,890,799,885,797
L,895,855,824,746,910,805,892,800,884,793
L,899,852,826,744,912,807,892,800,889,795
L,886,859,825,743,913,805,891,800,889,795
L,898,857,824,744,906,805,891,798,892,795
L,889,854,822,744,910,806,892,800,887,794
L,892,857,824,743,911,806,891,800,889,795
L,894,856,824,746,910,807,893,800,890,796
L,891,853,824,747,913,806,891,798,891,795
L,895,853,823,745,912,806,893,798,886,796
L,892,856,823,744,911,806,890,801,893,799
L,900,853,825,745,910,806,892,798,887,796
L,895,854,824,746,910,805,892,800,888,796
L,894,855,824,744,911,806,892,797,890,792
L,898,858,823,746,911,806,892,799,890,796
L,895,855,826,745,908,807,891,797,885,795
L,893,855,824,744,911,806,892,799,888,795
L,896,854,824,747,912,807,893,799,891,795
L,893,853,824,745,911,806,892,799,890,796
L,895,854,825,745,912,806,891,799,888,795
L,900,856,824,743,911,802,894,799,889,796
L,897,855,823,743,909,806,890,797,885,797
L,892,853,824,746,911,806,891,799,887,794
L,895,855,824,745,911,806,892,795,892,793
L,902,850,825,745,910,806,891,799,888,796
L,894,852,824,747,913,804,892,797,888,794
L,899,852,823,745,912,806,892,800,889,797
L,899,856,823,743,911,804,893,797,889,795
L,893,852,825,747,908,802,894,797,895,793
L,894,854,824,745,910,806,892,797,888,796
L,893,855,825,747,912,805,891,800,888,798
L,895,852,824,748,907,804,893,799,890,797
L,894,855,824,746,911,806,892,800,888,796
L,894,853,824,749,908,803,893,804,891,801
L,892,853,823,745,911,806,892,798,889,795
L,894,853,824,746,912,806,893,802,881,793
L,899,855,822,745,911,806,892,799,886,796
L,893,855,824,746,911,806,891,800,888,794
L,890,851,825,748,909,802,892,798,889,796
L,893,854,824,745,910,806,892,798,888,796
L,897,857,825,749,910,804,894,796,890,796
L,895,855,824,745,910,805,892,799,887,796
L,896,853,825,746,912,807,890,797,887,794
L,895,854,824,745,910,805,892,796,889,794
L,895,855,826,748,912,803,892,803,890,795
L,892,855,825,744,909,806,894,800,892,798
L,894,855,825,747,912,806,894,795,881,793
L,894,853,823,747,912,805,891,799,885,794
L,902,857,821,742,915,807,892,798,888,795
L,895,853,824,745,911,806,892,799,889,794
L,887,852,824,746,911,806,892,800,889,794
L,895,855,822,747,914,806,890,798,886,796
L,896,856,823,746,905,806,894,800,888,795
L,894,854,824,745,910,805,890,800,888,795
L,891,853,823,746,912,806,891,799,888,796
L,894,854,824,746,912,806,891,798,887,794
L,895,852,826,749,909,805,890,802,888,796
L,891,854,824,746,911,806,892,799,887,795
L,898,854,823,746,911,805,890,798,889,794
L,896,852,825,747,910,807,893,799,889,797
L,894,850,826,743,913,807,890,799,888,794
L,892,856,825,745,910,806,891,800,887,794
L,896,856,821,746,911,806,891,799,888,793
L,894,855,825,745,909,806,891,801,886,795
L,897,852,822,747,908,803,891,799,887,794
L,895,856,825,747,914,805,890,797,885,797
L,895,852,823,746,911,805,891,799,888,794
L,895,854,825,746,911,805,891,798,888,793
L,891,852,824,744,916,804,892,796,892,795
L,891,853,823,745,911,805,891,796,887,793
L,892,854,824,746,910,806,891,798,888,795
L,895,854,824,744,911,805,892,800,887,796
L,893,851,824,750,906,808,889,798,883,799
L,894,855,824,744,910,807,892,799,890,795
L,891,855,824,746,911,807,891,800,889,793
L,895,854,823,745,910,807,892,798,890,796
L,902,857,825,742,909,807,894,799,889,795
L,894,857,823,745,909,807,891,798,889,795
L,892,853,825,745,910,807,891,800,892,795
L,894,851,827,748,909,805,891,799,887,796
L,894,855,824,746,911,806,893,799,887,795
L,893,853,826,742,904,807,894,798,888,795
L,894,855,824,745,911,805,892,799,888,794
L,892,855,825,746,905,806,891,805,887,791
L,896,855,824,746,910,806,892,798,888,796
L,892,855,823,743,911,805,892,800,889,794
L,892,853,824,746,911,806,893,803,892,799
L,895,855,824,745,912,805,892,798,884,790
L,894,855,824,744,910,807,893,798,890,798
L,898,851,827,741,914,802,891,799,889,794
L,895,855,825,746,911,806,892,799,890,795
L,895,851,824,746,912,806,893,798,888,793
L,893,855,823,745,911,806,892,799,887,796
L,895,854,824,746,910,806,892,799,889,794
L,891,855,823,745,909,805,892,799,887,795
L,894,855,823,746,910,805,892,800,889,796
L,896,853,823,745,911,806,892,799,888,797
L,894,854,824,745,910,806,891,798,889,795
L,893,855,824,745,911,803,892,798,889,799
L,898,853,822,742,912,810,892,799,887,794
L,895,853,824,746,911,805,892,800,887,794
L,889,857,823,747,910,807,892,798,887,793
L,893,855,824,746,910,806,892,800,889,792
L,897,854,826,747,911,807,891,800,889,793
L,895,853,824,746,909,806,892,797,890,795
L,893,854,824,745,910,805,891,800,887,792
L,898,856,825,745,910,805,892,798,890,794
L,896,853,823,747,909,804,891,798,891,793
L,890,857,824,743,909,808,892,797,889,793
L,894,856,824,747,911,804,892,797,887,792
L,898,856,823,746,910,806,892,799,889,793
L,898,854,824,745,910,806,893,800,888,794
L,893,854,824,745,911,805,892,796,884,794
L,893,854,824,745,912,807,892,797,889,792
L,897,852,826,743,913,804,893,800,888,793
L,893,854,823,744,910,806,891,799,887,794
L,895,854,823,741,905,804,892,796,894,795
L,893,855,824,745,909,806,891,798,889,795
L,896,856,823,744,910,803,892,798,889,793
L,887,850,825,745,912,806,892,799,888,794
L,895,853,823,746,910,806,892,798,889,794
L,894,853,824,744,911,806,891,799,888,794
L,892,855,824,746,910,806,890,801,892,796
L,897,858,826,743,912,806,891,800,889,794
L,894,854,824,746,910,805,892,800,886,792
L,892,854,823,742,913,806,892,799,889,794
L,894,854,824,744,909,806,892,799,889,793
L,895,855,822,746,914,807,893,798,883,793
L,895,851,822,748,913,808,893,799,885,792
L,895,853,824,746,911,806,891,799,888,794
L,894,854,823,746,909,805,891,797,888,794
L,898,856,825,746,912,806,892,799,889,794
L,895,855,821,744,907,805,891,799,886,791
L,891,858,825,746,914,805,891,799,886,794
L,891,855,825,746,908,805,891,800,886,794
L,892,853,824,746,910,804,889,796,894,796
L,888,853,824,745,910,805,893,797,890,794
L,893,854,825,746,909,805,893,799,889,793
L,895,854,824,746,911,806,890,798,886,794
L,896,855,825,747,910,805,891,797,889,793
L,891,855,823,746,910,806,889,798,886,795
L,896,854,824,744,911,806,893,799,890,794
L,896,853,824,747,911,804,893,796,890,795
L,893,854,824,746,911,805,890,799,889,795
L,892,854,823,744,911,806,892,800,890,792
L,895,853,825,745,909,804,890,800,887,795
L,895,853,823,745,909,804,894,801,887,797
L,893,855,825,746,912,806,893,799,893,791
L,902,853,824,746,910,805,890,798,888,792
L,892,853,825,746,910,806,892,798,893,790
L,896,856,824,749,906,805,891,799,887,792
L,894,854,824,745,908,805,892,800,891,793
L,891,848,825,749,912,807,892,798,886,794
L,895,855,824,745,910,805,892,800,891,794
L,894,856,824,746,908,805,891,797,883,796
L,895,855,824,745,909,805,892,799,888,794
L,896,853,823,746,912,806,889,801,883,789
L,893,860,823,745,911,805,891,798,889,793
L,894,856,825,744,912,806,892,800,886,794
L,891,855,825,744,908,805,889,797,891,791
L,902,852,825,746,911,806,891,799,890,793
L,896,853,825,746,910,806,890,801,891,794
L,890,850,824,744,909,806,892,799,889,794
L,893,855,825,746,910,805,892,799,888,794
L,898,853,824,746,909,804,893,800,889,793
L,904,853,820,747,905,809,892,799,889,794
L,897,856,825,748,909,808,891,799,886,792
L,892,855,825,746,910,805,891,799,887,794
L,893,853,827,743,913,805,894,800,888,793
L,894,855,825,746,911,805,891,797,887,792
L,893,854,824,745,906,807,893,798,884,793
L,891,850,824,745,910,805,892,799,888,794
L,894,854,824,745,912,806,893,798,889,794
L,895,854,823,746,910,805,892,802,886,794
L,895,857,827,743,909,804,892,799,889,794
L,891,856,821,745,905,803,889,798,889,793
L,893,855,825,745,911,806,892,799,887,793
L,895,852,822,745,913,808,892,798,893,793
L,893,855,822,746,909,806,891,798,888,794
L,896,858,822,746,910,808,894,794,888,794
L,896,856,824,744,909,806,893,796,887,792
L,888,850,823,744,907,807,891,798,889,794
L,894,854,824,745,910,805,891,798,888,794
L,895,855,824,746,911,806,890,798,888,797
L,895,853,824,745,911,806,889,799,888,794
L,896,849,824,745,910,805,891,798,890,794
L,894,854,825,747,910,807,891,797,885,791
L,895,857,821,743,905,805,892,800,887,794
L,895,853,823,746,912,808,894,796,893,792
L,893,857,824,745,911,804,891,799,890,793
L,896,854,822,745,912,805,892,799,888,790
L,896,850,823,749,911,803,893,798,889,793
L,894,854,825,745,910,806,891,799,890,793
L,900,856,823,744,910,805,889,800,887,793
L,892,855,825,746,910,806,892,801,887,795
L,894,851,822,749,912,805,892,798,886,794
L,896,855,824,746,911,805,891,800,888,795
L,893,856,825,746,908,807,890,797,891,792
L,899,856,824,746,911,806,891,798,889,793
L,894,853,824,745,911,806,891,798,891,795
L,894,853,824,746,910,806,892,799,890,794
L,896,854,826,745,912,804,893,797,890,794
L,895,854,824,746,910,806,892,800,888,793
L,894,853,824,742,911,805,893,802,883,794
L,894,853,824,745,909,805,891,799,887,795
L,895,855,825,744,910,805,891,798,889,795
L,901,851,824,747,909,805,892,800,888,794
L,893,853,825,746,909,807,889,801,885,797
L,891,856,825,745,910,805,891,798,889,792
L,894,855,824,746,910,805,890,801,887,796
L,890,854,822,747,910,805,892,797,888,793
L,895,854,823,746,910,805,892,799,887,795
L,893,853,824,747,907,803,893,797,886,793
L,898,849,828,748,906,808,892,799,890,793
L,894,853,823,744,909,803,894,797,890,792
L,892,853,824,746,910,806,891,798,887,793
L,894,854,824,745,911,806,892,797,889,792
L,898,854,825,744,908,807,892,796,888,794
L,895,853,824,744,909,806,892,799,889,795
L,893,853,823,744,912,807,893,801,892,797
L,894,853,824,745,911,804,892,799,886,795
L,892,855,826,743,910,806,891,799,890,794
L,892,853,826,744,909,803,892,797,890,794
L,892,851,825,746,910,806,892,798,889,794
L,895,857,826,745,908,808,891,799,889,794
L,895,853,825,746,910,805,892,799,886,793
L,896,856,823,744,907,805,894,796,887,793
L,895,855,824,742,908,803,890,797,888,793
L,896,853,824,746,910,806,892,800,889,794
L,894,856,825,745,910,803,891,798,888,792
L,894,853,823,745,911,805,892,799,886,792
L,894,855,823,744,909,805,892,799,889,793
L,895,854,825,746,910,805,891,798,887,794
L,889,851,824,743,910,807,890,797,889,793
L,895,855,823,746,911,805,892,798,886,796
L,896,850,822,742,913,804,891,799,889,793
L,894,852,823,744,910,805,891,798,888,794
L,893,852,825,746,912,807,889,800,889,794
