S,926,898,946,842,915,811,887,800,901,784
S,925,897,946,841,914,814,888,798,902,783
S,928,896,946,842,915,813,888,798,902,782
S,925,898,946,842,914,813,888,798,901,783
S,927,898,944,844,914,811,888,799,901,782
S,926,895,947,843,912,814,889,799,902,783
S,926,898,946,844,916,812,886,799,901,779
S,927,896,945,842,914,814,888,798,904,784
S,925,897,945,840,914,813,888,798,902,782
S,933,893,947,844,911,813,887,799,902,782
S,925,895,946,842,914,813,887,800,902,782
S,925,897,945,842,915,813,888,799,899,780
S,924,895,947,842,914,814,887,799,900,785
S,920,892,943,842,913,812,888,799,903,783
S,927,896,945,840,916,812,889,801,903,782
S,928,893,949,842,914,813,888,800,902,781
S,926,896,945,841,913,812,887,799,903,782
S,924,896,944,841,913,813,885,801,901,782
S,930,896,947,842,911,812,888,800,902,782
S,927,894,946,841,912,814,889,800,904,784
S,926,894,942,843,909,811,889,795,898,781
S,926,893,945,841,912,813,889,800,902,783
S,919,901,948,840,912,814,888,799,902,781
S,926,897,947,842,911,813,888,800,903,784
S,932,893,947,843,917,812,888,800,903,782
S,926,896,945,841,913,814,888,800,900,782
S,931,896,946,841,912,812,887,803,894,780
S,930,894,944,843,914,812,887,797,899,784
S,925,895,947,844,916,814,886,802,903,783
S,926,895,946,842,913,813,888,799,900,782
S,926,897,945,841,912,813,888,800,901,780
S,925,896,946,842,913,813,888,798,902,782
S,925,895,946,840,911,813,885,797,897,779
S,923,894,947,841,910,812,885,802,905,780
S,924,895,943,842,910,812,887,799,900,784
S,923,895,943,842,913,812,888,799,903,783
S,924,896,945,842,913,813,888,799,900,783
S,925,893,946,843,914,815,889,798,901,781
S,925,895,945,841,912,812,888,800,901,783
S,929,898,945,843,909,815,887,798,901,781
S,926,893,947,843,913,813,887,799,903,783
S,925,902,947,843,915,813,885,797,899,782
S,927,894,945,842,914,813,888,800,902,781
S,924,893,945,842,911,812,889,800,902,782
S,927,898,945,842,908,815,888,800,902,783
S,926,895,946,841,912,813,888,800,900,782
S,925,895,944,840,913,813,888,799,903,781
S,923,896,946,842,911,812,885,800,907,780
S,924,893,947,839,913,814,889,802,904,781
S,926,896,945,841,914,813,889,799,906,786
S,926,896,945,842,912,813,888,799,903,783
S,925,894,945,840,911,813,887,799,900,781
S,933,890,943,840,915,813,888,798,901,782
S,925,894,945,841,911,812,888,799,902,783
S,931,899,945,842,911,813,888,799,901,783
S,923,894,945,844,906,815,888,800,902,782
S,921,896,946,842,911,812,888,800,902,783
S,925,896,944,842,911,813,888,798,901,782
S,926,891,946,840,919,809,886,799,904,783
S,928,892,943,841,909,812,886,801,902,783
S,925,896,945,841,910,812,886,798,903,783
S,924,893,946,841,910,814,888,798,903,782
S,926,897,945,841,914,812,889,801,899,782
S,928,897,945,842,911,811,888,798,903,782
S,926,896,945,841,912,813,887,801,903,780
S,927,896,945,842,912,813,887,800,901,782
S,925,895,946,839,912,813,887,800,905,784
S,925,895,944,842,911,811,887,799,903,783
S,924,898,943,839,913,812,887,800,903,783
S,926,893,944,839,910,811,889,799,907,782
S,926,896,944,842,912,812,888,799,902,782
S,926,896,946,843,912,813,885,798,901,783
S,929,898,946,839,916,815,888,799,903,781
S,924,897,945,841,914,812,890,798,906,781
S,923,897,944,840,910,813,888,798,904,781
S,928,895,945,841,913,812,888,797,897,782
S,925,897,945,840,916,814,891,794,899,781
S,928,896,944,842,913,814,888,798,902,782
S,928,896,944,841,913,813,886,801,897,785
S,926,896,946,842,910,813,888,800,902,784
S,931,890,948,845,910,816,887,800,899,783
S,927,896,945,840,913,812,888,800,903,782
S,930,893,945,841,914,812,887,797,904,780
S,932,896,944,844,912,813,888,798,903,782
S,928,894,946,841,911,813,887,799,902,784
S,927,896,946,842,913,812,887,798,901,781
S,929,897,946,841,913,811,885,797,900,780
S,925,896,944,840,912,812,888,798,903,782
S,927,894,945,841,909,812,890,803,895,782
S,926,896,944,842,909,813,888,801,898,786
S,932,892,947,843,910,814,889,801,902,781
S,928,896,945,842,908,814,886,799,904,785
S,927,897,945,839,913,813,888,800,898,781
S,925,896,946,842,909,813,887,800,896,777
S,926,896,944,842,913,813,888,798,903,781
S,932,900,942,845,915,811,887,801,901,782
S,922,891,944,843,918,813,886,798,902,782
S,925,897,947,843,905,810,888,799,902,782
S,926,897,946,842,914,812,887,797,902,780
S,927,894,943,840,911,811,890,799,902,782
S,925,894,945,842,912,812,888,800,900,782
S,930,889,946,841,910,813,889,800,902,781
S,925,896,944,842,911,814,885,801,896,778
S,926,894,943,841,913,813,887,798,905,782
S,930,895,943,841,907,813,888,798,900,783
S,925,894,944,842,910,811,887,798,901,781
S,927,896,945,841,912,812,887,797,901,783
S,927,894,945,842,913,813,888,800,904,783
S,927,895,944,841,911,813,888,798,902,780
S,924,893,946,842,910,812,888,800,901,781
S,925,895,946,842,910,812,888,798,896,783
S,925,896,946,842,912,812,888,800,902,781
S,928,895,943,841,910,812,885,801,904,783
S,931,894,944,843,907,811,884,799,903,781
S,924,894,946,839,911,814,888,799,903,778
S,924,896,945,840,912,811,887,800,899,781
S,925,895,946,841,911,812,888,797,898,784
S,926,894,945,841,911,812,888,799,902,782
S,921,895,942,841,909,813,888,798,902,781
S,928,895,944,840,912,812,889,799,902,781
S,935,891,946,840,912,812,888,800,900,782
S,928,893,946,841,912,813,888,800,904,778
S,923,895,946,841,911,812,887,800,902,783
S,929,897,944,842,908,812,888,797,896,779
S,927,895,944,841,911,813,888,799,902,782
S,926,898,943,842,915,811,890,800,902,785
S,925,896,944,841,913,813,888,800,899,782
S,932,896,946,841,912,812,888,798,902,783
S,926,895,944,841,913,812,888,800,901,782
S,924,894,946,841,912,811,889,801,901,781
S,926,895,945,841,911,810,891,797,901,780
S,926,897,945,840,910,813,889,799,904,783
S,925,895,947,836,908,814,888,799,900,782
S,923,892,944,842,913,811,887,798,901,781
S,926,896,944,841,912,812,888,796,909,785
S,918,899,942,843,910,812,887,799,902,780
S,925,897,945,841,911,812,888,799,900,782
S,927,896,944,841,912,811,887,799,900,781
S,924,897,945,841,909,813,886,803,906,783
S,917,895,945,841,912,812,886,799,902,782
S,925,894,945,841,912,812,887,799,899,781
S,927,896,944,840,912,813,887,798,902,781
S,925,897,945,841,912,811,888,801,902,778
S,923,896,944,840,909,813,887,800,899,785
S,926,897,945,842,912,812,888,797,900,780
S,926,896,945,841,913,812,889,799,906,779
S,924,897,944,840,911,811,888,798,902,783
S,924,897,944,841,911,813,887,799,905,786
S,927,896,943,838,912,813,888,797,902,782
S,924,897,946,844,910,811,890,796,901,781
S,927,896,945,841,913,813,888,799,902,781
S,924,895,944,839,911,810,887,800,899,780
S,922,898,947,837,914,809,888,799,903,782
S,926,896,944,841,911,813,887,800,900,782
S,923,896,946,840,913,813,887,798,902,781
S,927,898,945,840,912,812,887,796,902,778
S,925,895,942,838,910,812,886,797,904,781
S,923,897,945,840,913,812,887,795,895,782
S,918,896,945,841,913,813,887,800,901,783
S,920,897,944,840,911,813,888,800,901,783
S,928,898,944,840,915,811,888,800,902,782
S,923,896,943,841,913,812,889,799,903,782
S,928,902,945,841,912,812,887,798,902,783
S,925,897,945,840,911,812,887,799,902,781
S,927,893,944,843,914,810,886,798,903,782
S,922,897,944,839,911,812,887,799,900,782
S,924,895,945,840,912,813,889,800,900,782
S,925,897,945,840,911,811,887,800,903,780
S,923,897,945,840,911,811,888,799,902,781
S,927,895,944,841,909,812,887,798,902,783
S,925,896,944,839,912,813,889,799,902,783
S,925,897,948,842,909,814,889,796,904,783
S,926,896,945,840,911,809,886,799,893,783
S,931,892,945,840,911,810,888,799,901,781
S,924,896,945,840,909,813,889,800,897,786
S,927,895,945,840,910,811,888,800,902,781
S,923,894,945,838,906,808,887,797,900,784
S,928,902,943,839,911,812,888,799,901,782
S,922,895,945,841,912,811,888,798,900,781
S,931,891,948,841,917,816,887,796,901,781
S,926,896,944,840,912,811,888,800,899,783
S,922,893,945,840,913,811,890,799,899,780
S,925,897,944,841,912,812,888,799,901,782
S,918,893,941,839,911,810,888,800,899,783
S,925,896,945,839,911,812,886,799,901,783
S,927,895,943,841,914,813,889,802,902,785
S,923,892,944,840,910,811,889,798,900,783
S,924,897,944,841,912,812,888,799,907,784
S,923,898,945,840,910,813,889,800,902,782
S,923,893,943,837,908,812,890,801,901,782
S,926,896,943,840,912,812,889,799,903,782
S,927,897,945,839,913,812,889,800,903,783
S,927,895,943,839,912,812,887,799,904,781
S,929,897,943,840,912,812,887,799,899,781
S,926,896,944,840,913,812,887,800,903,783
S,925,896,945,841,913,811,888,799,902,782
S,934,897,943,840,913,811,888,800,901,782
S,926,894,943,839,914,812,886,799,899,782
S,924,894,945,839,912,812,888,800,901,781
S,925,895,945,838,909,812,890,798,902,781
S,926,895,944,837,912,812,886,800,902,782
S,927,897,945,840,914,812,887,799,905,778
S,917,900,942,840,913,812,889,799,901,781
S,926,896,943,838,913,812,890,800,903,783
S,926,894,944,841,913,812,889,800,899,781
S,925,894,942,839,909,811,888,794,905,779
S,923,896,945,840,911,810,887,800,901,782
S,923,896,944,836,912,812,887,801,904,785
S,926,896,945,840,913,812,889,800,901,782
S,927,897,943,840,912,812,888,800,902,782
S,926,896,945,841,911,814,890,798,904,784
S,925,895,946,841,914,812,887,797,900,782
S,922,899,946,841,909,809,888,800,902,783
S,925,896,944,840,911,811,889,801,898,783
S,924,894,945,841,913,812,889,800,903,783
S,924,895,945,839,910,810,886,800,897,780
S,930,894,945,838,914,814,890,799,902,782
S,923,896,944,839,911,810,888,803,903,783
S,929,898,945,839,910,813,888,800,900,782
S,924,897,945,840,912,812,889,799,902,782
S,924,900,948,841,912,813,888,799,903,781
S,927,896,945,840,914,814,886,799,898,784
S,927,896,945,840,912,813,888,796,898,780
S,927,896,942,840,908,812,885,800,903,784
S,925,902,941,838,912,812,887,799,901,782
S,932,903,945,840,912,810,889,800,901,782
S,930,898,943,839,909,812,885,802,901,782
S,925,894,947,838,910,813,889,798,903,782
S,928,897,944,838,911,811,889,798,901,780
S,932,899,946,836,913,813,888,797,901,782
S,927,895,942,838,911,810,890,801,900,784
S,926,899,943,840,906,810,888,804,897,781
S,927,895,944,838,912,812,888,796,899,783
S,923,896,943,841,912,812,888,799,902,782
S,925,895,945,840,913,813,888,800,904,782
S,933,897,942,840,912,811,888,797,901,782
S,927,895,944,839,912,811,888,800,900,782
S,929,897,943,841,914,810,886,797,907,785
S,929,894,944,840,911,812,888,800,902,782
S,923,894,945,837,919,807,889,798,902,781
S,927,897,944,839,914,812,888,800,902,782
S,928,897,946,841,914,811,889,797,904,783
S,927,897,943,839,911,812,888,797,901,781
S,921,897,945,834,918,813,890,796,902,782
S,926,896,945,839,913,811,888,799,902,783
S,928,897,944,840,915,814,887,801,898,786
S,929,897,945,841,909,810,888,799,899,779
S,924,892,947,835,912,811,889,799,903,781
S,928,896,943,839,912,811,888,800,902,782
S,922,896,945,841,911,811,890,800,903,786
S,933,892,942,840,910,812,887,800,902,782
S,924,898,944,839,910,811,886,799,901,785
S,928,896,944,839,908,811,889,800,902,783
S,929,897,942,841,910,813,888,794,898,784
S,927,897,944,839,911,812,888,799,901,782
S,926,895,944,840,912,812,888,798,903,782
S,926,895,945,841,908,812,887,800,903,781
S,924,895,944,839,917,811,889,796,907,781
S,926,896,947,841,912,810,890,802,898,782
S,925,897,946,841,911,812,889,801,901,783
S,920,895,944,840,910,812,888,798,901,782
S,925,895,942,840,910,811,888,799,901,784
S,925,897,944,839,912,812,888,799,903,784
S,924,895,944,840,910,812,888,797,903,782
S,929,896,945,840,912,811,886,799,906,783
S,920,900,941,837,914,808,884,799,901,782
S,923,892,942,840,916,811,886,797,902,783
S,926,896,945,839,912,810,887,800,898,781
S,923,895,944,839,910,812,888,799,902,782
S,924,895,945,840,911,810,887,800,898,782
S,926,895,947,837,905,812,887,802,906,781
S,926,896,944,840,912,811,887,799,902,782
S,935,898,943,837,910,812,889,800,902,783
S,928,897,945,840,910,811,889,801,902,783
S,921,889,941,836,911,812,888,798,902,781
S,925,895,944,838,911,812,889,799,900,781
S,925,897,946,840,913,812,887,799,905,780
S,925,900,940,838,911,813,887,798,902,782
S,926,895,944,840,911,812,889,797,903,782
S,926,896,943,840,909,812,889,801,903,782
S,927,896,943,838,914,814,888,797,904,784
S,926,894,944,840,911,812,888,800,900,781
S,925,895,945,840,910,811,889,799,903,783
S,926,894,944,840,911,812,891,798,899,782
S,925,895,944,839,912,809,889,802,907,780
S,926,897,944,839,911,812,888,800,901,782
S,927,895,944,839,910,811,888,799,902,782
S,926,896,946,839,908,813,888,800,899,782
S,927,897,944,840,911,813,888,798,902,781
S,929,898,941,840,916,808,890,794,900,781
S,925,895,944,838,911,812,889,798,902,783
S,926,897,945,841,911,811,888,801,900,780
S,926,899,944,837,907,811,887,798,902,783
S,928,894,943,839,909,812,890,800,898,781
S,926,896,944,838,909,811,889,799,903,782
S,925,895,943,838,911,813,889,801,899,778
S,923,896,943,838,910,812,888,799,899,782
S,932,896,944,838,911,810,888,799,902,782
S,926,896,943,838,910,812,888,801,899,784
S,928,896,943,839,911,811,888,801,894,781
S,932,900,943,839,911,812,888,799,901,781
S,922,898,943,840,906,812,888,801,899,781
S,925,895,944,838,911,812,886,800,902,781
S,927,897,941,836,911,809,885,802,906,782
S,918,894,946,839,912,810,887,799,900,781
S,929,898,949,841,915,810,888,797,902,782
S,925,896,944,840,909,811,888,799,901,782
S,927,896,943,842,908,809,891,795,898,779
S,926,893,944,841,912,811,889,801,898,780
S,916,899,941,838,911,812,888,798,900,782
S,927,895,944,840,912,811,888,798,900,783
S,925,898,945,838,911,810,887,794,897,782
S,923,896,944,839,909,810,889,799,901,781
S,922,893,942,837,910,811,888,800,902,783
S,927,896,942,839,913,811,889,799,902,782
S,924,896,941,839,907,811,885,801,897,784
S,926,895,945,839,910,812,887,799,902,783
S,924,893,944,840,910,810,888,798,903,781
S,926,894,944,838,912,811,887,801,902,780
S,923,897,944,837,904,813,888,800,902,781
S,926,897,945,839,912,812,887,795,904,780
S,927,897,944,837,914,811,889,794,897,782
S,926,896,944,839,911,812,889,799,902,783
S,927,898,944,838,910,811,888,798,902,780
S,921,899,944,844,904,810,890,798,899,781
S,925,894,943,840,910,811,888,798,907,780
S,926,897,944,838,910,812,889,800,899,781
S,927,896,945,840,911,810,888,801,899,782
S,931,894,941,838,911,812,886,799,902,782
S,924,895,944,839,910,811,889,799,903,782
S,923,895,944,840,911,811,888,798,901,780
S,923,893,943,838,911,810,889,801,902,781
S,923,894,944,839,909,812,889,800,901,781
S,923,894,943,839,910,810,888,797,901,780
S,926,893,945,842,915,809,890,800,902,782
S,925,896,944,838,909,811,887,798,900,782
S,929,898,946,838,909,812,889,799,902,782
S,929,895,943,838,910,811,888,799,901,782
S,929,897,944,837,910,811,888,800,901,783
S,925,896,943,840,912,812,889,800,900,782
S,923,892,945,840,910,812,890,799,905,783
S,928,896,944,838,909,810,889,798,902,781
S,930,901,941,841,910,811,891,798,901,782
S,928,893,946,843,905,812,888,799,901,782
S,930,894,944,837,906,813,890,794,906,784
S,929,894,944,840,908,812,888,798,901,782
S,928,895,945,840,910,812,889,798,907,783
S,931,893,946,838,911,811,888,798,901,781
S,924,895,945,840,911,812,888,799,903,781
S,932,895,943,838,910,810,888,800,900,780
S,927,896,944,839,909,812,888,800,909,786
S,926,894,942,837,908,812,888,803,901,784
S,926,894,945,840,912,811,888,798,902,781
S,931,895,946,838,907,811,887,796,901,782
S,927,895,945,839,908,811,888,800,901,782
S,927,896,944,840,911,812,887,798,902,780
S,925,891,944,839,907,809,889,797,901,781
S,926,895,944,838,909,811,889,798,900,781
S,926,894,943,839,911,812,888,798,903,782
S,927,897,944,840,911,809,887,795,904,780
S,927,896,944,839,910,812,888,800,902,779
S,932,892,945,840,911,812,889,799,903,781
S,926,895,943,840,911,811,888,800,898,784
S,927,895,944,840,910,812,889,801,908,781
S,927,895,944,839,908,812,889,799,902,783
S,917,896,944,838,909,810,888,800,902,781
S,924,892,942,837,911,812,890,801,899,783
S,928,895,945,839,909,812,888,799,901,783
S,930,893,940,838,909,808,891,797,898,781
S,928,895,942,838,912,810,888,800,903,782
S,925,895,944,837,909,812,889,800,902,781
S,925,895,944,839,907,815,888,803,897,779
S,926,896,944,840,913,810,886,798,898,778
S,924,896,945,839,911,811,887,802,898,783
S,920,896,945,835,909,811,888,798,901,781
S,923,893,946,839,909,810,888,800,898,780
S,928,899,947,837,909,812,886,800,902,782
S,922,895,946,838,913,810,887,801,903,782
S,926,895,944,839,908,811,888,800,902,782
S,926,893,943,840,909,812,888,797,902,782
S,927,895,944,837,910,812,888,800,902,780
S,928,894,945,838,908,811,887,799,899,781
S,927,895,945,839,911,812,888,800,899,782
S,926,894,944,839,908,812,889,801,901,781
S,926,895,943,839,910,812,889,800,902,782
S,924,896,944,837,910,812,887,799,901,782
S,928,895,944,838,908,811,888,799,901,783
S,921,892,946,835,911,812,887,800,902,782
S,926,896,945,839,911,812,885,800,896,778
S,925,895,945,839,909,811,888,800,899,780
S,928,893,942,839,914,812,887,799,900,782
S,921,891,944,838,910,811,889,799,903,782
S,918,901,943,838,908,811,888,800,902,782
S,927,894,946,841,913,812,888,802,902,782
S,927,898,945,838,911,814,890,798,902,781
S,929,896,943,837,907,810,889,800,900,780
S,919,895,943,838,907,811,889,798,900,783
S,927,895,941,836,908,814,888,799,896,783
S,926,893,944,840,910,811,890,801,904,782
S,924,894,944,839,908,812,887,796,900,783
S,928,896,945,839,910,811,888,799,902,782
S,928,895,944,838,910,811,889,799,901,781
S,927,892,943,840,913,811,887,799,898,782
S,924,893,942,840,910,810,889,799,902,782
S,924,896,946,840,911,812,889,799,900,781
S,929,890,946,840,909,812,889,799,899,782
S,926,893,943,837,910,811,887,800,898,781
S,928,893,947,842,914,814,887,799,900,783
S,927,896,943,837,906,811,888,796,897,784
S,925,895,944,839,909,812,888,799,902,781
S,926,895,945,840,910,810,889,803,908,781
S,923,896,946,838,907,812,888,797,902,782
S,927,896,945,840,911,812,888,799,901,782
S,924,893,945,838,907,812,887,794,903,778
S,928,895,946,838,907,812,887,801,898,781
S,927,895,945,839,909,811,888,800,899,780
S,925,895,944,838,908,811,886,796,905,783
S,926,894,944,839,910,812,888,799,901,782
S,923,895,942,840,907,810,887,799,901,782
S,924,889,944,843,904,813,888,799,902,781
S,924,896,943,838,907,811,889,800,898,783
S,930,900,943,843,906,811,888,799,902,782
S,927,895,943,839,909,811,888,798,902,783
S,925,894,943,839,911,813,886,801,898,778
S,928,897,943,838,907,810,887,797,907,786
S,925,892,943,842,908,814,890,802,899,782
S,924,897,946,839,909,811,888,800,899,781
S,934,892,945,839,908,811,888,800,900,782
S,929,894,947,836,905,810,890,799,903,783
S,929,895,945,839,909,811,888,799,900,782
S,928,896,943,837,908,812,888,802,899,780
S,928,894,942,839,911,811,889,800,902,782
S,927,894,943,837,907,812,887,798,902,782
S,928,895,944,838,908,812,888,800,900,783
S,920,893,943,837,912,810,887,799,900,782
S,923,894,943,839,912,812,889,798,902,780
S,926,895,943,839,909,812,889,799,903,780
S,929,892,945,838,910,811,889,796,897,783
S,927,894,943,842,910,813,889,802,904,781
S,931,895,945,839,910,811,887,797,901,780
S,928,890,943,839,907,812,889,800,899,782
S,925,898,945,838,906,811,888,801,901,782
S,928,895,944,840,907,812,888,799,903,782
S,925,894,944,837,910,810,887,798,904,784
S,928,893,944,839,910,811,887,798,903,783
S,926,893,943,840,908,810,888,801,901,783
S,926,894,944,837,908,811,887,798,901,781
S,928,895,944,837,909,810,889,800,899,782
S,929,895,943,838,909,812,888,797,902,781
S,928,896,943,836,907,810,890,798,900,778
S,927,894,943,839,905,810,890,798,903,782
S,926,896,943,840,908,810,887,798,898,781
S,934,896,941,836,908,812,888,798,902,782
S,930,895,946,839,910,812,887,798,901,784
S,924,890,943,837,909,811,888,799,900,781
S,929,894,944,838,909,811,889,800,902,782
S,929,894,943,839,908,811,888,797,899,784
S,926,894,944,838,906,810,889,801,902,783
S,927,895,944,838,909,811,888,800,902,783
S,927,893,945,840,909,811,888,800,899,781
S,929,895,945,839,906,810,888,799,900,783
S,929,892,945,840,911,815,890,796,908,780
S,923,896,944,838,910,811,888,800,899,781
S,927,893,944,839,910,812,889,798,903,781
S,927,896,945,838,905,813,889,797,909,780
S,930,895,944,839,908,811,888,799,902,782
S,927,895,944,838,908,812,889,799,905,782
S,926,898,948,839,908,811,888,799,902,783
S,934,889,946,840,910,812,888,799,900,783
S,929,895,941,843,914,808,891,801,900,782
S,925,892,944,840,911,813,886,797,899,782
S,928,894,944,837,909,813,890,800,905,780
S,926,895,945,838,906,812,888,799,900,781
S,927,895,943,838,908,812,888,797,905,783
S,928,892,942,841,908,810,887,800,897,781
S,928,893,943,839,909,810,888,799,901,782
S,928,894,945,838,906,810,885,803,902,785
S,928,894,945,837,910,810,889,801,897,780
S,926,898,943,840,906,810,888,800,899,782
S,924,894,944,838,908,811,888,797,903,780
S,925,893,944,840,910,812,887,797,899,783
S,932,894,942,838,914,815,889,798,902,782
S,928,897,945,836,912,809,888,799,899,783
S,925,895,944,837,909,813,889,800,900,783
S,925,893,944,838,908,811,888,800,902,781
S,927,895,943,840,909,811,889,800,899,783
S,926,894,944,839,907,812,888,802,897,786
S,926,894,944,840,905,809,886,798,904,786
S,927,894,944,840,906,811,890,802,898,781
S,926,893,944,839,908,811,888,800,901,781
S,931,901,948,837,910,811,887,799,901,783
S,925,896,944,839,911,812,888,797,899,782
S,935,897,944,834,907,808,888,799,900,782
S,927,893,943,837,909,811,888,800,902,782
S,924,895,944,835,912,811,890,796,899,783
S,926,895,946,843,914,812,888,804,901,782
S,926,898,944,836,903,810,890,801,900,783
S,928,896,943,837,906,813,887,802,897,779
S,924,897,944,836,909,811,888,799,901,782
S,927,895,944,839,909,810,888,797,902,781
S,927,896,946,840,912,813,887,797,895,779
S,928,894,944,838,909,810,887,799,902,781
S,925,895,943,837,910,810,888,796,899,785
S,927,894,942,839,906,811,889,801,900,782
S,929,891,942,836,910,811,890,800,901,781
S,925,894,944,839,907,812,888,798,903,782
S,928,896,944,837,909,811,887,799,898,782
S,929,895,943,838,908,812,889,801,903,783
S,926,895,945,840,907,810,887,800,900,781
S,928,895,943,837,906,811,888,800,898,780
S,928,895,944,839,908,811,889,800,901,780
S,928,895,943,836,907,811,886,798,899,778
S,926,893,944,838,908,811,888,799,899,780
S,928,894,945,837,905,813,889,794,908,782
S,927,896,943,837,905,812,891,795,903,779
S,925,893,943,840,907,810,889,799,901,782
S,928,895,944,838,908,809,889,800,904,780
S,937,897,943,843,905,812,888,799,902,782
S,927,895,943,838,905,809,887,800,899,782
S,927,894,942,839,909,811,888,798,900,781
S,928,893,942,837,909,811,888,800,903,780
S,929,894,943,838,906,809,886,798,898,781
S,932,896,946,833,909,810,888,800,899,783
S,929,893,944,839,907,810,888,799,902,782
S,929,897,942,837,910,809,890,799,897,782
S,928,896,943,837,908,812,890,800,898,779
S,926,901,943,841,907,810,888,801,899,781
S,926,894,944,838,909,812,887,799,901,783
S,923,896,941,837,910,814,886,799,895,783
S,922,893,943,839,908,812,888,800,899,780
S,926,893,943,837,909,812,888,797,906,780
S,927,895,943,839,906,811,889,800,902,783
S,925,893,941,839,909,812,890,798,899,781
S,926,894,945,838,909,812,888,800,902,782
S,926,893,944,839,906,810,888,800,901,782
S,926,894,944,839,906,811,886,799,898,782
S,925,896,944,838,909,812,888,798,901,783
S,927,898,943,837,902,810,891,805,896,782
S,927,895,944,840,908,812,889,802,899,779
S,926,895,944,838,908,811,888,799,899,782
S,921,891,942,837,908,812,887,798,902,782
S,927,896,944,837,907,812,889,797,904,779
S,927,895,943,838,908,810,887,800,898,781
S,917,895,943,839,908,811,885,799,900,780
S,923,895,942,839,909,812,888,800,897,784
S,926,894,942,838,910,810,888,798,899,781
S,922,895,945,836,906,813,887,797,902,784
S,924,895,944,838,907,811,889,799,899,783
S,925,895,943,838,908,810,888,798,901,782
S,925,894,944,837,909,813,891,801,897,784
S,925,895,944,839,911,809,890,800,900,778
S,932,896,944,837,907,811,888,799,900,782
S,927,894,943,837,909,812,887,800,901,783
S,923,893,943,841,907,812,887,799,899,781
S,925,895,944,839,910,811,889,800,902,783
S,924,896,942,837,908,811,887,800,896,779
S,924,895,941,839,906,811,888,798,901,782
S,927,896,944,839,908,812,889,798,900,785
S,926,892,945,839,911,811,888,800,900,782
S,928,894,945,836,905,808,887,798,904,778
S,924,897,943,837,908,811,887,799,903,781
S,924,896,944,838,905,809,885,799,901,783
S,923,897,942,837,907,812,888,799,901,781
S,927,893,944,838,908,811,888,799,900,782
S,926,896,944,837,907,811,889,798,901,782
S,925,897,942,839,907,811,888,800,901,780
S,930,891,941,837,910,812,889,799,900,780
S,928,890,944,837,905,811,889,801,898,781
S,928,897,943,837,907,810,888,799,901,781
S,928,896,945,839,909,812,887,797,903,784
S,931,893,946,838,908,811,889,799,899,782
S,927,893,943,839,907,811,888,800,900,782
S,927,896,943,837,909,812,889,798,902,782
S,927,895,944,838,908,811,888,798,901,783
S,929,897,944,841,908,811,889,805,894,777
S,927,893,944,839,908,810,888,800,898,782
S,925,896,944,837,906,811,889,795,899,781
S,925,896,944,836,910,812,888,800,898,784
S,922,901,941,839,908,812,887,798,899,782
S,927,894,943,837,909,810,889,799,898,780
S,926,895,943,837,907,812,887,800,896,781
S,924,896,943,837,909,810,889,800,902,782
S,931,890,941,838,908,811,889,800,901,781
S,923,892,942,836,906,810,891,798,895,781
S,925,895,943,838,909,810,888,799,899,782
S,929,896,944,839,910,812,888,800,902,782
S,931,895,941,834,916,809,887,800,900,782
S,928,894,943,838,910,811,888,799,900,782
S,928,896,943,839,909,810,888,800,901,781
S,929,893,942,838,907,812,887,801,905,784
S,926,898,944,835,911,812,888,799,901,780
S,926,895,944,839,907,809,889,799,902,782
S,928,896,944,838,911,810,890,799,898,785
S,922,896,944,839,908,811,888,799,899,781
S,927,895,944,839,909,812,888,799,899,783
S,926,896,942,838,909,812,888,798,900,780
S,927,894,943,838,908,811,888,798,900,782
S,925,895,943,837,908,811,889,797,900,781
S,926,895,943,837,906,812,889,800,899,782
S,927,895,945,836,907,810,888,800,904,780
S,927,897,943,838,908,809,888,798,902,782
S,927,894,943,838,909,811,888,799,900,782
S,926,895,944,838,909,813,889,801,902,783
S,927,895,942,838,908,811,888,802,900,781
S,926,896,945,839,906,812,888,798,899,784
S,934,900,945,840,907,809,887,800,902,781
S,927,896,942,839,909,811,888,798,897,781
S,927,894,941,837,910,810,889,801,899,783
S,924,895,942,836,915,809,890,798,900,782
S,919,898,941,838,910,812,889,798,898,780
S,927,895,942,838,908,812,889,799,901,778
S,927,896,944,837,908,812,889,799,902,782
S,927,895,944,839,908,814,890,797,900,781
S,929,895,943,838,908,811,888,798,902,782
S,929,895,944,839,908,811,889,796,903,782
S,931,896,944,838,908,811,888,798,902,782
S,929,893,944,839,907,810,889,801,905,778
S,930,897,943,837,913,810,886,803,893,778
S,930,896,942,837,906,810,889,799,898,780
S,922,900,940,835,908,809,889,799,901,782
S,927,894,943,838,908,812,889,798,898,782
S,925,895,944,836,908,811,888,798,903,785
S,928,896,944,839,908,811,888,798,901,781
S,930,892,944,842,905,812,886,798,900,781
S,927,896,944,838,907,811,888,799,899,781
S,928,892,941,836,910,811,889,796,900,783
S,928,896,943,838,905,809,888,794,897,780
S,923,894,942,838,907,812,889,798,900,781
S,924,893,944,839,907,810,888,800,898,782
S,921,894,943,837,908,811,888,799,898,781
S,928,893,941,837,904,810,887,797,902,780
S,927,895,942,837,908,812,887,794,904,778
S,926,896,944,837,908,812,889,801,902,782
S,928,894,944,838,906,811,888,798,900,780
S,923,895,944,836,909,811,889,798,904,783
S,927,896,944,838,908,811,887,797,898,780
S,927,895,944,839,907,815,888,801,905,782
S,928,891,944,841,904,810,887,798,899,780
S,925,896,944,839,908,812,888,799,902,782
S,936,899,941,833,907,812,888,798,900,781
S,930,896,942,837,908,810,887,799,898,777
S,933,891,941,833,908,811,890,801,901,781
S,935,894,944,839,907,813,888,799,902,785
S,934,894,944,838,908,810,889,799,898,781
S,935,894,943,838,911,810,888,799,901,781
S,931,898,945,836,909,811,889,798,899,783
S,932,895,943,838,911,810,888,799,899,781
S,926,899,942,838,904,814,888,799,899,782
S,936,892,944,838,908,810,889,800,898,781
S,934,896,943,836,910,811,889,800,901,783
S,930,894,942,838,909,810,887,798,897,782
S,932,893,943,838,908,811,889,799,899,782
S,932,898,944,838,912,809,888,798,899,781
S,930,895,944,837,908,811,889,799,900,780
S,935,896,944,837,908,811,888,800,901,781
S,934,896,941,837,911,810,888,795,898,784
S,933,894,943,838,908,811,889,799,900,782
S,932,900,946,839,906,812,889,798,899,780
S,933,894,944,839,910,811,888,799,898,781
S,924,896,944,837,909,811,889,800,899,782
S,934,893,942,840,910,810,889,799,899,779
S,937,894,942,839,910,811,889,799,900,782
S,935,897,944,838,909,811,889,796,903,781
S,929,897,946,838,908,811,889,799,899,781
S,932,892,943,840,908,809,891,800,897,782
S,931,896,944,837,908,810,887,798,901,780
S,932,895,942,838,909,808,888,800,899,781
S,931,895,946,841,907,811,890,799,900,781
S,932,895,942,838,907,811,888,798,899,782
S,933,891,944,839,911,815,886,795,896,781
S,935,896,942,836,909,812,890,801,895,782
S,935,895,942,838,905,810,891,793,894,783
S,934,897,944,836,909,810,889,797,900,779
S,937,892,943,834,911,809,888,799,898,782
S,940,894,943,838,909,811,889,799,899,781
S,934,895,942,839,907,810,888,795,905,778
S,931,891,941,838,909,810,889,799,898,781
S,936,895,944,838,908,811,888,799,897,782
S,939,894,944,838,909,810,888,800,896,781
S,933,895,944,838,908,810,888,797,896,779
S,934,894,943,836,915,810,891,800,900,782
S,932,895,945,838,905,809,889,798,903,782
S,937,898,946,839,908,811,887,799,898,782
S,933,895,943,838,909,809,889,799,900,781
S,931,893,942,837,906,812,890,800,897,780
S,931,896,944,837,910,810,889,798,898,780
S,930,899,943,837,905,812,888,797,900,780
S,929,894,944,838,907,810,889,799,897,780
S,926,896,945,838,907,810,885,799,903,780
S,931,895,943,836,906,811,888,799,897,780
S,937,895,947,841,905,814,887,798,899,780
S,923,892,945,836,903,810,887,798,901,781
S,931,892,942,836,906,810,890,800,901,782
S,930,893,942,836,904,808,891,801,893,780
S,931,892,945,838,903,811,889,795,898,782
S,930,892,944,837,909,810,888,798,899,784
S,934,896,943,839,909,813,889,798,897,779
S,925,894,943,837,908,811,888,796,897,782
S,930,895,944,836,909,811,889,800,900,781
S,936,896,942,838,912,810,889,800,900,780
S,928,896,943,836,908,811,889,799,900,781
S,934,896,945,836,912,811,888,797,900,782
S,930,893,944,837,909,810,888,798,899,780
S,932,895,946,838,907,813,886,798,897,783
S,927,898,942,836,906,810,886,800,899,781
S,929,896,945,838,907,811,888,799,898,780
S,936,894,943,835,908,813,890,799,897,781
S,926,895,944,838,907,809,890,797,903,782
S,929,890,943,836,907,810,889,800,897,780
S,930,894,944,838,908,812,889,801,897,783
S,927,895,943,837,909,810,888,800,898,780
S,929,896,944,839,906,810,889,798,899,781
S,932,894,944,837,907,813,890,798,901,783
S,924,900,942,838,908,811,888,799,899,780
S,928,892,941,838,911,810,888,800,897,780
S,931,898,944,838,909,811,888,797,899,779
S,936,897,941,838,912,810,888,795,902,783
S,932,899,944,836,908,811,889,799,897,781
S,928,894,943,837,904,811,886,802,895,780
S,924,896,944,840,909,810,886,796,900,782
S,928,895,943,838,906,810,888,799,899,781
S,927,897,943,838,910,811,887,797,899,782
S,930,894,945,835,907,812,886,795,899,779
S,933,896,942,836,910,810,888,798,900,782
S,935,899,945,838,908,810,888,799,900,782
S,927,899,944,838,908,811,888,799,897,781
S,930,895,944,839,909,810,887,800,897,779
S,928,896,944,838,910,810,888,800,898,781
S,931,897,944,838,907,809,887,800,896,780
S,928,899,939,835,904,812,887,796,900,782
S,932,898,945,836,910,809,885,799,898,781
S,928,896,944,838,908,808,887,798,904,784
S,926,898,942,837,908,810,889,800,897,782
S,932,897,943,837,908,811,889,799,900,780
S,930,900,947,839,904,807,887,802,903,782
S,932,895,944,838,909,812,887,801,903,784
S,932,896,944,837,904,808,891,798,894,780
S,931,896,944,838,908,810,886,797,899,777
S,937,896,943,838,909,810,890,797,901,780
S,932,895,944,836,907,809,888,799,898,785
S,928,893,945,837,908,809,889,799,899,782
S,931,896,944,837,907,811,889,800,901,782
S,933,890,941,837,905,810,888,802,898,780
S,932,896,944,838,909,809,889,801,898,782
S,932,895,944,838,908,811,888,799,898,781
S,930,894,944,837,905,811,889,800,900,781
S,931,895,943,838,908,810,887,798,899,784
S,935,893,944,836,907,810,888,799,899,780
S,931,893,943,838,906,811,888,798,901,781
S,930,894,943,839,905,810,890,794,904,781
S,931,894,943,837,909,810,888,799,899,780
S,935,896,942,835,909,809,889,800,896,780
S,932,894,942,836,909,811,888,800,898,780
S,924,895,941,839,904,812,887,798,898,780
S,930,894,943,837,909,809,887,797,901,781
S,929,895,943,837,908,811,888,798,900,782
S,932,898,947,838,909,811,888,798,900,781
S,928,896,944,838,906,809,888,801,899,783
S,930,891,942,831,903,814,890,803,899,780
S,932,896,943,837,906,808,887,797,903,780
S,934,896,945,838,907,811,888,798,899,781
S,932,895,944,837,910,811,888,799,901,781
S,932,894,942,835,912,809,888,796,904,784
S,926,895,944,837,909,811,888,799,897,780
S,931,892,942,837,912,809,887,800,897,781
S,929,895,945,837,907,811,888,799,901,780
S,928,894,942,836,909,812,888,802,898,782
S,931,896,943,835,907,811,887,799,898,782
S,934,893,942,835,908,811,887,796,902,782
S,932,895,943,837,907,810,888,799,898,780
S,932,895,943,837,907,810,888,798,897,780
S,930,894,943,838,907,811,888,800,899,782
S,935,898,943,836,907,809,889,800,897,779
S,931,893,943,838,906,808,888,797,899,779
S,931,900,947,837,908,811,889,799,899,780
S,930,896,944,837,905,811,888,798,900,781
S,933,894,941,838,905,812,890,794,891,783
S,929,892,944,837,906,810,888,798,899,781
S,933,899,944,836,906,809,889,798,900,780
S,931,895,944,838,908,810,887,798,897,782
S,929,895,942,838,905,812,884,803,897,784
S,930,893,942,836,905,809,887,798,899,781
S,936,891,946,834,911,808,887,800,898,781
S,929,889,945,840,914,807,888,796,897,781
S,931,895,941,835,907,809,888,800,897,781
S,933,896,945,838,907,810,888,799,900,782
S,932,894,943,837,909,810,888,797,898,780
S,932,896,944,838,909,811,889,798,899,781
S,941,891,944,837,908,810,887,799,898,782
S,931,892,944,838,907,809,888,799,896,782
S,928,897,944,836,906,810,889,798,900,782
S,932,895,944,837,907,811,889,800,903,783
S,932,894,945,838,907,811,886,799,894,781
S,932,899,938,836,907,809,888,798,899,781
S,932,894,943,838,905,810,887,799,899,780
S,935,895,942,836,908,811,888,797,899,780
S,930,895,944,837,905,810,887,799,899,780
S,931,896,944,836,906,811,888,797,900,782
S,933,894,943,837,908,811,887,797,899,780
S,931,894,944,835,906,810,890,800,893,781
S,933,891,942,838,910,808,885,804,895,782
S,933,896,944,836,905,811,888,800,898,779
S,935,898,941,838,907,808,889,798,898,779
S,928,896,944,836,905,811,889,799,900,782
S,932,897,944,836,905,811,889,799,896,779
S,936,900,941,836,905,809,887,799,898,780
S,932,897,942,837,906,812,888,801,901,781
S,924,890,943,840,909,807,886,798,900,781
S,934,895,942,838,906,812,889,797,901,781
S,932,893,942,837,906,810,888,799,901,782
S,933,896,944,838,907,812,888,798,901,781
S,933,898,943,833,904,812,888,802,900,781
S,932,895,943,838,906,811,887,799,899,780
S,924,900,945,838,905,810,888,800,900,781
S,930,896,943,836,907,811,888,799,898,780
S,933,900,942,838,909,809,888,799,900,780
S,931,896,946,837,905,808,888,799,900,781
S,932,891,939,832,909,811,890,803,898,782
S,929,895,944,836,908,810,888,798,900,782
S,932,895,944,838,905,809,889,798,901,781
S,931,895,943,836,907,810,888,797,899,778
S,932,897,944,840,905,808,889,801,895,782
S,930,895,942,835,907,811,887,796,895,782
S,933,895,943,836,907,809,887,799,898,780
S,921,898,944,838,906,811,889,798,898,781
S,931,895,942,837,906,810,889,797,901,782
S,931,895,942,837,904,809,888,801,903,780
S,931,895,943,837,907,811,891,802,900,780
S,929,895,942,836,906,809,888,800,896,782
S,934,892,941,833,902,812,890,796,898,781
S,928,895,943,836,906,811,888,799,899,781
S,928,895,942,837,904,810,888,799,899,783
S,934,897,945,839,906,811,888,799,898,780
S,928,893,943,836,906,811,887,799,897,781
S,927,894,943,838,906,810,887,798,898,781
S,927,895,942,838,905,811,888,798,898,781
S,927,896,943,835,907,810,887,798,898,781
S,932,893,943,837,906,810,889,798,898,781
S,928,893,942,835,906,810,888,798,900,781
S,929,893,944,838,905,810,888,798,900,781
S,933,893,942,837,906,812,889,797,894,784
S,939,889,943,837,905,810,887,799,899,782
S,925,896,945,835,907,812,887,799,897,780
S,929,895,946,832,912,811,888,799,900,781
S,930,895,944,837,903,812,890,799,906,782
S,930,893,944,837,906,811,889,799,900,781
S,931,894,944,837,905,810,888,799,900,782
S,930,892,943,836,903,812,889,798,897,782
S,930,895,944,837,905,810,887,802,904,784
S,929,895,944,840,908,812,885,800,901,781
S,932,896,944,837,907,811,888,800,903,779
S,932,896,944,839,907,811,888,799,897,781
S,928,894,944,838,903,810,889,798,897,781
S,930,894,944,831,905,812,886,800,897,781
S,929,895,944,837,903,810,888,799,895,778
S,927,895,944,836,906,811,889,800,900,782
S,930,890,941,835,899,814,889,797,897,782
S,927,895,945,835,901,810,885,800,898,781
S,927,893,943,836,903,812,889,799,899,780
S,930,895,942,837,904,812,889,798,903,783
S,931,895,942,838,904,810,888,799,899,781
S,929,895,943,835,908,811,888,797,899,780
S,929,895,940,840,902,813,886,794,896,782
S,928,893,943,837,907,810,888,798,900,782
S,926,892,943,838,905,811,887,797,899,780
S,929,895,943,835,903,810,889,800,900,782
S,934,890,942,839,905,813,888,800,898,780
S,928,896,942,836,907,811,887,798,899,781
S,926,893,943,838,907,808,887,798,897,778
S,924,897,940,839,906,811,886,798,899,781
S,930,895,943,836,907,811,888,799,900,781
S,929,894,941,836,906,811,888,799,896,779
S,931,894,940,837,903,811,890,797,899,779
S,925,901,944,840,904,813,889,798,897,781
S,930,893,943,836,906,810,889,798,897,779
S,926,895,944,837,903,810,889,799,897,781
S,931,893,943,836,904,810,888,799,898,781
S,933,889,942,836,906,809,889,797,897,782
S,928,894,943,836,904,811,887,799,899,781
S,933,895,945,836,901,811,889,798,896,781
S,930,895,942,836,905,810,888,796,899,780
S,924,892,942,835,907,810,889,800,897,780
S,926,892,946,839,907,813,885,802,899,782
S,928,891,945,837,906,811,888,798,898,780
S,929,892,939,835,911,810,888,799,899,781
S,931,893,944,836,902,811,889,801,896,782
S,926,895,943,839,903,808,885,800,897,782
S,928,890,944,838,912,809,886,797,895,780
S,930,893,944,836,904,810,888,796,898,779
S,933,901,943,837,906,809,888,796,900,781
S,927,895,944,834,905,809,888,798,897,780
S,938,897,943,836,905,809,887,799,897,780
S,930,893,942,837,904,811,888,799,900,781
S,930,894,942,837,905,810,887,796,899,781
S,931,893,944,838,904,811,889,799,899,782
S,926,892,944,834,909,808,887,796,900,781
S,928,895,943,837,903,811,887,799,899,782
S,930,893,942,838,906,809,887,798,899,782
S,930,895,942,837,903,811,888,799,900,781
S,930,895,938,833,902,811,889,794,892,782
S,929,895,943,838,906,810,888,798,898,782
S,929,895,942,837,905,810,888,799,899,780
S,929,894,943,837,905,811,888,798,900,781
S,925,896,942,837,906,811,888,799,897,782
S,926,894,943,837,903,809,887,798,901,782
S,919,890,940,839,899,810,889,799,899,781
S,929,893,941,837,906,811,888,800,896,780
S,929,894,941,836,902,810,888,796,898,783
S,929,889,942,836,904,811,889,799,900,782
S,924,895,938,835,903,812,889,796,897,781
S,932,892,943,834,909,811,888,798,898,780
S,933,893,941,834,907,812,887,797,897,781
S,931,894,943,836,905,810,886,799,898,782
S,929,895,941,838,903,809,888,799,898,781
S,935,896,942,836,903,810,887,797,901,781
S,931,893,942,835,906,810,888,797,899,780
S,934,895,943,837,905,810,888,798,900,781
S,934,895,941,838,904,813,887,803,901,781
S,936,893,943,836,903,809,888,802,896,778
S,930,893,941,834,906,810,889,800,900,780
S,934,893,943,836,903,810,889,798,899,782
S,931,894,943,836,903,811,888,796,900,781
S,930,896,943,836,903,811,887,799,895,780
S,928,893,943,837,903,810,888,797,900,780
S,927,893,942,837,903,810,889,799,900,781
S,929,893,944,836,903,810,888,797,900,781
S,925,894,944,838,908,810,888,799,891,781
S,923,893,942,835,903,812,887,799,898,780
S,930,895,942,837,911,810,891,801,899,784
S,929,895,943,836,905,811,888,797,898,780
S,926,895,943,837,906,810,885,800,899,783
S,926,894,942,835,905,807,887,797,902,778
S,924,894,942,835,905,810,888,797,897,779
S,930,892,942,836,903,810,887,800,897,781
S,928,895,943,835,905,811,888,799,903,782
S,928,892,942,837,906,810,889,800,896,782
S,929,896,942,833,908,811,890,798,897,779
S,926,897,941,839,904,811,888,797,897,781
S,928,893,942,837,905,810,888,799,896,780
S,929,893,942,837,905,811,887,800,900,782
S,926,892,943,834,902,808,887,800,904,784
S,921,892,943,836,905,811,887,798,897,781
S,925,893,943,836,905,809,888,799,901,782
S,927,895,943,837,906,811,888,799,896,781
S,927,892,942,836,906,810,889,798,901,782
S,927,892,943,836,908,811,886,805,900,783
S,928,893,941,837,906,811,889,800,901,781
S,925,894,944,835,905,811,889,802,901,784
S,928,893,942,837,903,811,888,797,900,780
S,930,894,944,836,902,809,890,802,899,781
S,929,897,945,836,903,810,888,798,900,780
S,928,896,944,836,909,811,888,798,899,782
S,924,894,943,836,906,810,888,799,900,781
S,927,895,941,836,906,810,887,799,897,781
S,925,894,943,836,905,810,886,799,899,780
S,928,896,942,835,903,810,888,799,899,780
S,925,896,943,833,906,811,888,799,898,781
S,926,893,942,837,906,811,887,799,899,778
S,925,892,940,835,908,808,886,799,901,782
S,931,893,943,836,905,811,888,796,898,780
S,927,895,942,837,906,810,887,803,900,778
S,927,891,943,837,906,809,888,797,898,782
S,927,894,942,836,906,810,888,799,900,781
S,927,894,942,837,906,811,889,799,900,781
S,925,892,943,835,907,808,886,799,897,778
S,928,895,943,837,909,812,887,793,905,777
S,935,895,943,837,903,809,888,800,900,781
S,925,894,942,837,907,810,888,799,898,782
S,926,894,942,837,906,810,888,797,896,781
S,927,892,944,837,906,810,887,798,899,782
S,928,896,942,837,904,810,888,798,900,779
S,931,900,941,837,902,809,888,798,899,781
S,929,895,942,836,904,809,888,800,897,780
S,925,896,940,836,905,810,888,799,900,780
S,926,895,943,836,907,809,887,799,898,782
S,923,892,945,833,906,810,889,799,899,780
S,926,893,939,836,903,811,889,797,900,781
S,924,896,942,836,906,810,889,799,899,781
S,928,895,943,836,904,811,890,799,897,783
S,924,894,941,834,904,812,889,796,897,780
S,929,895,943,837,905,810,888,798,900,782
S,925,893,942,838,903,810,890,794,893,784
S,926,896,943,836,907,811,889,801,897,781
S,923,894,941,835,909,811,887,800,899,782
S,927,894,942,837,904,810,887,798,897,780
S,933,898,943,837,905,810,888,798,896,780
S,931,892,942,835,904,808,889,798,899,781
S,925,895,942,837,907,811,887,797,900,782
S,927,894,942,837,905,810,888,799,900,782
S,926,893,943,837,906,809,887,799,897,781
S,928,895,941,835,902,810,887,800,905,783
S,922,891,941,836,908,811,888,798,897,781
S,924,894,943,835,903,811,888,797,897,778
S,927,896,943,836,902,809,888,799,896,784
S,923,892,941,834,904,810,889,795,893,781
S,929,895,939,836,905,811,888,797,898,781
S,930,898,944,839,905,808,888,800,900,780
S,927,894,943,837,905,809,888,799,898,779
S,924,895,943,837,902,809,888,798,898,780
S,926,894,942,834,902,810,886,799,902,780
