W,922,881,792,738,805,772,754,773,901,765
W,930,883,792,739,805,773,753,772,901,763
W,926,881,791,738,803,773,753,772,900,765
W,920,884,793,739,802,772,755,773,902,765
W,923,882,792,737,801,771,754,772,901,764
W,924,885,793,741,808,771,753,772,904,764
W,924,884,793,740,808,771,753,773,902,764
W,924,885,794,740,807,771,754,772,900,764
W,921,884,792,741,806,773,753,773,902,764
W,920,884,794,740,806,773,752,772,902,764
W,924,884,794,739,807,772,754,774,901,762
W,924,881,794,740,808,773,754,772,899,765
W,917,885,793,741,806,773,753,773,900,764
W,923,881,794,739,807,771,753,772,902,765
W,922,884,793,741,805,772,755,773,902,764
W,921,882,795,741,806,773,754,772,902,763
W,934,887,794,741,803,772,754,772,902,764
W,924,881,794,741,804,770,753,772,900,763
W,925,883,795,741,806,773,755,772,899,764
W,923,882,794,740,808,771,754,772,900,764
W,922,881,794,740,806,773,753,773,900,763
W,929,881,793,738,805,771,755,772,899,763
W,919,884,795,740,804,773,754,774,901,764
W,918,884,793,742,807,772,753,772,899,762
W,919,884,794,740,805,771,753,772,903,765
W,921,881,794,739,808,771,753,773,899,763
W,922,883,794,740,804,772,754,771,903,763
W,925,882,794,740,806,772,755,774,902,763
W,929,886,794,740,807,771,755,773,903,765
W,923,884,794,739,804,773,755,773,902,765
W,919,884,793,739,806,771,755,772,902,763
W,920,881,795,741,804,771,754,772,897,762
W,920,880,793,739,804,772,755,774,902,765
W,919,882,793,739,806,772,755,772,900,762
W,919,880,794,740,806,772,754,773,902,765
W,924,883,795,739,805,772,755,772,900,762
W,919,880,794,740,804,772,754,773,901,764
W,925,882,795,739,810,772,754,773,899,762
W,927,881,794,738,808,772,753,771,900,762
W,922,884,795,741,809,772,755,773,899,762
W,919,885,794,741,812,773,754,773,901,763
W,924,884,794,740,807,771,754,773,902,764
W,920,880,795,741,804,771,754,773,902,763
W,921,882,795,742,808,772,754,773,899,763
W,922,882,795,739,807,771,755,773,899,762
W,926,884,795,740,810,773,754,772,898,763
W,921,884,793,740,806,771,754,773,900,765
W,921,883,795,740,808,771,754,772,897,763
W,921,880,793,740,805,772,754,772,899,763
W,923,883,794,740,810,773,755,777,899,762
W,924,881,794,738,805,772,753,774,896,763
W,924,883,796,739,809,772,755,773,900,766
W,927,885,795,739,807,773,753,772,898,764
W,917,882,795,741,809,771,754,773,900,763
W,925,882,795,739,806,772,753,773,900,762
W,926,883,795,741,806,771,754,773,901,763
W,927,881,795,739,806,772,753,773,900,764
W,927,880,795,741,809,772,754,772,902,764
W,923,884,796,741,809,773,754,774,898,761
W,927,884,794,739,810,770,752,772,901,762
W,917,886,795,741,811,773,755,774,899,764
W,926,884,795,741,810,772,754,774,898,764
W,920,883,795,742,808,771,755,774,901,764
W,922,883,796,740,810,771,754,774,898,764
W,923,881,796,741,810,772,755,773,903,761
W,925,882,793,739,808,772,755,773,897,764
W,921,883,796,740,809,772,753,773,898,763
W,922,883,796,741,811,772,755,773,900,762
W,921,882,795,740,805,772,753,774,899,764
W,919,882,797,742,806,772,753,773,900,763
W,924,882,797,741,809,772,753,772,899,763
W,923,881,798,741,806,771,753,774,900,763
W,925,881,797,741,807,772,754,773,901,759
W,920,882,796,741,805,775,755,772,897,761
W,923,881,798,741,806,771,753,774,900,763
W,926,881,798,740,805,772,753,775,899,761
W,929,883,796,741,805,770,753,773,895,763
W,917,883,796,741,803,771,754,774,898,762
W,920,884,797,739,805,771,754,773,897,762
W,921,879,798,739,805,772,753,773,901,762
W,922,882,796,741,806,771,753,773,897,761
W,924,881,798,741,810,771,753,773,898,762
W,919,881,798,739,810,771,754,772,900,762
W,923,884,798,741,810,773,755,773,900,763
W,923,881,798,740,806,771,753,774,897,761
W,924,883,797,739,807,769,754,776,897,760
W,921,882,798,741,807,771,754,773,896,761
W,925,879,797,741,805,772,754,773,900,763
W,920,880,800,741,805,772,754,774,899,762
W,924,881,796,742,803,769,753,773,898,763
W,923,882,798,741,806,770,753,773,896,762
W,922,878,797,739,809,771,753,774,898,763
W,923,883,797,740,805,771,753,773,895,762
W,921,880,797,740,808,771,755,773,897,764
W,920,883,797,740,806,771,754,773,895,761
W,933,878,799,738,805,770,754,773,894,762
W,924,882,799,740,805,772,754,774,899,761
W,922,884,798,742,808,771,754,775,895,763
W,922,885,798,740,803,773,754,774,897,763
W,920,880,797,739,806,773,753,774,897,762
W,924,883,800,743,809,771,753,775,895,762
W,925,879,797,739,803,772,754,773,895,762
W,921,881,798,742,803,772,754,772,897,762
W,920,880,798,740,804,771,755,774,899,762
W,921,881,799,741,802,772,753,775,899,763
W,928,880,799,742,804,770,754,774,897,763
W,922,882,798,741,804,771,754,774,894,763
W,926,880,799,742,809,772,755,774,898,761
W,929,882,799,742,808,771,754,776,896,762
W,929,884,798,741,805,770,753,773,898,761
W,926,891,799,743,806,774,754,774,896,763
W,921,881,799,741,804,772,754,775,895,762
W,925,882,798,741,806,771,754,774,897,759
W,923,884,799,741,805,773,754,773,895,763
W,930,883,798,742,804,771,755,774,896,762
W,929,884,799,739,804,771,755,775,894,761
W,920,884,799,740,805,772,755,775,895,760
W,929,878,798,740,806,771,755,773,897,761
W,925,886,798,740,804,769,754,774,899,763
W,927,883,798,740,806,773,754,774,897,763
W,926,883,798,741,804,772,754,775,898,763
W,926,883,798,741,806,771,753,774,896,763
W,926,880,800,742,806,772,753,774,896,761
W,921,883,800,741,805,771,753,772,896,762
W,921,883,800,739,802,773,753,774,894,762
W,927,882,800,742,805,771,753,774,896,763
W,925,883,800,743,805,774,754,772,896,762
W,926,882,798,740,806,772,752,774,894,763
W,921,879,799,741,805,772,753,774,895,763
W,924,883,800,743,803,772,754,775,894,760
W,924,883,799,742,805,771,753,774,896,761
W,927,882,799,743,803,771,752,774,895,762
W,926,879,799,743,806,773,755,774,893,760
W,923,882,799,739,803,771,754,774,897,761
W,924,878,798,743,802,772,755,774,896,761
W,927,882,800,743,802,772,754,773,895,762
W,927,882,799,740,802,773,755,775,895,762
W,924,882,797,742,802,771,754,775,897,760
W,924,884,799,743,801,771,754,774,895,762
W,926,879,797,740,803,773,754,774,895,760
W,930,879,799,742,801,772,755,774,897,762
W,927,883,798,742,804,773,754,774,896,763
W,926,881,799,742,802,772,754,774,897,762
W,927,882,798,740,802,772,753,774,895,760
W,923,883,799,740,802,772,753,775,898,759
W,925,884,798,741,800,771,754,774,896,760
W,921,880,799,742,800,772,754,773,897,763
W,922,885,801,742,801,771,755,774,897,762
W,926,876,797,743,803,772,754,774,894,761
W,926,878,799,741,799,771,755,773,894,761
W,923,882,799,742,801,773,753,774,897,762
W,928,882,798,741,801,771,754,774,895,761
W,924,879,798,742,800,773,754,773,895,762
W,924,880,796,741,801,771,755,775,894,761
W,925,881,798,742,800,772,754,772,899,760
W,928,882,798,743,800,771,756,774,894,762
W,925,879,799,740,801,770,755,773,894,759
W,924,881,799,743,802,772,755,775,893,762
W,925,880,798,743,801,770,755,770,894,763
W,923,882,798,742,805,772,754,775,896,761
W,929,881,798,742,807,772,754,774,893,761
W,924,882,797,742,809,771,754,774,894,762
W,927,881,798,742,809,771,755,773,892,760
W,929,882,799,742,813,772,754,774,891,761
W,926,879,799,742,812,772,754,775,892,762
W,922,881,797,741,813,772,753,774,894,762
W,928,882,799,741,810,772,755,774,893,762
W,924,882,798,743,808,771,755,774,895,761
W,927,881,798,742,807,769,754,775,895,761
W,926,882,799,743,805,773,754,774,893,759
W,927,882,798,740,805,771,754,773,894,759
W,923,881,799,742,808,771,755,776,894,760
W,923,879,799,743,805,771,754,772,894,762
W,925,878,799,744,805,770,755,774,895,762
W,923,879,798,742,808,770,753,774,894,760
W,929,882,799,740,808,772,754,774,896,760
W,926,881,798,742,811,772,754,774,894,759
W,924,879,799,742,811,771,756,774,891,760
W,930,881,799,741,811,771,757,774,894,761
W,924,881,798,742,807,772,756,772,891,761
W,922,882,799,742,812,771,755,775,891,760
W,925,880,800,742,811,771,755,774,890,760
W,928,878,799,742,815,771,755,774,893,760
W,921,879,799,743,812,770,756,773,891,762
W,930,880,800,740,820,770,755,774,891,759
W,928,881,798,740,824,771,756,774,894,761
W,926,881,798,743,815,770,755,775,890,759
W,929,881,798,740,814,773,755,775,890,761
W,921,879,798,741,810,773,756,775,890,761
W,926,879,800,740,810,772,756,774,891,761
W,932,879,800,742,813,773,756,773,894,758
W,930,879,799,741,814,772,755,773,892,760
W,923,879,800,742,832,772,755,774,891,762
W,924,880,800,742,827,771,754,774,889,757
W,931,879,797,743,825,772,756,775,892,759
W,924,880,800,742,830,775,757,774,892,761
W,927,879,800,742,821,772,756,775,889,760
W,926,878,799,741,815,770,755,773,893,759
W,922,880,800,743,821,771,755,774,891,759
W,924,882,800,742,815,770,756,774,891,758
W,928,879,799,742,813,771,756,773,893,761
W,934,880,798,741,814,772,755,773,893,759
W,930,880,798,742,816,770,756,774,893,760
W,924,882,799,742,817,772,756,774,891,762
W,920,881,799,741,811,770,756,774,891,760
W,929,880,800,741,810,771,758,775,893,761
W,928,878,801,743,808,773,757,775,890,759
W,928,882,800,741,810,771,758,775,893,761
W,927,881,799,739,811,771,757,774,891,759
W,928,882,799,741,812,771,759,775,892,761
W,928,880,800,741,814,773,757,773,890,759
W,926,880,797,744,811,773,757,775,891,758
W,927,879,799,742,823,772,755,774,892,758
W,924,878,800,741,818,769,757,774,893,761
W,924,878,800,741,820,772,756,774,892,760
W,928,880,800,741,819,772,757,772,893,759
W,929,878,801,743,817,771,756,774,893,761
W,923,880,801,743,822,772,756,774,892,760
W,924,878,801,742,817,773,755,773,890,759
W,930,880,800,743,827,771,755,773,891,762
W,923,880,801,742,819,770,755,774,893,758
W,928,879,801,742,810,770,754,773,890,759
W,925,878,800,742,810,771,756,774,894,761
W,925,878,802,741,809,773,756,774,892,759
W,924,878,802,742,805,769,756,774,895,759
W,924,879,800,742,807,772,756,775,889,759
W,924,879,801,742,809,772,756,775,893,759
W,930,883,800,741,810,773,757,774,890,760
W,927,881,801,740,809,772,757,773,893,758
W,929,881,801,742,806,771,757,774,893,761
W,927,881,801,741,808,772,756,774,892,760
W,929,880,802,740,804,770,755,775,891,760
W,927,879,800,741,805,772,755,772,893,759
W,927,880,801,741,805,773,756,773,890,760
W,929,878,800,741,805,772,756,773,893,757
W,924,880,802,741,807,771,756,774,890,761
W,930,879,800,740,808,770,756,774,890,759
W,928,881,801,740,803,771,756,773,890,759
W,927,883,802,742,802,771,757,773,893,760
W,923,878,802,740,805,772,756,774,894,759
W,924,878,801,741,805,772,757,773,892,758
W,928,882,801,743,803,772,757,773,891,759
W,925,881,801,741,805,772,756,772,891,760
W,925,880,800,739,806,773,757,773,892,760
W,928,878,800,742,805,772,755,774,892,760
W,929,877,801,739,806,771,755,775,892,759
W,923,879,802,743,806,773,756,774,892,761
W,927,881,803,741,813,772,756,773,893,758
W,925,879,800,740,806,772,756,774,890,760
W,930,882,802,740,807,771,756,774,893,759
W,926,879,802,742,804,773,755,772,892,760
W,926,884,801,742,803,771,756,773,893,760
W,923,878,802,740,804,772,755,772,892,761
W,922,879,803,742,805,772,754,773,892,761
W,929,878,801,742,804,772,756,773,894,760
W,921,878,802,742,805,770,754,774,891,758
W,926,880,802,742,802,773,753,774,895,758
W,923,880,802,742,805,772,753,774,891,758
W,928,881,804,742,804,770,755,773,894,760
W,927,878,803,739,803,771,755,773,895,761
W,931,876,804,741,807,771,755,774,890,760
W,926,878,804,742,804,771,755,774,894,757
W,926,881,804,741,802,771,755,773,893,760
W,923,877,803,740,804,772,755,774,892,759
W,927,878,804,740,804,771,755,772,892,759
W,923,878,803,740,805,772,755,774,892,760
W,923,880,804,740,807,771,755,774,896,758
W,919,881,804,741,803,771,756,773,894,760
W,921,877,804,741,806,773,755,773,892,759
W,921,881,802,739,805,772,755,773,891,759
W,929,878,804,742,805,772,755,773,895,759
W,925,879,804,741,805,771,756,775,892,758
W,925,878,804,741,805,771,754,773,893,760
W,926,880,803,739,804,770,753,774,891,761
W,923,878,802,742,809,773,754,773,895,760
W,927,879,805,740,808,771,756,774,894,759
W,926,881,805,740,807,771,754,774,892,758
W,924,879,803,740,807,772,755,772,895,759
W,920,880,803,740,809,773,755,773,893,761
W,927,880,804,741,806,772,755,773,896,760
W,924,880,804,741,808,771,754,774,894,760
W,927,882,804,742,808,771,754,773,897,761
W,923,879,803,742,809,770,755,772,895,758
W,926,880,805,741,809,772,754,773,894,763
W,925,879,802,741,808,770,755,773,897,759
W,926,880,803,741,810,772,754,773,895,760
W,923,877,804,740,811,773,755,774,895,759
W,922,880,802,740,810,772,754,773,895,758
W,926,877,804,741,810,771,755,773,894,761
W,926,878,803,740,809,772,754,773,893,759
W,928,880,804,739,807,772,754,773,892,758
W,926,878,804,741,806,772,754,772,894,759
W,921,876,803,739,804,772,754,774,891,759
W,929,878,804,741,806,771,754,774,894,760
W,924,881,804,740,808,772,754,772,894,760
W,928,880,803,742,806,772,754,772,893,760
W,929,878,804,739,806,772,754,774,896,760
W,921,881,804,741,806,771,754,773,894,759
W,927,878,804,741,808,771,755,774,896,760
W,924,879,803,742,816,773,754,773,893,760
W,927,882,804,743,808,770,754,773,893,759
W,923,880,805,741,811,772,754,772,893,760
W,930,880,806,740,810,770,755,775,893,760
W,928,879,804,741,814,773,755,772,897,757
W,923,879,805,740,807,771,755,773,894,761
W,923,876,805,742,810,773,755,773,895,760
W,924,879,804,741,807,772,754,773,895,758
W,921,876,803,741,808,772,754,773,895,758
W,927,880,804,741,807,772,755,773,895,761
W,923,880,804,738,811,769,754,773,896,760
W,926,879,805,741,806,772,754,772,895,759
W,928,879,805,742,807,772,755,772,893,759
W,927,878,805,740,808,771,755,773,892,760
W,923,878,804,742,808,772,756,772,894,760
W,927,876,805,742,808,771,755,771,891,758
W,928,879,804,742,808,772,755,773,893,760
W,922,878,803,741,812,773,754,773,893,759
W,926,881,805,740,813,770,754,773,892,758
W,924,881,804,740,810,771,754,772,892,761
W,925,878,806,742,811,771,755,774,893,759
W,926,881,803,743,814,768,755,773,895,759
W,923,878,804,741,810,771,753,774,894,758
W,927,877,805,741,808,771,753,775,893,760
W,926,878,804,741,805,772,755,774,892,759
W,926,879,804,741,807,773,754,773,893,758
W,929,878,803,742,808,770,754,774,893,760
W,925,879,804,742,809,770,755,773,895,759
W,926,876,805,740,806,772,755,773,896,758
W,928,882,805,742,809,772,755,774,895,758
W,923,878,803,741,806,771,753,774,894,758
W,922,876,804,742,805,772,753,773,895,760
W,923,878,803,742,804,772,753,773,894,757
W,923,879,806,742,805,771,755,773,895,758
W,921,880,804,741,803,772,755,774,895,759
W,922,877,801,739,803,771,756,774,891,759
W,930,880,804,740,805,772,754,773,893,759
W,923,878,804,741,804,771,755,773,894,760
W,921,878,804,742,805,772,753,773,894,759
W,929,877,803,742,808,773,755,773,895,760
W,927,871,802,741,809,773,755,772,896,759
W,924,878,804,742,806,772,754,773,895,760
W,927,881,804,740,807,772,755,773,896,757
W,924,880,803,741,806,772,755,774,894,760
W,921,876,805,742,807,771,755,773,895,760
W,928,880,805,742,804,771,754,774,893,758
W,924,880,802,744,804,773,754,774,895,759
W,932,874,804,743,802,771,755,773,895,758
W,925,878,804,742,803,772,754,773,894,757
W,928,878,804,742,804,770,755,772,895,759
W,927,878,805,742,805,771,754,774,895,760
W,920,878,804,740,805,771,754,772,894,758
W,933,878,803,742,801,772,754,773,896,759
W,926,880,803,741,800,771,755,773,895,761
W,931,882,805,739,801,772,754,774,895,758
W,925,878,805,740,801,772,755,773,896,759
W,925,879,807,742,803,770,757,773,896,757
W,923,878,804,742,802,772,755,773,896,758
W,925,880,804,741,821,772,754,774,897,759
W,924,881,805,740,823,772,754,773,896,758
W,923,882,805,741,814,771,754,775,895,758
W,927,878,805,740,813,769,756,774,896,758
W,924,876,805,743,811,772,754,773,894,759
W,921,877,805,741,814,771,756,773,895,758
W,928,880,804,742,808,772,754,773,894,757
W,930,874,807,741,808,772,756,773,894,759
W,929,879,804,741,806,772,754,774,896,757
W,922,879,803,742,803,773,757,773,894,759
W,928,878,803,742,803,772,756,772,893,759
W,927,879,805,742,802,773,757,774,897,758
W,930,879,803,739,802,772,756,774,894,758
W,927,878,805,741,802,771,756,774,896,759
W,923,880,805,740,800,772,755,774,895,758
W,929,878,804,741,804,772,756,774,893,757
W,929,877,803,740,805,773,756,773,894,757
W,928,880,804,741,804,771,756,773,893,758
W,918,880,804,741,801,772,754,772,895,759
W,930,882,805,742,800,772,754,773,895,758
W,919,877,803,742,801,773,755,773,893,758
W,921,881,803,740,802,770,754,774,892,757
W,923,879,805,743,806,772,756,773,894,757
W,930,876,803,741,803,772,755,773,895,759
W,926,877,804,742,806,771,756,775,894,758
W,924,881,805,741,803,772,755,774,895,759
W,924,879,804,740,805,772,756,773,893,759
W,928,877,803,739,805,773,756,774,893,757
W,927,878,804,741,804,773,755,773,894,757
W,928,879,804,740,804,772,754,773,897,756
W,924,879,803,742,803,771,755,773,895,757
W,930,877,800,741,804,772,756,772,896,756
W,924,878,804,741,803,773,754,774,894,758
W,931,877,803,743,804,772,754,774,892,758
W,924,881,805,741,806,774,753,771,896,753
W,924,880,803,741,805,773,755,773,895,757
W,925,879,802,742,805,772,754,775,893,758
W,924,880,804,741,803,772,754,773,891,758
W,925,879,804,740,805,772,756,773,894,758
W,930,878,805,742,805,773,753,774,894,757
W,926,880,805,740,804,772,754,772,892,757
W,922,881,803,742,803,773,753,773,893,758
W,925,878,804,741,804,771,755,773,889,758
W,920,875,806,742,802,772,756,773,893,756
W,927,878,803,743,804,771,753,773,894,757
W,927,879,804,742,806,773,755,775,898,757
W,929,878,803,743,802,772,754,773,894,758
W,928,878,803,742,802,772,754,773,894,759
W,925,882,803,742,804,772,754,773,892,757
W,926,880,803,741,800,770,756,772,892,757
W,929,878,805,742,799,773,754,774,895,759
W,923,879,804,743,800,773,756,773,893,758
W,933,881,803,740,801,772,756,773,893,756
W,928,881,803,741,801,772,755,773,895,755
W,931,877,804,742,801,772,754,774,895,759
W,930,877,803,742,802,770,755,773,895,756
W,925,880,804,741,801,772,756,773,891,757
W,926,876,802,741,800,772,754,772,893,759
W,924,880,803,741,801,772,754,773,895,758
W,925,879,805,740,800,771,754,774,891,757
W,927,879,803,742,800,773,755,774,895,758
W,924,877,804,743,801,771,756,775,893,756
W,923,877,804,741,801,771,755,772,892,758
W,933,877,805,741,800,772,754,773,893,756
W,930,881,806,739,802,772,754,773,894,758
W,929,877,802,741,803,772,754,775,896,759
W,926,881,805,741,800,771,755,773,894,757
W,928,878,804,741,802,772,755,772,895,758
W,925,877,803,742,801,771,755,772,892,758
W,928,877,804,742,802,772,754,773,894,756
W,929,878,805,742,803,771,754,774,893,757
W,928,879,804,740,800,771,755,775,893,758
W,923,878,803,742,801,771,755,773,893,756
W,923,877,803,741,800,771,755,774,895,758
W,929,879,805,741,801,772,754,774,895,757
W,925,878,802,740,801,773,756,775,895,758
W,930,879,806,743,803,772,755,774,893,758
W,930,877,803,741,800,770,755,775,895,757
W,925,873,803,741,802,773,755,773,895,759
W,926,876,804,741,800,772,755,774,892,758
W,928,877,803,743,801,772,755,773,893,756
W,922,880,804,742,802,772,754,772,893,757
W,925,878,803,740,801,772,754,772,895,756
W,928,876,805,741,801,772,757,776,891,757
W,925,878,803,740,801,772,753,775,895,757
W,925,879,804,740,801,771,756,773,894,757
W,926,877,804,741,804,772,756,774,896,759
W,924,877,804,742,804,772,755,773,893,762
W,923,876,803,741,804,772,755,774,893,756
W,923,880,805,741,804,771,755,774,894,759
W,923,875,804,744,805,773,754,773,896,758
W,928,879,803,742,799,771,756,773,898,756
W,925,879,803,741,802,771,755,774,894,757
W,928,879,805,740,803,770,756,774,895,758
W,929,879,802,741,803,771,755,774,894,758
W,925,879,804,742,803,772,755,773,895,758
W,925,880,804,741,803,772,755,774,895,757
W,922,877,802,743,805,771,756,773,896,757
W,921,876,804,739,804,772,754,772,894,756
W,924,878,804,740,804,772,756,773,893,759
W,923,879,803,742,804,773,755,773,896,757
W,924,876,804,742,804,770,755,773,896,759
W,924,880,802,741,803,770,754,773,893,757
W,922,876,804,741,804,772,755,775,893,757
W,925,884,802,741,802,771,756,774,894,756
W,927,878,803,742,801,771,756,773,895,756
W,929,876,804,741,807,772,756,774,895,756
W,927,878,804,742,803,773,756,774,894,758
W,922,877,805,743,803,772,756,773,893,757
W,926,876,803,741,803,771,757,774,896,758
W,922,876,803,740,802,772,757,774,895,758
W,928,880,804,740,802,773,757,772,894,757
W,929,877,803,740,802,773,755,773,892,757
W,922,877,803,742,801,771,756,772,892,758
W,928,879,804,743,799,772,756,774,893,757
W,928,879,804,740,804,772,756,774,894,757
W,929,879,803,742,802,773,754,772,894,758
W,925,878,804,742,803,772,753,772,897,757
W,926,880,803,741,804,771,755,774,895,758
W,924,878,804,741,801,771,755,773,892,756
W,926,879,802,742,804,771,757,772,893,758
W,924,878,803,741,802,773,755,774,896,756
W,928,876,803,743,802,773,756,774,893,757
W,926,876,802,742,802,770,755,773,890,757
W,924,876,803,741,803,773,756,774,891,758
W,928,878,803,741,802,772,756,772,893,758
W,926,877,803,740,801,772,756,774,895,757
W,926,876,805,743,802,774,755,775,895,756
W,929,878,804,742,802,771,755,773,894,758
W,925,877,805,740,801,770,757,773,890,758
W,925,879,804,740,801,771,756,774,897,757
W,926,879,805,743,803,771,756,772,892,759
W,926,877,803,742,800,769,755,773,895,757
W,921,876,805,742,803,771,754,772,893,758
W,924,878,803,743,800,772,755,774,892,756
W,923,879,803,741,801,772,754,773,894,756
W,927,875,804,740,799,773,754,772,893,756
W,924,876,803,740,799,772,755,772,892,756
W,927,878,803,742,802,771,755,772,890,757
W,924,880,803,743,799,772,756,774,893,755
W,926,877,803,743,801,772,755,774,892,755
W,927,877,801,743,800,772,755,774,894,757
W,930,879,803,741,799,772,755,773,895,757
W,924,877,804,740,800,771,756,774,896,757
W,925,877,805,743,801,772,755,773,892,756
W,922,876,803,740,798,774,754,772,893,758
W,922,878,804,741,800,771,756,773,895,758
W,924,879,802,741,799,771,755,773,891,756
W,925,876,804,741,799,773,755,774,894,759
W,924,878,804,742,802,771,754,772,893,758
W,925,879,803,742,801,770,755,774,895,758
W,928,878,802,742,801,771,755,774,897,757
W,921,877,804,741,800,771,756,773,892,758
W,920,879,804,740,801,771,755,772,894,755
W,924,876,805,741,802,773,755,774,895,758
W,925,876,804,742,804,772,757,773,892,756
W,924,876,805,743,801,772,756,773,891,756
W,920,878,805,741,801,773,755,774,893,758
W,923,879,803,740,801,772,756,773,893,755
W,926,876,804,743,800,771,757,773,894,758
W,924,876,802,741,799,771,754,774,893,755
W,926,877,802,742,799,770,757,774,892,757
W,922,879,803,741,801,773,756,775,895,758
W,923,878,806,742,800,773,755,773,895,757
W,924,878,804,740,801,772,755,773,893,756
W,929,879,806,741,801,769,756,775,895,755
W,924,876,805,742,801,771,755,774,892,756
W,926,879,803,741,800,771,756,772,894,756
W,928,880,803,741,799,771,756,774,894,757
W,922,880,804,742,801,770,754,774,892,757
W,928,878,805,740,799,771,756,772,890,757
W,923,876,803,742,801,771,756,772,892,758
W,933,880,803,742,800,771,756,774,895,756
W,925,879,803,742,800,773,756,772,890,757
W,923,876,805,742,800,772,756,773,894,756
W,929,879,804,742,800,772,755,773,894,758
W,925,877,804,740,801,772,755,773,895,757
W,929,874,803,744,798,770,754,773,892,757
W,921,879,806,743,799,772,756,773,895,756
W,925,879,804,741,800,772,755,773,894,757
W,925,879,807,742,801,769,754,775,895,756
W,926,877,804,740,801,771,756,772,893,756
W,921,878,805,740,802,771,755,773,894,754
W,921,876,805,742,803,773,754,771,895,756
W,923,878,805,743,802,773,756,772,892,756
W,923,876,804,741,801,772,754,773,894,756
W,925,876,805,740,801,773,756,775,896,756
W,928,877,805,742,800,772,756,772,894,757
W,921,876,802,741,801,772,755,774,893,757
W,924,877,805,740,802,772,754,774,895,757
W,926,879,804,742,801,771,755,774,895,757
W,926,874,805,740,801,772,755,773,896,757
W,921,878,804,741,801,770,755,774,896,758
W,926,876,804,743,800,771,756,773,895,756
W,923,876,804,742,801,773,755,774,895,759
W,924,877,802,742,802,771,755,773,895,756
W,927,879,805,741,802,772,756,773,892,757
W,925,876,805,741,800,772,755,773,895,756
W,927,877,805,741,799,771,754,773,892,758
W,934,877,802,741,800,771,755,774,893,757
W,923,875,805,741,798,771,755,774,892,756
W,929,880,804,741,798,772,756,773,892,756
W,923,879,803,742,796,771,755,773,894,757
W,924,877,803,742,801,772,755,774,895,756
W,924,878,804,741,799,771,755,774,895,756
W,928,876,803,742,800,772,756,772,891,759
W,920,876,804,741,800,772,756,774,893,758
W,925,877,805,741,799,772,756,772,894,757
W,925,879,804,742,801,772,755,772,894,757
W,921,879,805,742,800,771,755,774,896,755
W,933,871,805,740,800,772,755,773,895,756
W,925,880,804,740,798,772,755,774,894,758
W,930,882,804,742,799,771,755,772,894,755
W,924,875,804,743,798,772,756,772,894,758
W,927,877,805,741,801,770,756,774,894,757
W,927,877,805,743,800,772,756,775,894,759
W,921,876,802,741,799,771,756,774,893,756
W,928,878,806,741,801,772,756,775,895,756
W,924,879,804,740,800,770,755,774,892,755
W,928,878,803,742,801,772,755,772,891,755
W,925,876,805,741,801,772,758,772,888,755
W,934,877,805,743,799,770,756,773,892,757
W,922,879,804,742,801,771,755,773,893,755
W,925,876,804,743,798,771,755,773,894,758
W,929,880,805,743,800,772,755,773,892,757
W,931,875,804,742,796,775,754,774,893,758
W,928,880,803,742,803,770,754,774,894,754
W,923,876,803,742,799,772,756,773,894,756
W,923,877,803,742,799,773,756,773,895,758
W,930,881,805,741,800,772,755,772,894,756
W,928,880,806,743,799,772,756,772,894,757
W,927,877,805,743,800,771,755,774,892,758
W,928,880,805,743,801,772,756,774,893,756
W,930,882,805,743,799,772,755,773,894,756
W,921,877,804,742,799,771,756,774,893,755
W,931,880,805,745,801,771,756,775,895,757
W,926,878,806,742,800,772,756,773,892,757
W,926,878,806,743,800,770,756,773,892,758
W,927,879,807,741,799,771,755,772,894,756
W,922,880,805,743,800,771,756,773,894,756
W,921,879,805,742,799,770,755,772,892,758
W,926,878,807,743,801,771,755,775,893,757
W,925,876,807,743,800,772,756,774,892,757
W,926,882,805,743,801,771,755,773,894,755
W,926,878,805,742,801,771,755,774,893,756
W,925,880,807,745,803,772,755,775,893,755
W,927,876,805,745,801,771,756,773,891,758
W,921,881,805,743,802,772,756,773,895,757
W,922,875,805,743,802,772,755,773,893,758
W,926,881,805,744,802,773,754,773,895,756
W,921,878,805,744,801,771,755,776,897,759
W,926,880,806,742,800,773,756,773,894,756
W,928,877,806,743,803,771,756,773,892,757
W,924,878,805,743,802,770,755,775,895,755
W,927,878,805,745,800,773,755,773,891,755
W,927,877,807,742,802,773,755,774,894,754
W,925,879,808,743,803,773,757,773,896,757
W,927,878,805,744,802,771,756,774,894,755
W,926,877,804,741,803,773,755,773,895,756
W,922,879,805,743,801,771,756,774,893,756
W,927,880,804,744,802,773,756,772,898,755
W,924,880,804,742,803,771,755,774,893,756
W,924,879,804,744,803,772,755,773,893,756
W,935,881,805,742,805,772,755,774,893,757
W,928,878,806,743,806,771,756,775,896,757
W,924,873,806,742,803,773,756,774,892,758
W,926,875,806,743,807,772,754,773,895,756
W,922,877,807,741,804,773,755,774,895,757
W,927,877,806,743,803,771,755,773,891,756
W,918,877,807,745,807,774,754,773,893,758
W,925,879,807,741,804,772,756,775,893,757
W,923,876,806,744,803,770,756,773,897,755
W,925,877,805,742,803,772,755,773,894,758
W,930,879,805,742,805,770,755,776,888,755
W,922,879,806,744,806,771,755,775,893,756
W,926,876,806,741,805,771,754,775,893,757
W,923,881,809,744,805,772,756,773,895,758
W,923,878,806,743,805,772,755,775,896,756
W,922,877,805,745,806,771,756,775,892,757
W,925,876,806,745,803,772,756,773,896,756
W,924,876,806,744,806,773,755,773,894,756
W,925,878,807,741,805,773,756,775,895,756
W,924,879,807,745,805,772,756,775,894,756
W,923,878,806,744,804,771,755,774,895,759
W,930,878,807,744,803,773,756,774,893,757
W,929,877,806,744,805,774,756,775,891,757
W,921,874,807,743,804,771,755,774,895,756
W,929,877,806,744,802,772,755,773,895,758
W,925,877,805,745,802,773,754,773,892,757
W,931,874,808,743,806,773,756,774,896,757
W,924,875,807,744,802,770,755,774,891,757
W,924,878,807,744,804,772,755,773,895,756
W,920,877,807,743,803,772,754,773,894,757
W,925,879,808,743,801,771,753,774,893,757
W,924,877,806,743,801,771,755,774,893,758
W,928,880,807,742,804,772,755,774,894,757
W,924,878,807,743,803,772,756,774,897,758
W,927,878,807,744,803,772,756,774,896,758
W,920,874,807,744,804,771,755,774,891,756
W,927,875,806,743,805,770,756,774,893,759
W,927,877,808,744,803,771,755,773,894,757
W,927,877,806,744,802,771,755,774,894,755
W,922,879,807,744,804,772,754,775,892,757
W,930,875,806,745,801,771,756,773,894,757
W,925,877,808,745,803,773,756,775,893,756
W,927,878,807,742,803,771,753,774,893,758
W,923,878,806,745,804,771,755,773,893,755
W,929,877,805,746,804,772,754,774,892,755
W,929,877,805,743,806,773,754,774,894,756
W,927,879,808,745,804,773,753,773,897,756
W,926,878,807,745,805,773,755,773,896,756
W,930,882,808,744,804,772,754,774,892,755
W,921,877,805,743,804,770,755,775,894,755
W,925,881,807,744,803,772,755,774,895,756
W,923,880,807,743,802,771,756,774,895,758
W,930,874,808,744,801,771,755,773,892,757
W,928,878,805,743,802,772,755,775,892,757
W,928,876,807,742,802,771,756,774,891,756
W,925,876,805,743,802,771,755,772,895,755
W,928,881,807,744,802,772,756,775,894,757
W,925,877,807,741,804,772,754,774,894,758
W,928,879,808,743,804,772,756,773,891,757
W,922,873,806,741,805,771,755,773,896,758
W,928,875,808,744,803,772,755,773,895,758
W,923,882,807,743,803,772,755,772,896,756
W,924,880,806,743,802,771,755,775,896,756
W,922,879,807,744,805,771,756,775,895,757
W,925,880,808,743,803,773,756,774,896,755
W,923,879,804,745,803,772,755,774,894,755
W,920,877,807,742,801,773,756,775,895,756
W,928,880,806,743,804,772,754,774,892,756
W,926,877,806,744,802,771,754,775,894,758
W,924,878,806,741,802,770,755,774,892,757
W,927,879,807,744,803,773,755,774,894,756
W,924,877,808,742,804,772,755,775,894,756
W,922,880,806,742,804,771,755,773,894,757
W,922,878,806,743,802,773,756,775,892,756
W,925,877,808,744,802,773,754,774,897,757
W,923,882,807,744,805,771,754,774,894,755
W,924,880,807,744,805,771,754,774,894,757
W,926,879,806,742,805,772,755,773,896,756
W,924,878,806,743,802,772,755,772,893,757
W,918,876,806,744,806,772,756,773,893,755
W,926,880,807,742,806,771,755,773,894,758
W,929,876,805,743,804,772,754,771,894,756
W,927,879,806,743,804,771,755,773,895,757
W,928,879,807,742,802,772,755,771,891,756
W,928,876,807,742,804,771,755,773,895,755
W,925,878,808,744,802,773,756,774,895,758
W,928,877,807,743,802,770,756,774,896,756
W,929,877,804,744,802,773,754,773,893,757
W,926,878,806,742,804,771,755,772,895,758
W,926,877,807,743,800,771,755,773,893,757
W,927,878,807,743,803,772,753,773,898,756
W,931,878,807,743,802,772,754,773,893,755
W,922,880,808,743,802,773,755,775,893,755
W,925,877,803,742,800,771,754,773,892,758
W,921,878,807,743,804,772,756,775,893,758
W,926,879,807,744,803,771,754,774,892,757
W,924,881,806,743,802,771,754,773,894,758
W,924,879,808,743,803,771,754,774,894,757
W,930,881,807,743,805,771,755,774,894,758
W,922,878,807,743,805,772,755,774,893,757
W,923,879,807,743,805,771,754,773,892,758
W,922,875,806,743,802,771,755,774,896,754
W,927,877,808,742,803,773,754,772,896,758
W,920,879,807,743,804,772,755,773,894,757
W,921,879,806,744,801,773,755,774,896,756
W,923,878,807,744,802,773,755,774,893,758
W,925,878,807,742,802,770,754,774,892,755
W,926,882,808,742,801,771,757,775,893,755
W,929,877,807,744,802,771,753,775,895,756
W,923,875,809,743,801,772,754,774,891,758
W,923,880,808,744,803,773,753,774,895,755
W,922,876,808,741,802,771,756,772,892,756
W,927,876,805,745,805,772,753,774,897,756
W,922,879,807,744,804,772,753,773,894,757
W,922,879,809,742,804,773,756,774,890,756
W,929,879,808,742,802,772,755,773,893,756
W,925,878,808,743,803,771,755,773,896,756
W,922,877,807,742,804,773,755,774,892,756
W,920,875,808,742,805,771,755,774,894,757
W,918,877,809,743,804,771,753,774,893,757
W,926,876,808,742,803,772,755,773,894,757
W,920,878,807,741,803,773,755,774,894,757
W,923,876,808,744,803,772,753,773,896,756
W,926,877,808,742,803,772,754,772,891,754
W,921,879,808,742,806,772,753,776,898,757
W,928,880,807,742,803,771,754,773,892,755
W,922,879,808,744,805,772,755,773,896,758
W,925,878,808,744,806,771,754,773,896,757
W,926,879,808,744,806,773,754,774,893,757
W,922,875,808,743,805,773,755,775,892,756
W,923,877,808,744,804,772,754,772,894,757
W,928,878,808,743,805,771,754,775,894,757
W,924,877,808,742,805,772,754,773,894,756
W,922,877,808,744,806,772,755,772,893,758
W,930,879,809,744,806,771,755,775,891,758
W,926,878,807,744,803,771,754,773,892,756
W,924,876,808,742,805,773,756,771,897,756
W,924,876,807,743,806,773,753,774,893,757
W,922,876,808,743,805,769,756,772,893,759
W,929,876,808,743,806,773,755,772,892,754
W,926,878,808,744,805,771,754,774,894,756
W,930,879,809,744,804,772,755,773,894,757
W,922,876,809,743,805,771,755,774,895,757
W,926,878,809,741,803,771,755,772,895,756
W,924,879,807,744,804,772,755,773,894,757
W,923,879,809,743,804,771,755,775,893,755
W,927,874,809,742,802,772,754,773,895,756
W,927,878,807,742,801,771,756,775,895,756
W,918,876,807,742,804,771,754,775,893,757
W,927,874,808,744,803,773,754,774,899,755
W,928,878,808,744,804,771,755,775,893,757
W,927,875,808,744,804,771,755,774,892,757
W,924,880,807,744,805,773,754,773,896,757
W,921,876,809,741,804,771,754,773,892,757
W,921,879,809,743,805,772,755,774,892,755
W,923,879,807,745,805,771,755,773,891,756
W,922,875,809,742,802,771,755,774,895,756
W,928,875,810,745,803,772,754,775,895,758
W,923,874,808,744,803,771,754,774,892,758
W,924,876,808,744,805,770,754,775,893,756
W,926,878,809,743,806,770,755,772,895,755
W,923,879,809,743,806,773,754,773,895,755
W,922,876,808,742,803,773,755,775,896,757
W,922,878,808,743,805,772,755,773,894,757
W,925,874,808,743,804,771,755,772,893,757
W,921,877,807,743,804,771,754,774,896,756
W,927,877,809,744,804,772,754,773,895,757
W,924,875,808,743,805,772,754,773,896,757
W,923,875,808,745,806,773,755,773,894,756
W,927,876,809,745,805,772,755,773,892,758
W,926,874,807,742,803,770,754,775,894,755
W,922,877,808,743,803,772,755,772,892,758
W,924,877,809,743,804,772,756,773,894,757
W,917,875,810,744,803,772,756,774,892,757
W,925,874,808,744,804,773,756,774,895,755
W,923,875,807,745,803,772,754,772,894,756
W,921,878,807,744,803,772,755,773,894,757
W,924,875,807,744,803,773,755,774,892,756
W,930,876,808,743,804,772,755,773,896,755
W,926,876,808,742,804,771,754,774,892,757
W,922,878,807,743,803,771,756,773,894,755
W,921,874,807,744,805,771,755,771,895,756
W,928,875,807,744,803,773,754,772,893,757
W,925,878,807,743,802,772,755,774,892,757
W,922,874,808,745,803,771,755,771,895,760
W,924,876,809,743,802,772,756,773,894,757
W,923,876,808,744,803,771,755,774,892,755
W,922,879,806,743,803,772,755,772,894,755
W,921,875,808,744,803,772,755,773,892,755
W,925,875,806,740,801,770,754,773,892,756
W,928,877,808,742,802,772,755,774,893,758
W,922,876,809,743,801,772,755,774,894,756
W,925,879,807,743,802,772,754,773,895,758
W,927,875,808,743,803,772,754,774,892,757
W,924,876,807,743,802,772,756,774,895,759
W,919,876,810,742,803,773,755,774,893,754
W,927,876,808,743,803,771,756,774,893,757
W,922,875,808,744,803,772,756,773,894,756
W,927,878,807,743,803,771,756,773,893,756
W,930,877,809,743,804,771,756,775,893,755
W,928,877,809,745,806,770,755,773,894,757
W,922,877,809,743,802,772,755,773,892,757
W,922,875,808,745,804,772,757,773,896,758
W,921,876,810,741,803,770,755,773,891,755
W,925,876,808,744,804,772,755,774,892,756
W,923,876,809,743,804,770,756,773,891,757
W,923,876,807,743,801,771,756,775,894,754
W,930,878,809,744,803,772,755,773,890,755
W,928,878,808,745,804,773,756,774,893,757
W,925,875,810,744,802,773,755,773,891,755
W,926,875,809,744,802,773,756,773,894,755
W,920,875,808,741,802,770,755,774,891,756
W,925,877,808,744,803,772,755,773,895,755
W,926,877,808,744,803,772,755,774,890,758
W,926,878,807,745,803,770,757,771,894,756
W,927,879,809,744,805,771,756,775,891,756
W,931,881,807,746,801,770,756,773,891,757
W,920,874,809,742,804,772,755,774,892,757
W,928,877,809,744,804,773,756,773,891,754
W,923,874,807,743,803,770,756,773,892,756
W,925,876,809,743,805,772,756,774,891,757
W,929,875,809,744,805,772,756,772,891,756
W,922,876,809,744,805,771,754,773,893,754
W,929,876,809,743,808,772,756,772,893,757
W,925,879,809,742,803,773,756,772,893,757
W,927,879,809,742,804,772,756,774,894,757
W,924,878,810,744,805,771,754,772,894,756
W,923,879,809,744,803,772,756,774,894,755
W,924,878,807,744,801,772,755,774,892,755
W,923,875,809,744,803,771,756,772,894,756
W,926,875,808,743,805,773,756,774,893,755
W,927,874,807,743,804,772,756,774,893,754
W,924,879,810,743,807,772,755,775,891,756
W,924,876,808,744,805,772,754,774,893,755
W,926,878,810,742,804,774,757,769,895,757
W,926,879,808,743,804,771,756,774,894,757
W,924,877,808,745,805,770,755,771,895,755
W,922,876,808,744,802,771,756,774,891,754
W,929,876,808,743,803,772,755,773,895,755
W,918,874,807,745,803,773,755,774,892,757
W,927,877,809,743,802,772,755,772,892,754
W,923,878,808,744,803,771,754,772,892,756
W,928,879,810,743,804,772,756,773,892,758
W,918,878,810,743,803,773,755,773,892,757
W,924,876,807,743,803,772,755,774,892,756
W,922,870,808,743,802,771,756,774,893,755
W,922,876,808,744,805,772,755,775,895,756
W,921,878,808,744,803,771,756,772,894,756
W,924,878,810,745,803,774,757,773,892,755
W,924,877,808,744,805,773,756,773,892,755
W,927,874,808,745,804,771,756,774,895,758
W,926,877,809,743,804,772,755,772,892,757
W,926,874,807,744,805,772,756,773,894,755
W,926,876,810,743,803,770,755,774,895,757
W,921,875,809,743,804,772,755,774,893,756
W,923,875,809,742,805,773,755,772,891,756
W,921,877,809,744,805,772,755,773,891,756
W,923,875,808,743,804,771,756,775,893,757
W,928,877,808,743,804,774,756,773,892,755
W,925,876,809,743,803,773,755,774,894,756
W,923,872,807,743,806,770,755,772,892,753
W,922,875,807,743,804,772,755,775,891,756
W,927,876,808,744,805,772,757,773,890,755
W,923,872,808,744,804,772,756,773,892,755
W,926,875,809,742,803,772,756,774,893,757
W,923,875,808,742,803,773,755,774,891,755
W,927,875,809,744,806,772,755,771,892,756
W,920,877,809,745,804,770,755,774,892,757
W,927,875,808,744,804,771,756,773,892,756
W,923,873,808,743,807,772,757,773,891,754
W,924,874,808,742,807,771,756,772,891,756
W,928,875,809,743,807,771,756,773,892,756
W,924,872,809,742,806,773,755,772,892,755
W,925,874,808,743,806,769,756,772,892,757
W,924,874,809,744,805,770,757,775,890,755
W,925,874,808,743,807,771,756,774,894,757
W,928,874,807,743,807,770,755,774,895,757
W,922,874,809,743,807,773,756,775,894,757
W,928,875,807,745,807,769,756,772,895,758
W,925,874,808,745,805,772,756,775,891,757
W,924,876,808,742,804,772,755,773,892,756
W,921,873,809,744,805,771,755,773,892,757
W,924,875,810,744,803,773,755,773,891,758
W,923,873,809,744,805,772,756,775,892,755
W,928,876,809,745,806,773,756,773,896,758
W,927,874,809,744,807,771,755,773,894,757
W,923,875,807,743,806,772,754,772,893,756
W,922,880,808,743,806,771,756,773,894,755
W,927,875,807,744,805,771,756,772,894,755
W,929,876,810,742,805,771,756,772,894,755
W,924,875,807,743,806,771,755,774,892,756
W,924,874,808,745,805,772,756,773,894,755
W,921,875,808,742,807,770,755,772,894,756
W,926,876,809,743,805,772,755,772,892,757
W,928,876,809,743,806,771,755,775,892,754
W,926,874,809,743,805,772,756,773,895,757
W,927,876,809,745,802,770,757,774,891,756
W,922,877,809,743,804,771,755,774,891,757
W,924,876,808,744,803,773,755,773,894,756
W,925,877,809,743,803,773,756,774,892,756
W,922,874,811,741,805,772,755,774,892,755
W,922,874,809,744,802,772,755,773,894,755
W,924,871,807,744,803,772,754,774,894,758
W,928,877,808,743,804,773,756,774,892,754
W,922,875,809,744,804,772,755,771,893,757
W,923,875,809,744,806,773,756,775,891,757
W,928,877,809,743,801,771,756,774,893,757
W,922,875,809,743,804,771,755,773,893,756
W,928,873,810,743,805,773,755,771,891,757
W,928,874,809,743,804,772,756,773,890,755
W,928,873,810,742,802,770,755,772,892,756
W,924,876,808,744,804,772,755,773,896,756
W,926,873,809,744,804,772,755,774,895,754
W,927,878,810,744,803,771,756,772,895,757
W,927,877,809,745,804,772,756,774,893,757
W,922,874,809,744,803,771,754,775,895,757
W,924,874,809,743,803,771,755,775,891,756
W,925,872,805,746,804,773,755,774,891,755
W,923,875,808,744,802,772,755,773,891,756
W,924,878,809,745,803,773,754,772,891,753
W,927,873,809,746,804,772,755,773,892,757
W,922,873,807,744,803,771,755,773,893,757
W,921,874,808,744,802,772,756,773,894,757
W,924,877,808,743,804,773,756,773,891,756
W,928,877,810,743,802,772,755,773,892,755
W,927,876,808,745,802,770,755,773,892,757
W,922,877,808,742,804,771,756,774,894,756
W,919,878,807,743,803,771,755,774,890,756
W,926,875,809,744,804,774,755,775,891,755
W,928,876,809,744,802,771,757,774,895,756
W,920,875,808,745,804,771,755,773,892,754
W,925,874,809,744,805,770,755,773,891,754
W,927,877,808,743,802,772,755,774,892,756
W,918,879,808,744,806,773,755,774,891,754
W,923,874,808,745,803,772,755,773,894,756
W,924,871,809,746,801,771,755,777,894,756
W,926,874,810,743,804,773,755,775,892,755
W,926,874,810,744,804,773,756,772,893,757
W,922,875,807,743,803,773,756,772,891,757
W,927,877,809,744,803,772,755,774,892,756
W,926,877,808,742,805,773,755,775,895,758
W,921,875,808,744,803,773,755,775,890,758
W,926,875,807,743,804,773,754,774,887,759
W,928,876,810,744,805,770,757,773,893,754
W,924,874,808,744,804,772,755,773,892,755
W,928,875,810,742,803,770,757,773,892,757
W,925,877,809,745,803,772,755,774,893,755
W,923,874,808,744,802,771,754,774,895,757
W,925,874,809,745,802,772,753,772,892,755
W,920,874,808,744,805,773,757,773,890,756
W,921,873,807,744,802,772,754,773,895,757
W,926,877,809,745,802,773,757,776,897,756
W,927,875,808,744,803,771,756,777,888,757
W,920,880,810,744,804,773,757,772,892,756
W,925,875,809,744,802,772,755,773,891,757
W,922,875,807,743,802,772,756,774,891,756
W,925,877,809,744,803,773,757,775,892,757
W,926,876,809,743,804,772,755,774,893,756
W,925,873,808,741,805,772,755,771,894,755
W,924,874,807,744,805,771,756,774,891,755
W,927,875,809,743,802,771,757,774,892,755
W,923,874,808,744,803,772,756,773,892,757
W,923,876,810,746,804,772,756,775,891,755
W,921,872,808,743,805,771,756,773,893,755
W,929,877,809,742,806,772,756,773,892,755
W,922,875,809,744,804,771,755,773,894,756
W,923,871,809,744,802,772,757,772,892,757
W,925,877,809,743,804,773,755,772,893,755
W,925,875,810,743,807,772,755,773,891,759
W,923,877,810,745,804,772,755,772,894,755
W,926,877,810,743,802,773,756,772,894,756
W,926,878,808,745,804,772,755,774,895,756
W,926,876,809,745,802,771,757,775,891,755
W,921,878,807,743,804,771,756,772,893,756
W,922,873,809,744,805,772,756,773,893,754
W,928,880,810,744,804,773,757,773,893,755
W,921,877,810,744,804,771,756,772,892,756
W,924,875,809,743,805,771,755,773,892,757
W,924,874,808,745,804,773,755,773,895,756
W,923,878,809,745,803,772,755,775,893,757
