M,945,906,940,841,910,820,891,837,917,789
M,938,901,939,842,910,821,890,837,915,789
M,944,904,940,841,912,819,889,836,917,791
M,939,905,941,842,910,820,890,836,914,790
M,940,901,940,840,911,820,891,835,916,789
M,942,903,940,841,910,820,888,837,914,791
M,941,904,940,840,911,819,889,837,913,791
M,937,903,940,840,911,820,889,837,914,789
M,935,910,940,840,912,820,889,835,915,791
M,938,904,940,840,909,820,889,837,914,789
M,940,906,940,840,910,820,889,838,916,791
M,942,907,940,839,911,820,890,835,917,789
M,940,903,941,840,908,821,889,835,914,790
M,941,900,939,839,909,822,890,835,914,789
M,940,903,939,839,910,820,888,837,916,789
M,941,906,940,841,911,820,889,836,916,788
M,943,905,939,841,912,821,890,836,914,789
M,940,904,940,839,910,820,887,836,914,790
M,937,906,941,840,911,820,888,836,914,789
M,947,905,939,838,911,820,888,836,913,789
M,942,903,940,838,911,821,889,834,916,788
M,945,902,938,839,910,820,890,835,918,790
M,941,902,938,839,911,820,887,836,916,788
M,942,905,940,839,912,819,888,835,913,788
M,941,905,940,840,908,820,888,834,917,788
M,941,904,939,838,910,819,889,835,915,789
M,944,904,939,839,913,820,890,835,916,789
M,938,905,939,838,912,820,889,835,914,787
M,937,902,938,839,908,819,886,835,917,787
M,940,904,938,840,910,820,889,835,916,789
M,940,906,939,839,909,820,887,837,914,787
M,943,905,940,840,909,819,888,834,914,788
M,943,905,939,838,911,818,887,836,913,788
M,944,903,939,839,909,819,888,835,913,788
M,944,904,939,837,911,819,888,835,914,789
M,939,904,939,839,910,819,888,836,914,790
M,941,905,940,839,909,820,889,832,917,787
M,942,906,940,840,908,819,887,834,917,788
M,943,902,940,838,909,819,888,834,913,790
M,940,904,939,839,909,819,887,836,914,787
M,942,905,938,839,907,819,887,832,913,787
M,941,903,939,839,911,819,888,834,913,789
M,939,905,938,838,910,820,888,836,913,787
M,936,902,939,838,909,819,887,833,915,790
M,938,902,939,839,910,818,889,836,911,789
M,940,902,939,837,908,818,887,834,910,789
M,936,903,939,838,908,817,888,836,914,787
M,937,903,939,838,910,819,888,833,914,789
M,938,905,938,839,909,820,889,833,910,791
M,933,908,938,839,909,819,888,836,911,788
M,933,903,939,838,911,821,887,836,915,789
M,937,905,938,839,911,819,887,836,911,790
M,934,903,938,838,908,821,887,837,912,788
M,935,902,937,838,909,819,887,836,912,788
M,939,903,938,838,909,819,887,836,912,787
M,935,901,938,840,912,818,888,836,912,788
M,939,906,939,839,909,818,887,834,913,789
M,939,905,939,838,909,819,888,836,914,789
M,938,904,939,838,909,818,888,834,911,787
M,937,908,939,840,910,820,888,836,913,785
M,933,906,937,840,908,818,888,835,914,786
M,942,903,938,839,908,821,887,835,915,787
M,936,905,938,838,910,819,888,834,914,786
M,939,905,937,838,909,817,887,836,914,786
M,934,900,939,840,910,819,887,836,913,785
M,937,905,936,838,908,820,886,834,912,787
M,937,900,937,838,911,820,887,835,915,786
M,938,903,937,838,908,820,888,832,918,789
M,935,902,937,838,909,818,888,835,913,786
M,937,905,938,837,909,819,887,831,913,787
M,939,903,936,839,908,816,889,833,916,787
M,940,904,936,839,908,819,886,833,912,785
M,934,899,936,838,910,817,887,835,915,785
M,942,906,938,839,908,817,886,832,912,786
M,939,906,936,837,909,819,888,833,914,785
M,941,904,940,838,908,816,885,832,912,785
M,935,904,937,837,909,816,886,835,913,787
M,943,907,937,837,910,818,888,833,912,787
M,943,902,937,838,909,819,888,831,911,787
M,942,899,938,835,905,817,889,833,913,787
M,943,907,936,839,909,818,888,833,911,786
M,941,903,936,838,908,817,887,832,913,786
M,944,905,936,837,909,818,887,834,914,786
M,947,905,936,838,909,816,887,834,914,787
M,947,900,932,840,909,818,887,832,913,787
M,944,901,937,838,908,818,887,832,915,786
M,945,903,937,839,906,819,885,833,911,786
M,949,906,937,838,907,817,888,834,911,787
M,943,904,936,837,909,816,886,832,913,787
M,943,900,936,837,909,818,887,831,909,787
M,943,901,936,839,908,816,885,832,911,785
M,948,902,937,839,906,815,886,833,911,786
M,945,904,936,837,908,817,886,833,910,784
M,947,902,938,839,907,816,886,832,909,786
M,943,902,935,837,909,817,887,832,911,787
M,947,903,937,837,906,816,886,832,913,785
M,949,902,935,837,907,816,887,833,913,785
M,947,904,935,836,908,817,887,833,915,784
M,940,902,936,838,908,816,885,831,913,787
M,943,897,935,839,908,816,887,832,914,785
M,947,908,936,837,906,816,886,832,913,785
M,948,902,937,837,906,817,886,833,911,786
M,949,904,934,837,906,816,886,831,912,786
M,949,905,937,837,909,816,885,830,915,786
M,943,903,936,838,907,816,887,833,911,784
M,943,904,934,837,908,815,887,831,913,785
M,945,907,937,838,908,816,886,831,912,787
M,944,909,936,836,906,817,886,830,909,786
M,947,902,935,836,908,817,886,834,911,785
M,944,904,936,837,909,816,886,833,914,785
M,938,908,933,837,907,817,887,830,911,787
M,946,905,935,837,906,816,887,832,910,784
M,945,906,936,838,907,817,887,831,911,786
M,945,906,937,836,908,817,886,833,911,785
M,947,906,937,836,906,816,886,832,912,786
M,946,902,936,837,908,815,888,830,910,786
M,947,899,938,838,907,817,884,832,912,784
M,942,905,935,836,908,817,885,833,914,785
M,946,905,936,836,906,815,887,833,915,783
M,946,906,936,836,908,816,886,830,914,787
M,944,903,936,836,909,817,887,833,913,785
M,942,904,936,836,908,815,887,831,912,786
M,942,905,935,838,907,817,886,831,914,785
M,945,904,935,836,907,817,886,832,910,784
M,946,899,936,834,906,815,886,833,909,785
M,946,905,936,838,908,816,887,832,912,786
M,944,905,936,835,907,816,887,831,916,785
M,946,904,935,836,906,816,886,833,913,785
M,947,902,936,837,908,814,886,831,915,783
M,947,905,936,836,906,816,884,831,912,787
M,945,904,935,837,906,817,887,831,912,786
M,944,902,937,836,908,817,887,831,914,785
M,947,902,934,838,907,817,886,832,912,786
M,945,905,937,835,908,815,887,834,916,786
M,945,905,937,837,908,815,887,834,913,787
M,940,902,937,836,906,817,885,834,914,784
M,946,904,936,837,908,816,885,831,911,785
M,946,906,935,838,906,816,887,832,911,785
M,947,902,937,836,907,817,887,831,910,785
M,944,904,936,838,908,816,886,831,910,783
M,944,905,937,835,907,818,885,833,912,786
M,941,901,935,837,903,814,886,832,909,782
M,942,902,936,836,904,816,886,831,913,786
M,940,901,937,836,906,818,886,833,909,786
M,942,903,936,836,907,816,887,831,910,785
M,945,902,936,837,908,816,886,831,914,786
M,942,904,936,837,907,816,886,833,913,787
M,943,903,936,836,906,816,886,830,909,787
M,947,907,934,838,908,816,886,832,909,786
M,942,901,937,835,906,816,885,830,910,784
M,943,899,937,838,909,815,887,830,911,785
M,945,904,935,836,905,817,885,831,912,785
M,945,905,936,837,907,816,886,831,913,783
M,944,902,935,837,906,816,886,832,911,784
M,941,903,935,837,905,816,885,832,909,787
M,936,902,935,835,906,815,886,833,908,786
M,946,905,935,837,907,814,883,833,912,785
M,940,903,936,837,905,815,885,833,914,786
M,945,901,935,837,907,816,887,833,909,785
M,941,901,937,837,906,817,886,831,910,786
M,941,900,936,835,907,816,885,831,912,784
M,944,904,935,836,907,817,887,832,912,786
M,942,907,936,835,906,816,887,833,910,784
M,945,902,936,835,904,817,885,831,912,783
M,940,903,938,838,908,817,887,834,910,783
M,943,903,936,836,907,815,885,833,912,783
M,943,905,934,837,905,817,886,831,911,785
M,947,905,937,837,907,816,885,832,910,785
M,941,903,936,835,905,814,884,834,908,782
M,944,902,937,835,906,817,886,832,910,784
M,945,905,936,837,907,817,885,831,909,784
M,945,902,935,835,905,815,887,830,910,784
M,943,904,935,836,906,816,885,832,911,785
M,942,902,936,835,907,816,885,829,914,783
M,942,901,937,838,907,817,887,831,910,785
M,942,904,936,837,905,815,885,833,910,785
M,939,905,935,835,907,816,885,832,910,784
M,940,903,935,835,905,817,885,831,910,783
M,941,905,936,836,907,815,886,832,911,784
M,944,903,935,837,906,817,885,831,910,784
M,938,903,936,837,904,817,885,833,913,783
M,942,901,935,836,906,816,886,833,910,784
M,939,904,937,836,905,815,886,832,908,784
M,939,905,936,837,905,817,885,831,911,786
M,939,903,935,837,906,815,885,830,911,784
M,945,903,936,834,908,816,884,830,916,786
M,945,902,935,837,906,815,887,832,911,784
M,940,901,936,838,907,816,885,833,911,784
M,941,904,937,836,908,817,886,833,910,783
M,943,901,933,833,908,814,885,830,911,784
M,940,902,936,836,906,817,886,833,909,785
M,940,903,936,835,907,816,885,831,913,784
M,945,900,935,835,905,816,886,832,909,786
M,940,900,934,835,905,816,886,831,910,783
M,939,904,935,837,906,815,886,833,908,786
M,939,898,935,837,905,816,884,831,910,783
M,941,903,936,836,906,814,884,830,910,784
M,943,904,936,836,905,816,886,831,911,784
M,940,904,936,836,905,816,885,832,911,783
M,940,905,935,836,907,816,886,831,911,783
M,940,902,934,835,907,816,884,830,913,784
M,943,901,935,835,905,817,885,831,908,783
M,943,901,935,836,906,816,885,830,909,784
M,940,902,935,838,905,817,886,830,911,784
M,940,905,935,834,904,817,887,830,910,786
M,944,901,936,835,904,817,886,830,910,785
M,942,904,933,837,907,818,887,830,913,785
M,944,902,933,834,907,814,886,830,910,785
M,945,905,934,836,907,816,886,829,913,786
M,943,904,936,836,905,815,885,830,912,786
M,943,903,936,834,905,816,886,831,910,786
M,943,902,936,837,905,816,888,829,912,787
M,942,904,937,834,907,814,889,830,913,789
M,944,902,936,836,908,815,889,828,913,788
M,940,901,935,836,908,815,892,828,912,788
M,937,902,936,836,908,815,893,829,912,788
M,943,900,937,834,907,816,892,828,912,788
M,933,902,934,836,910,814,893,829,910,789
M,936,903,936,837,909,818,893,827,912,789
M,934,902,933,835,908,815,894,828,909,789
M,935,904,935,836,908,816,894,829,911,789
M,932,904,935,837,910,816,895,829,912,789
M,932,904,935,836,910,815,893,828,912,790
M,935,901,935,837,913,814,893,832,909,788
M,934,903,935,837,907,815,894,828,912,788
M,927,911,935,836,909,815,892,827,912,789
M,933,903,933,835,907,815,895,828,911,790
M,931,902,934,835,910,815,892,827,909,790
M,933,902,935,836,907,815,893,828,910,788
M,936,900,934,835,907,816,893,825,912,790
M,932,904,935,837,907,816,892,828,911,790
M,933,903,935,836,908,816,893,828,909,788
M,933,901,931,836,907,816,894,829,912,788
M,932,902,934,836,908,815,895,828,912,791
M,930,905,935,836,909,815,895,826,910,789
M,929,904,935,837,909,815,897,827,909,790
M,934,907,934,837,908,816,898,828,908,789
M,929,906,934,837,907,814,898,828,909,793
M,932,906,932,836,906,814,898,828,908,791
M,932,907,934,836,908,815,898,831,906,793
M,930,907,933,837,906,815,900,827,905,793
M,933,908,933,836,906,815,899,828,908,792
M,931,911,933,836,906,813,900,827,905,794
M,932,907,932,837,907,814,900,828,904,794
M,931,907,932,839,906,814,900,828,906,794
M,927,909,932,836,906,815,898,828,902,791
M,934,907,931,838,904,814,899,829,905,794
M,929,906,933,838,899,815,898,828,905,791
M,931,906,932,837,903,815,898,827,904,794
M,930,911,932,837,906,813,901,828,903,793
M,930,905,932,838,904,815,899,828,903,792
M,931,907,931,837,906,812,898,829,906,791
M,933,908,931,837,902,815,898,829,899,793
M,927,911,930,836,904,813,899,826,902,792
M,927,909,931,838,905,814,896,828,903,794
M,933,908,931,837,903,813,897,828,903,794
M,933,909,931,837,901,813,896,826,904,792
M,929,911,931,836,905,815,898,829,906,793
M,931,911,931,837,905,813,897,828,905,794
M,935,906,931,838,903,813,896,825,907,793
M,934,910,931,837,903,813,896,827,905,793
M,933,909,931,837,904,814,897,826,906,792
M,933,907,933,836,904,814,896,825,903,794
M,936,905,932,836,905,812,895,826,907,792
M,936,907,932,837,908,811,895,826,905,795
M,936,906,930,837,904,812,896,826,907,793
M,936,908,931,837,904,813,896,826,908,794
M,930,906,932,836,903,812,896,827,907,793
M,932,907,930,836,903,812,895,825,905,793
M,929,907,932,837,904,814,896,825,907,793
M,930,909,930,836,906,812,895,825,907,794
M,927,905,929,838,901,813,894,827,905,794
M,931,906,931,837,902,812,896,827,905,794
M,933,907,930,837,904,813,895,826,907,794
M,934,905,932,836,904,813,894,825,902,795
M,931,908,930,836,905,813,895,826,906,794
M,934,906,932,836,904,814,895,825,908,793
M,932,909,932,836,901,813,893,826,904,794
M,933,908,929,834,904,815,897,826,906,793
M,933,908,930,835,905,814,896,827,906,794
M,932,909,932,837,904,812,894,828,909,793
M,933,915,934,835,904,813,894,826,905,794
M,934,909,931,836,903,812,895,827,906,794
M,929,909,929,836,903,812,894,826,905,793
M,933,904,931,836,904,813,894,827,904,795
M,929,908,931,837,905,813,894,827,906,794
M,932,910,932,837,904,814,895,825,908,793
M,933,908,930,835,905,815,894,825,910,792
M,931,908,931,836,903,813,892,828,904,793
M,937,901,932,839,904,814,894,828,907,793
M,933,906,932,837,903,812,895,826,905,794
M,930,905,932,837,907,813,893,828,908,794
M,932,905,933,834,904,812,894,827,909,793
M,936,907,930,836,903,813,893,826,907,793
M,929,903,932,835,904,814,895,825,907,794
M,932,902,930,835,905,813,892,826,910,792
M,935,907,932,834,906,813,894,825,904,791
M,929,905,931,835,903,812,893,828,909,792
M,934,908,932,836,904,814,894,825,906,792
M,937,907,932,835,903,812,893,825,906,793
M,934,904,931,835,904,812,892,826,905,794
M,932,905,930,836,901,813,893,825,907,793
M,933,907,931,835,905,814,894,828,910,793
M,936,908,930,835,903,812,893,827,904,792
M,933,902,930,836,900,813,893,825,908,793
M,932,904,931,836,903,812,892,827,906,793
M,932,906,930,835,904,813,891,827,908,792
M,931,907,929,835,904,812,893,828,908,792
M,937,902,930,834,902,812,893,824,906,793
M,933,905,931,836,905,812,894,828,908,793
M,935,908,932,836,904,813,893,826,909,794
M,929,904,930,835,908,813,895,825,904,791
M,932,901,931,835,906,813,893,828,909,794
M,928,906,930,836,904,814,893,827,908,793
M,929,908,931,835,906,811,894,824,908,791
M,927,906,929,835,903,813,893,827,904,791
M,930,909,932,835,903,813,894,826,909,792
M,934,903,931,834,906,813,894,825,907,792
M,935,906,932,837,906,814,893,827,906,791
M,934,905,931,836,905,812,893,827,908,792
M,933,906,930,834,903,811,893,827,908,792
M,933,908,931,834,906,814,891,827,909,793
M,934,910,930,834,910,815,893,827,906,793
M,932,909,931,836,906,812,893,827,908,791
M,935,906,930,836,906,812,893,828,908,791
M,932,901,930,834,904,812,894,823,906,791
M,928,908,932,834,906,812,894,826,907,793
M,928,905,932,835,905,811,894,826,908,793
M,929,909,931,837,906,814,892,826,908,793
M,928,908,931,835,908,814,892,824,910,792
M,927,905,930,833,905,812,893,828,908,791
M,928,908,932,833,905,814,892,826,906,792
M,927,904,932,835,907,814,893,827,905,791
M,927,904,930,834,907,814,893,827,905,791
M,934,906,931,834,906,814,892,826,904,791
M,932,907,932,836,905,814,893,824,908,790
M,934,904,931,835,905,813,894,826,907,792
M,934,909,931,835,905,812,893,828,904,790
M,933,909,930,834,906,814,894,827,905,790
M,934,904,931,834,908,810,893,829,906,793
M,932,906,932,835,907,814,894,825,909,793
M,931,906,929,832,905,814,893,825,907,791
M,933,908,932,833,904,813,894,826,906,791
M,928,910,929,835,907,813,895,827,907,790
M,929,907,931,834,905,814,892,827,906,793
M,931,909,930,834,905,812,894,824,906,793
M,928,904,931,837,907,813,891,827,905,791
M,930,907,932,834,907,811,892,825,908,791
M,933,906,932,833,907,813,893,827,909,793
M,926,902,932,835,906,813,893,828,910,793
M,929,904,932,834,905,813,893,827,907,792
M,933,907,930,833,905,812,893,825,904,792
M,928,904,932,835,904,813,893,825,908,792
M,932,903,930,835,904,813,892,827,906,791
M,931,907,931,835,906,814,895,825,910,793
M,930,904,931,835,906,814,893,825,907,790
M,926,908,931,832,900,814,894,826,909,790
M,927,908,932,832,904,813,891,826,906,791
M,930,908,931,834,905,814,893,824,907,793
M,930,907,930,833,904,812,892,827,908,791
M,931,908,932,834,904,814,892,825,909,790
M,929,906,931,835,904,814,893,827,903,790
M,928,904,931,833,904,812,893,825,909,790
M,929,908,930,834,903,813,892,826,905,790
M,930,906,931,834,906,813,893,832,904,788
M,931,906,932,832,903,812,892,825,904,792
M,935,907,929,834,906,812,891,828,904,790
M,933,903,931,835,906,812,892,827,906,791
M,931,906,930,834,906,814,893,827,906,791
M,933,903,931,835,902,812,892,825,908,792
M,928,904,930,833,904,812,893,825,905,791
M,929,906,931,833,905,812,893,827,903,789
M,927,908,932,834,905,814,891,825,906,792
M,929,908,932,834,903,814,893,825,908,790
M,927,905,931,834,907,813,892,829,907,792
M,932,905,932,835,904,813,892,826,906,789
M,931,896,930,833,904,812,893,829,906,790
M,931,905,931,833,905,813,891,827,904,792
M,930,905,929,832,906,813,893,828,908,791
M,929,902,930,835,905,813,891,828,907,792
M,924,907,932,834,906,813,891,824,904,792
M,931,905,931,834,906,813,891,828,905,791
M,932,905,931,835,904,813,890,826,909,789
M,926,902,932,832,907,812,893,826,908,791
M,932,908,932,835,907,815,892,827,905,789
M,927,906,931,832,906,812,892,824,905,791
M,925,902,932,835,905,813,894,825,907,790
M,928,903,932,833,905,814,892,827,908,790
M,930,902,930,834,907,815,891,824,906,790
M,926,907,931,835,904,812,892,828,907,791
M,926,903,930,833,907,815,891,826,908,790
M,926,905,931,833,905,812,891,824,906,790
M,928,906,931,834,904,814,893,824,908,790
M,930,906,931,835,903,813,892,829,910,790
M,926,909,931,834,904,813,892,827,907,791
M,927,908,929,833,903,814,888,827,905,790
M,927,906,930,832,903,814,891,825,906,789
M,922,902,931,831,905,813,892,824,906,789
M,929,905,930,832,905,814,892,825,907,790
M,930,906,932,835,907,815,891,826,905,790
M,933,903,931,834,905,814,890,825,906,787
M,931,900,930,832,906,814,893,824,908,791
M,931,902,931,832,902,814,892,827,906,789
M,930,903,931,834,905,813,892,826,907,790
M,932,905,931,835,906,813,893,827,906,790
M,927,901,929,833,903,813,892,827,906,791
M,928,907,931,832,904,815,890,829,906,790
M,928,907,930,834,905,813,893,828,908,791
M,931,905,930,830,905,814,891,825,906,791
M,925,905,931,835,906,815,892,827,910,791
M,929,901,931,832,904,813,891,827,906,790
M,937,906,931,833,906,815,891,828,905,792
M,930,905,931,834,905,814,891,829,906,791
M,927,904,930,834,902,816,891,829,905,790
M,927,901,930,835,907,813,891,830,904,789
M,924,901,931,833,905,815,890,828,908,790
M,929,904,930,833,905,814,892,831,910,789
M,931,903,930,832,904,816,891,827,906,791
M,925,904,930,833,902,815,892,829,907,791
M,924,900,931,836,902,815,891,831,906,792
M,928,903,930,834,905,814,892,829,910,790
M,924,899,929,832,903,815,892,831,908,792
M,925,905,932,835,901,813,891,828,907,790
M,931,904,930,833,905,816,891,830,907,790
M,927,903,931,834,905,815,891,828,907,791
M,931,892,933,833,907,816,892,828,906,790
M,927,901,931,834,903,815,890,830,907,790
M,926,901,930,837,904,816,893,830,907,790
M,926,900,930,834,903,814,892,829,908,791
M,927,901,930,835,902,814,892,828,906,790
M,929,905,931,833,903,815,891,828,906,791
M,929,900,931,835,902,816,892,829,907,792
M,940,902,930,833,905,814,892,829,908,789
M,927,901,928,835,901,814,889,827,910,792
M,925,901,931,836,907,817,894,829,909,793
M,930,908,931,835,905,815,891,829,908,792
M,929,901,929,835,905,816,892,834,910,791
M,928,906,929,835,902,815,890,829,908,790
M,926,907,930,834,903,817,890,831,908,792
M,930,901,930,834,905,816,891,830,907,791
M,929,903,932,833,900,813,892,829,909,790
M,928,903,930,835,902,817,891,829,910,792
M,925,901,931,833,904,816,891,831,908,791
M,924,904,930,834,902,816,893,832,907,791
M,925,902,929,835,903,816,892,831,906,789
M,927,903,931,835,905,816,892,828,910,792
M,926,902,929,835,904,815,891,828,908,789
M,930,901,931,836,904,816,889,830,906,789
M,933,901,928,837,905,813,892,829,904,790
M,925,903,929,835,905,817,891,831,905,792
M,927,905,930,834,905,817,890,831,907,792
M,928,903,931,836,905,815,891,830,906,789
M,926,906,930,835,903,815,890,828,906,791
M,926,905,931,833,902,816,889,830,907,790
M,928,901,931,834,905,817,892,830,906,791
M,922,902,931,835,902,815,890,829,910,790
M,928,903,930,834,903,816,891,829,908,791
M,929,905,929,833,903,815,891,830,907,788
M,925,909,930,835,903,817,893,829,908,791
M,926,904,930,835,905,814,891,829,906,790
M,928,906,930,833,903,816,889,829,910,789
M,928,903,930,835,904,816,890,829,908,790
M,923,900,928,835,903,815,890,829,909,790
M,926,906,929,835,904,816,891,831,904,790
M,929,901,928,834,902,815,890,831,905,789
M,928,904,930,835,904,815,890,829,906,790
M,925,904,929,834,904,816,891,829,908,790
M,932,899,930,833,907,815,892,830,908,791
M,925,903,930,832,901,815,891,832,903,789
M,921,905,931,835,902,815,892,830,907,791
M,929,904,929,832,902,816,890,829,907,788
M,926,901,929,833,904,814,891,831,907,792
M,929,905,930,834,902,816,891,831,908,790
M,922,901,931,835,902,815,891,831,906,790
M,922,906,929,836,901,816,890,831,906,790
M,928,901,929,834,904,815,890,831,906,790
M,930,901,930,835,905,813,891,834,910,791
M,924,906,929,834,904,816,891,831,906,792
M,933,906,930,834,902,816,890,833,908,789
M,932,900,928,836,905,816,894,829,907,791
M,928,908,933,835,904,816,891,832,908,791
M,926,900,930,835,903,816,891,830,906,791
M,926,900,929,834,904,815,889,831,906,790
M,929,904,929,834,901,815,891,829,908,792
M,931,901,929,835,904,815,891,831,910,791
M,926,900,930,834,905,815,889,830,908,791
M,927,904,930,834,904,815,891,832,908,790
M,926,898,930,834,905,815,890,830,907,790
M,925,904,930,833,905,817,890,832,906,790
M,929,904,929,835,904,815,892,831,906,789
M,924,900,930,834,905,815,890,830,909,791
M,925,899,930,835,903,816,891,831,909,790
M,923,899,929,834,904,817,891,830,907,791
M,924,900,930,833,903,817,892,830,906,791
M,929,901,929,835,901,816,891,829,909,788
M,930,899,929,835,903,814,891,832,907,790
M,932,908,931,836,904,815,890,830,909,792
M,925,903,930,833,903,815,891,832,908,791
M,929,899,930,833,902,817,890,831,909,791
M,929,905,931,833,902,815,890,833,907,790
M,928,899,929,834,902,816,891,832,905,789
M,930,899,928,836,902,814,890,831,909,791
M,929,903,930,834,902,816,889,831,909,791
M,923,901,928,834,902,816,891,829,906,790
M,925,902,931,834,904,815,890,830,907,789
M,928,903,930,835,903,816,890,831,907,788
M,925,903,931,835,904,817,891,830,907,790
M,929,903,930,833,903,816,892,832,908,794
M,928,901,930,834,903,814,889,834,906,789
M,925,900,929,834,902,816,890,830,907,790
M,925,907,928,831,903,816,890,830,908,790
M,925,902,931,833,903,817,890,832,910,791
M,925,898,929,834,902,815,891,832,908,792
M,921,897,929,834,899,814,891,829,905,791
M,931,901,931,835,904,816,891,830,909,790
M,930,900,929,833,902,815,892,831,910,792
M,927,903,929,835,902,815,891,831,909,790
M,930,899,928,834,904,815,890,831,910,791
M,930,901,931,835,905,815,891,830,908,790
M,925,898,929,834,904,816,891,830,908,791
M,927,900,930,835,904,814,890,830,908,790
M,928,902,930,833,903,816,890,832,907,791
M,924,900,929,833,900,815,890,828,907,789
M,929,897,929,833,903,816,893,825,904,788
M,923,905,930,835,902,816,890,829,906,790
M,933,904,930,834,903,815,891,831,906,789
M,927,898,930,833,900,815,890,831,905,789
M,929,900,929,834,904,815,890,831,905,790
M,929,901,929,835,904,815,889,827,906,790
M,929,905,929,834,904,815,891,828,904,791
M,927,902,929,833,903,815,891,832,908,789
M,926,906,929,832,901,815,889,831,907,789
M,925,900,930,834,903,814,890,829,909,790
M,925,900,930,834,903,815,889,831,909,791
M,927,902,929,833,904,815,889,829,908,791
M,926,895,926,831,901,816,890,831,907,791
M,927,902,929,834,904,815,891,830,906,790
M,925,899,928,834,901,815,889,831,907,788
M,920,898,930,833,903,814,890,831,909,791
M,928,898,930,835,901,814,890,828,910,788
M,929,901,930,834,902,816,890,831,909,790
M,929,901,929,833,905,816,891,830,909,790
M,930,901,928,835,903,813,890,831,907,789
M,928,902,929,833,903,815,891,830,908,790
M,927,900,929,835,903,815,890,829,905,789
M,928,899,928,834,903,815,891,828,908,788
M,925,897,930,833,903,814,889,829,907,790
M,928,899,930,832,904,814,890,830,907,790
M,925,905,929,834,901,815,889,830,906,789
M,928,900,930,834,903,815,890,830,907,789
M,927,899,930,834,903,815,890,830,908,790
M,923,902,931,834,904,817,890,831,907,790
M,929,900,929,836,903,816,891,832,908,791
M,925,900,930,834,903,816,889,829,908,789
M,929,900,929,834,901,815,889,829,906,789
M,928,901,929,834,904,816,889,830,908,790
M,927,902,928,836,904,814,889,828,904,789
M,926,900,929,835,902,816,890,829,908,788
M,929,898,929,835,904,813,890,832,905,790
M,925,903,929,835,903,816,889,829,905,790
M,928,902,931,834,902,814,889,830,910,789
M,924,904,929,832,902,816,890,831,906,787
M,929,901,930,834,903,817,891,829,913,788
M,926,900,930,833,901,816,891,830,912,789
M,924,898,930,834,903,816,890,830,906,789
M,926,900,929,834,901,817,891,830,908,788
M,927,900,931,834,904,816,891,829,907,789
M,924,903,929,834,902,816,891,827,909,790
M,927,898,929,834,903,815,890,830,909,789
M,923,899,929,834,901,816,891,828,908,789
M,928,902,929,834,901,815,889,828,906,788
M,929,900,931,833,903,814,891,830,907,789
M,929,902,929,834,902,816,890,830,908,791
M,925,900,929,834,903,816,890,831,910,789
M,927,902,928,835,903,814,889,830,905,790
M,926,903,930,833,901,815,890,830,910,789
M,928,898,928,833,901,815,891,830,911,791
M,926,902,930,834,902,816,889,830,908,790
M,929,898,930,833,902,815,891,830,908,787
M,927,902,928,833,901,815,890,830,906,788
M,925,898,929,834,903,816,890,828,908,788
M,931,904,930,833,901,816,891,829,907,790
M,933,898,929,833,902,815,890,827,906,790
M,925,899,931,834,903,815,891,830,906,789
M,924,900,930,832,906,815,889,832,908,789
M,928,901,927,832,901,816,890,830,907,790
M,928,900,929,832,903,815,891,828,908,789
M,926,899,930,833,905,815,891,832,907,790
M,925,901,929,835,903,816,890,830,907,789
M,930,899,929,833,902,815,890,830,907,788
M,924,896,929,832,904,814,891,831,906,788
M,928,899,930,834,902,815,890,831,908,788
M,925,902,928,835,901,816,889,829,909,790
M,925,896,928,831,904,814,889,831,905,788
M,928,902,929,834,903,815,891,830,909,790
M,927,901,929,833,905,813,890,831,905,788
M,927,902,929,833,905,816,890,827,906,790
M,928,904,930,832,903,814,889,830,904,790
M,925,901,928,833,901,814,890,831,903,786
M,925,901,931,833,903,816,889,831,906,790
M,930,902,928,835,904,816,890,829,910,788
M,922,898,930,833,904,816,889,833,905,789
M,925,901,930,833,904,814,888,828,907,787
M,928,901,930,833,903,814,891,828,906,790
M,931,899,931,832,900,815,890,831,906,789
M,923,902,931,832,903,814,890,830,906,789
M,927,901,928,835,903,816,891,828,910,790
M,924,899,929,831,903,815,891,829,909,789
M,930,901,929,832,903,815,889,829,909,789
M,930,902,928,834,902,814,889,830,909,788
M,930,902,929,834,903,815,892,832,909,790
M,925,898,929,834,902,815,890,829,908,789
M,934,904,930,832,902,814,889,829,907,789
M,922,898,927,832,902,814,889,828,907,789
M,927,899,929,833,903,815,890,829,906,789
M,928,902,930,834,902,816,890,830,906,790
M,924,900,930,833,903,816,890,829,906,790
M,926,902,929,834,903,817,891,829,910,789
M,925,899,929,834,904,814,891,828,909,789
M,923,902,929,832,904,814,891,831,907,788
M,925,896,929,833,901,815,891,830,908,789
M,924,900,930,834,902,815,889,827,908,789
M,923,898,930,835,902,815,889,830,904,791
M,927,901,929,833,904,814,889,830,902,791
M,930,902,929,833,901,815,891,831,905,788
M,925,900,929,833,904,814,890,830,906,790
M,928,898,930,832,903,815,888,830,907,790
M,918,907,928,835,904,814,889,829,909,790
M,928,897,929,834,903,814,890,831,906,790
M,928,899,931,832,902,815,889,831,905,788
M,931,902,931,832,905,814,890,829,907,789
M,927,904,931,834,903,815,889,829,906,789
M,926,897,929,832,902,816,889,827,906,789
M,930,901,929,834,904,815,890,830,909,789
M,928,898,928,832,903,814,889,829,906,789
M,931,900,928,833,904,814,890,829,907,789
M,925,901,930,831,903,816,890,830,910,789
M,925,902,929,833,903,815,891,828,907,788
M,925,899,930,833,902,815,890,829,911,787
M,925,903,931,834,902,815,891,831,906,790
M,928,902,929,834,901,813,889,831,908,789
M,926,902,929,832,904,814,891,831,906,788
M,930,901,930,834,904,817,890,831,905,787
M,930,900,930,833,904,814,890,831,907,790
M,926,901,928,833,902,814,891,830,909,788
M,924,899,928,833,903,814,890,831,909,788
M,922,899,929,833,904,816,890,830,909,789
M,926,898,928,834,902,814,891,829,910,791
M,927,896,929,834,905,814,890,827,904,790
M,930,897,930,834,904,815,890,830,906,790
M,927,901,930,832,901,814,890,828,909,788
M,925,900,927,832,899,817,892,830,908,788
M,927,898,930,834,903,816,888,830,909,788
M,929,902,929,833,903,814,889,832,906,790
M,922,903,929,834,902,816,890,828,908,789
M,927,897,927,833,903,815,890,830,906,789
M,930,898,930,832,903,814,890,828,908,790
M,930,905,929,835,905,815,889,831,906,789
M,930,896,929,832,901,814,889,829,907,787
M,925,901,928,831,904,815,891,830,907,789
M,926,901,930,832,899,817,888,832,911,790
M,927,898,928,834,901,815,889,830,908,790
M,927,900,929,832,903,813,891,828,910,790
M,925,900,929,834,905,816,891,830,905,790
M,928,901,929,834,904,811,892,827,903,785
M,923,898,930,832,903,817,891,827,906,790
M,925,901,929,833,904,813,890,831,909,789
M,925,899,929,833,903,813,890,829,907,788
M,929,898,930,832,904,815,890,830,905,790
M,929,898,929,831,902,814,891,830,908,789
M,929,898,929,832,900,813,890,828,906,789
M,924,905,927,835,900,812,890,831,910,788
M,930,898,929,833,903,815,889,829,906,788
M,928,899,930,833,903,815,891,829,909,789
M,930,895,931,836,901,814,889,828,906,790
M,927,903,928,835,904,813,889,828,904,788
M,931,904,929,833,901,814,890,829,906,788
M,928,899,930,832,901,813,890,829,907,787
M,928,900,929,834,904,815,891,829,907,788
M,923,899,929,835,901,816,889,829,909,789
M,928,901,930,832,902,815,890,830,905,791
M,922,901,929,833,902,814,889,829,909,790
M,930,902,927,832,903,815,891,829,906,788
M,924,902,929,833,902,815,890,828,908,790
M,931,899,930,833,903,814,891,829,903,788
M,930,898,929,833,903,814,890,830,905,789
M,929,901,929,832,903,814,890,830,906,789
M,926,897,928,837,900,815,888,830,908,789
M,929,900,930,834,901,815,889,828,908,789
M,927,899,929,834,903,815,891,828,910,791
M,929,901,928,834,902,815,889,830,908,788
M,927,898,929,833,903,814,890,830,909,790
M,928,903,930,832,903,815,890,828,908,790
M,933,902,928,831,901,815,889,829,906,788
M,929,897,929,834,900,814,888,829,906,789
M,929,897,929,833,902,816,889,829,906,788
M,928,900,928,833,904,814,889,829,908,789
M,929,901,928,833,903,814,891,827,906,789
M,926,897,930,833,901,815,889,830,908,789
M,929,909,929,831,900,813,888,830,908,790
M,928,900,928,834,904,814,889,828,907,789
M,925,898,928,834,901,816,889,829,907,788
M,925,899,929,832,903,815,890,828,905,789
M,924,900,929,831,904,815,890,828,907,789
M,931,898,929,833,902,816,889,829,907,788
M,927,903,930,831,902,815,890,828,907,788
M,927,901,930,833,905,816,891,828,910,786
M,925,897,930,833,901,814,889,831,908,788
M,932,894,931,831,902,815,889,828,906,790
M,927,899,929,832,903,815,889,827,907,788
M,927,902,927,834,902,814,889,830,907,788
M,931,899,929,832,903,815,890,829,907,790
M,926,898,931,834,902,816,891,827,907,789
M,930,895,929,833,902,815,890,829,909,788
M,925,898,929,832,901,814,891,830,908,789
M,933,906,930,833,901,816,891,828,905,788
M,925,898,930,832,901,814,889,830,908,790
M,930,897,928,833,900,816,889,829,908,790
M,925,900,929,832,901,815,888,829,908,787
M,927,899,929,833,901,815,890,829,908,788
M,929,903,929,834,904,813,888,827,908,789
M,927,899,929,832,901,814,890,829,905,789
M,929,898,928,833,902,814,888,829,906,791
M,929,901,929,832,904,816,888,831,906,790
M,931,895,929,834,905,815,890,829,908,789
M,927,898,928,834,903,813,890,831,905,788
M,930,897,930,832,903,815,890,828,904,790
M,930,899,927,832,904,814,889,828,908,789
M,930,900,927,834,902,812,886,829,907,787
M,930,899,930,832,903,814,889,829,905,790
M,928,902,929,833,904,814,889,831,904,788
M,926,902,930,832,902,813,889,830,908,790
M,924,896,927,832,903,815,889,830,908,787
M,930,899,927,832,903,814,890,831,905,789
M,927,901,930,833,903,815,891,826,913,787
M,927,896,929,831,904,814,890,830,904,790
M,929,897,930,832,903,814,889,830,907,790
M,928,900,928,832,902,813,889,829,908,787
M,924,899,929,832,901,816,889,827,904,788
M,926,901,930,834,903,816,890,830,908,788
M,925,901,930,834,902,815,890,829,908,788
M,925,899,929,834,903,815,890,829,906,788
M,928,898,930,834,902,816,888,827,909,790
M,928,899,929,832,902,816,890,829,909,789
M,929,896,929,832,904,815,889,828,907,788
M,925,902,929,833,903,815,889,828,907,789
M,929,900,930,834,903,815,889,830,909,786
M,931,900,929,834,903,815,890,828,907,789
M,929,900,928,835,904,813,889,828,906,790
M,925,895,929,834,903,814,889,828,905,788
M,928,900,930,832,901,815,889,828,906,787
M,929,896,929,832,903,814,890,829,906,789
M,928,901,929,833,902,814,889,829,905,788
M,932,902,930,831,903,814,890,827,909,788
M,927,900,930,831,904,815,887,827,906,788
M,928,899,928,833,901,814,889,826,907,789
M,928,897,929,832,902,814,889,833,909,791
M,929,901,928,831,903,814,890,828,906,789
M,929,898,929,832,901,812,890,829,908,788
M,929,903,929,834,905,814,888,829,909,789
M,928,898,929,833,902,814,889,830,906,788
M,933,902,929,833,904,814,890,828,908,787
M,926,900,926,832,903,814,889,829,907,788
M,927,898,928,833,904,814,892,832,909,787
M,927,898,929,833,903,814,889,827,906,788
M,927,900,930,833,901,813,889,826,909,788
M,924,896,929,834,902,815,890,828,908,790
M,926,901,929,832,902,814,890,826,909,789
M,923,902,929,833,903,814,890,830,908,789
M,924,901,929,834,903,815,889,828,906,788
M,928,899,930,833,906,815,889,827,908,788
M,926,900,929,832,902,814,889,828,907,788
M,925,899,929,834,903,815,889,829,909,788
M,925,902,929,832,901,815,889,826,906,788
M,928,899,931,828,905,818,892,828,908,787
M,931,901,929,833,901,814,888,830,905,790
M,931,900,928,832,901,815,889,826,906,790
M,926,899,929,832,903,815,890,826,903,790
M,922,898,927,832,902,815,889,827,906,789
M,929,900,929,833,904,815,890,828,904,789
M,929,901,929,833,901,815,889,828,908,788
M,926,898,929,832,903,814,889,830,905,789
M,927,902,928,832,900,813,889,827,908,788
M,924,901,929,831,902,815,890,826,908,790
M,925,901,928,833,903,814,889,827,906,789
M,930,897,930,832,901,813,890,826,908,789
M,933,900,928,833,902,814,890,829,904,789
M,924,902,930,834,903,816,889,828,908,790
M,926,897,928,832,903,814,889,828,906,788
M,917,904,928,831,902,814,888,827,907,788
M,922,901,929,832,903,815,889,827,905,787
M,925,895,929,833,903,814,889,827,907,788
M,929,900,928,831,903,814,889,829,908,787
M,929,898,928,833,903,815,890,828,904,789
M,929,897,929,832,903,815,890,829,908,787
M,927,901,928,832,903,815,889,828,910,788
M,928,901,929,832,902,814,889,827,905,789
M,928,900,928,832,901,815,887,832,912,789
M,929,898,929,833,901,814,888,828,909,788
M,927,895,927,832,903,814,890,828,906,787
M,929,898,930,831,901,815,889,828,907,789
M,928,900,929,832,902,816,891,826,909,789
M,929,902,929,833,901,815,889,828,905,787
M,929,902,931,835,900,813,889,826,903,787
M,929,898,929,833,903,815,889,829,908,790
M,924,897,929,833,903,812,888,827,905,789
M,928,899,929,833,903,814,888,827,906,788
M,928,902,929,833,903,815,887,828,906,787
M,925,900,930,832,902,814,890,826,909,788
M,930,896,928,834,902,814,888,826,906,789
M,930,898,928,831,905,813,890,830,907,788
M,927,901,928,833,901,815,889,829,904,789
M,927,895,928,834,902,815,889,829,906,789
M,926,899,929,832,904,814,889,829,910,789
M,932,898,928,832,903,815,890,827,906,790
M,929,903,928,831,903,815,889,830,908,790
M,931,896,928,832,901,814,889,828,907,787
M,930,900,929,830,902,814,890,830,905,788
M,931,899,929,831,899,812,889,827,906,789
M,924,902,928,830,908,814,890,827,908,790
M,929,900,930,832,901,815,889,829,905,787
M,927,898,927,834,904,815,890,826,908,789
M,930,898,930,833,904,814,889,827,906,788
M,925,896,930,832,903,813,890,828,905,788
M,930,901,928,833,905,815,890,829,905,788
M,930,896,930,833,901,813,890,827,906,789
M,923,896,931,831,904,814,890,826,909,787
M,929,897,928,831,903,814,888,826,905,789
M,929,898,928,832,902,813,889,828,907,788
M,924,901,930,833,904,813,890,829,908,788
M,929,898,928,832,901,814,889,828,906,789
M,928,902,929,833,901,813,891,830,909,790
M,918,894,930,832,901,814,890,829,909,790
M,926,900,929,833,903,814,890,826,905,790
M,932,898,930,833,904,816,889,827,907,789
M,929,900,929,832,904,812,889,827,905,790
M,923,901,930,830,902,814,890,828,905,787
M,930,901,929,833,902,814,890,824,906,788
M,920,898,929,833,904,814,889,828,907,789
M,925,902,930,832,902,815,890,827,908,788
M,928,901,928,833,902,814,890,826,905,788
M,932,898,929,832,902,814,890,827,906,788
M,927,902,928,832,903,814,889,829,906,789
M,930,898,929,833,903,814,889,830,908,789
M,928,897,926,831,903,812,889,828,907,788
M,925,901,929,831,902,812,888,828,908,790
M,928,900,929,832,902,816,889,827,904,791
M,929,899,929,832,902,815,889,827,904,787
M,925,901,928,833,902,813,890,832,910,788
M,928,901,930,833,903,813,889,828,907,788
M,924,898,928,833,901,814,889,829,905,789
M,930,899,929,833,902,813,888,827,907,788
M,927,902,928,832,900,815,887,827,909,788
M,924,898,929,834,901,814,889,828,908,787
M,924,896,929,831,903,812,889,827,907,789
M,926,900,929,832,901,814,890,827,907,788
M,932,895,930,835,907,813,888,827,906,788
M,925,900,927,832,902,815,888,828,907,789
M,926,900,928,830,900,814,890,829,910,789
M,926,901,929,831,901,815,889,826,909,789
M,926,899,929,831,903,814,888,827,905,788
M,926,897,930,833,904,814,890,826,907,788
M,929,899,929,833,902,814,886,826,906,787
M,932,893,930,833,903,815,890,826,908,788
M,929,900,929,832,901,815,889,826,909,789
M,925,897,929,831,904,815,888,828,905,790
M,928,899,928,833,903,812,889,827,909,788
M,927,899,928,832,904,814,890,829,906,788
M,921,903,927,832,903,814,888,827,908,789
M,929,900,928,829,901,813,888,826,907,789
M,926,897,929,832,902,813,889,826,905,787
M,930,898,929,833,903,815,889,827,907,788
M,926,898,929,832,902,815,888,828,910,789
M,923,899,929,832,902,813,888,829,908,788
M,928,901,929,832,902,814,888,828,908,788
M,924,903,929,832,903,813,889,826,907,787
M,926,900,928,832,902,814,889,829,909,787
M,924,894,930,832,903,814,889,829,907,789
M,925,900,929,832,902,815,890,829,908,789
M,929,895,930,833,903,814,889,825,904,788
M,925,898,930,833,902,814,889,827,906,789
M,924,903,929,833,905,812,889,829,909,788
M,928,901,928,833,904,814,888,830,908,789
M,925,895,928,831,902,815,889,827,906,789
M,923,901,928,831,902,814,888,827,907,787
M,928,900,929,832,903,814,888,826,906,788
M,929,900,929,833,903,814,888,830,910,787
M,927,897,929,833,902,814,889,829,908,788
M,929,899,928,832,901,815,888,827,909,789
M,927,902,930,834,904,815,889,828,908,788
M,927,899,929,833,903,812,890,828,905,789
M,928,900,930,833,902,814,888,827,905,789
M,929,899,929,833,903,814,888,827,906,787
M,928,902,929,830,904,815,888,828,907,788
M,930,901,928,832,902,816,889,826,903,789
M,929,902,930,830,904,813,889,826,906,788
M,926,901,928,833,903,813,889,827,907,787
M,929,901,929,833,903,815,889,827,904,789
M,931,898,928,831,903,815,888,829,904,788
M,923,899,928,832,904,814,888,826,907,789
M,934,895,928,833,903,814,890,828,907,790
M,925,900,929,833,904,815,889,828,906,789
M,926,898,930,834,901,814,888,827,905,788
M,929,901,930,833,904,815,890,828,907,789
M,925,898,930,831,901,813,889,830,904,789
M,926,899,928,832,903,813,888,826,905,789
M,928,899,930,832,902,814,888,829,908,787
M,929,903,929,833,901,813,890,829,904,787
M,923,895,929,831,903,813,888,829,907,786
M,924,900,928,831,901,815,889,826,907,788
M,927,900,929,833,902,814,890,827,909,788
M,927,896,929,832,903,815,889,829,906,788
M,927,897,930,832,902,814,888,827,908,789
M,924,901,928,831,904,814,889,826,905,789
M,929,899,928,833,903,813,889,829,908,787
M,925,899,930,831,903,814,889,828,904,788
M,929,895,929,833,903,814,890,827,908,787
M,926,901,927,831,902,814,889,828,906,787
M,925,900,929,832,902,814,888,827,908,788
M,925,899,929,833,903,814,888,826,906,788
M,925,899,929,833,902,816,890,827,905,790
M,925,902,930,829,899,813,890,828,908,787
M,930,895,928,831,903,814,890,828,908,788
M,928,897,929,831,902,814,891,827,910,788
M,928,901,928,833,903,813,888,827,906,788
M,931,899,928,833,903,816,889,826,910,787
M,928,900,928,832,902,815,889,826,902,788
M,925,895,928,833,902,814,889,827,906,789
M,929,900,930,833,903,815,889,825,910,788
M,929,899,929,832,903,815,889,826,905,789
M,929,901,928,833,904,815,889,826,908,789
M,929,901,929,832,904,815,889,828,907,787
M,925,897,928,831,905,814,889,826,907,788
M,926,899,930,833,902,814,889,826,909,790
M,925,902,927,832,905,815,888,827,904,786
M,927,898,930,833,900,814,889,829,907,788
M,927,902,928,831,902,814,888,828,905,788
M,923,896,930,831,902,815,887,827,908,789
M,930,897,929,833,901,813,889,827,908,788
M,924,901,930,833,904,814,890,829,905,788
M,925,899,928,831,902,815,890,832,907,789
M,932,901,927,831,904,814,888,829,908,789
M,931,895,929,831,906,814,888,828,905,789
M,925,901,928,831,904,814,888,827,909,789
M,923,899,928,831,905,815,890,828,908,789
M,927,896,926,830,904,813,888,827,907,789
M,929,897,929,831,902,814,889,827,908,788
M,924,900,929,833,903,813,889,827,904,789
M,926,899,928,832,904,814,888,830,907,787
M,928,899,930,832,904,814,889,828,907,787
M,930,902,929,834,903,813,889,827,905,787
M,928,898,929,833,901,815,889,829,911,790
M,928,896,928,833,902,814,888,827,903,788
M,930,895,928,832,904,813,890,826,910,788
M,930,900,929,832,904,815,890,828,908,788
M,926,902,929,830,902,815,889,829,907,788
M,929,899,929,833,901,813,890,827,905,788
M,922,897,929,833,901,813,890,828,908,788
M,932,903,930,831,902,814,890,828,905,790
M,927,899,928,832,905,816,891,828,903,790
M,930,897,928,831,902,815,888,828,906,789
M,927,897,929,833,901,816,888,830,904,788
M,921,900,928,831,900,815,889,827,909,788
M,927,898,928,831,902,816,890,829,909,789
M,927,900,929,833,906,815,890,826,904,789
M,925,900,927,832,903,813,889,827,905,790
M,927,897,928,831,902,815,889,827,908,788
M,931,897,927,833,903,815,890,828,908,788
M,924,899,928,833,904,815,889,827,906,788
M,927,901,930,832,903,814,888,827,907,787
M,928,900,928,832,903,815,888,827,909,787
M,924,902,930,831,904,813,888,829,907,788
M,927,900,929,831,902,813,888,827,904,789
M,926,894,930,832,900,815,889,827,904,787
M,929,896,929,831,903,815,890,829,907,788
M,925,897,928,831,902,814,888,830,908,787
M,931,903,930,832,902,815,889,829,904,787
M,927,897,927,832,904,815,888,828,905,789
M,926,893,927,833,905,816,888,828,905,788
M,927,900,929,832,903,814,887,831,898,792
M,928,899,929,833,903,815,890,827,905,787
M,927,900,929,833,902,815,889,829,907,787
M,933,896,929,832,902,813,888,829,907,788
M,927,897,929,833,902,815,890,827,904,787
M,930,902,929,832,904,815,888,828,910,787
M,927,901,928,831,903,814,889,829,909,790
M,929,896,929,832,904,815,889,826,909,788
M,925,899,929,833,907,815,890,829,906,787
M,929,898,928,833,903,814,888,828,905,787
M,926,903,930,833,905,814,889,829,904,789
M,926,901,927,832,903,814,889,829,907,787
M,925,899,930,831,901,814,890,826,908,788
M,926,897,929,832,904,816,888,830,903,786
M,925,900,929,831,904,814,889,827,905,788
M,925,897,929,832,902,813,888,827,907,787
M,928,897,927,833,904,813,889,827,910,787
M,926,900,929,832,903,813,889,829,906,788
M,931,901,929,833,903,814,889,828,908,788
M,926,898,930,832,904,813,888,828,908,788
M,929,895,928,834,902,813,889,828,906,787
