Q,885,865,881,810,919,795,900,778,902,793
Q,881,867,879,810,919,795,899,778,903,791
Q,885,869,878,810,918,793,899,779,901,792
Q,880,869,880,811,917,793,899,778,904,791
Q,880,867,878,811,919,795,900,778,899,792
Q,879,867,880,810,919,795,899,778,903,792
Q,881,872,879,810,917,793,899,778,905,796
Q,885,872,880,809,918,794,900,778,901,805
Q,884,875,878,810,918,796,900,777,902,810
Q,884,872,880,810,917,795,900,777,904,798
Q,883,873,877,810,920,794,900,777,904,796
Q,881,868,879,811,920,796,900,776,903,802
Q,880,872,879,809,923,794,900,776,903,800
Q,880,871,879,808,925,796,897,775,904,799
Q,885,874,877,810,918,795,900,777,902,799
Q,878,867,879,809,920,795,899,776,903,798
Q,892,873,878,809,919,792,900,777,902,800
Q,882,869,878,810,920,794,898,776,903,797
Q,880,875,876,810,917,794,898,776,903,799
Q,877,868,878,810,920,794,899,776,905,802
Q,887,873,878,808,916,791,899,776,902,798
Q,877,870,878,809,920,794,899,776,902,798
Q,884,869,878,808,917,796,899,776,903,799
Q,882,867,877,807,916,795,898,776,905,799
Q,885,867,877,809,919,796,900,777,904,795
Q,884,868,877,810,918,795,899,776,902,795
Q,880,869,878,809,917,795,897,778,901,794
Q,881,867,877,809,916,793,899,777,904,794
Q,884,866,878,810,917,796,900,777,902,797
Q,879,867,878,810,920,796,898,775,902,797
Q,881,865,879,810,917,796,899,776,902,794
Q,879,865,879,811,919,798,898,776,904,795
Q,879,864,878,812,918,796,898,777,901,797
Q,884,871,877,808,920,797,898,776,903,796
Q,880,863,877,809,918,793,899,776,903,797
Q,879,862,876,809,916,793,899,776,901,796
Q,883,867,878,809,920,793,899,778,902,795
Q,880,865,877,808,916,794,898,775,899,796
Q,881,863,876,810,918,794,899,777,901,795
Q,884,862,876,808,916,793,899,775,903,795
Q,876,862,877,810,918,794,898,775,902,793
Q,884,863,876,811,917,795,898,777,903,793
Q,884,866,878,808,916,793,899,777,904,793
Q,881,865,878,810,917,793,899,776,902,795
Q,880,865,877,809,919,795,898,777,902,795
Q,886,866,878,808,918,795,898,778,903,793
Q,883,861,876,808,916,795,900,778,900,793
Q,882,865,877,809,915,794,899,777,903,794
Q,880,862,877,810,917,795,898,776,903,794
Q,880,865,878,810,918,794,898,777,902,795
Q,878,861,877,808,919,795,897,776,901,793
Q,885,863,877,808,914,793,897,776,899,792
Q,882,863,877,809,918,795,898,775,902,794
Q,884,863,877,810,918,795,897,776,900,793
Q,885,867,877,811,918,795,899,777,903,792
Q,879,862,876,807,917,792,897,777,901,793
Q,883,863,874,807,913,794,898,777,903,793
Q,877,863,878,807,919,794,899,776,901,794
Q,883,866,879,809,916,794,899,777,897,792
Q,884,866,877,807,919,794,897,777,901,793
Q,880,866,878,809,916,794,899,777,900,790
Q,884,866,874,809,917,795,897,778,900,790
Q,883,863,879,808,915,793,898,777,901,789
Q,881,863,877,807,915,793,896,777,903,788
Q,885,864,878,809,918,795,898,778,901,790
Q,881,864,879,808,918,794,897,774,902,790
Q,883,862,877,807,919,794,897,777,902,790
Q,884,864,878,809,918,793,897,776,899,790
Q,885,866,879,809,918,794,898,777,900,789
Q,884,864,878,809,916,795,897,777,901,788
Q,880,862,876,811,914,795,898,776,902,789
Q,876,864,877,807,917,794,896,776,902,790
Q,881,861,878,808,917,795,899,778,902,789
Q,884,863,877,807,918,794,895,778,899,788
Q,882,862,875,807,913,794,898,776,901,789
Q,878,862,878,810,918,794,895,777,903,789
Q,882,861,876,808,913,794,897,775,898,790
Q,884,864,878,809,918,794,896,776,900,790
Q,887,865,877,807,915,792,897,777,903,789
Q,879,865,875,808,918,792,897,778,903,790
Q,884,863,878,809,918,794,897,777,898,789
Q,884,862,879,808,914,795,898,778,901,788
Q,885,863,877,809,917,793,897,777,902,788
Q,881,861,877,810,916,795,899,776,900,788
Q,885,861,875,808,917,795,897,777,900,789
Q,882,862,877,808,917,794,898,778,900,789
Q,884,862,877,809,915,794,898,777,899,789
Q,882,859,876,809,917,795,898,778,900,791
Q,879,864,876,809,916,793,896,778,902,788
Q,880,863,875,809,916,794,897,778,901,787
Q,882,865,877,809,914,795,897,778,902,789
Q,884,866,876,808,915,794,896,777,901,789
Q,885,860,876,808,917,793,897,777,902,788
Q,885,862,875,809,915,794,896,778,902,789
Q,879,861,876,809,916,795,897,777,900,787
Q,880,861,879,809,915,795,899,777,903,789
Q,886,864,879,807,913,793,897,778,900,789
Q,882,863,877,809,916,795,897,777,900,788
Q,885,859,876,808,916,794,895,778,901,787
Q,881,864,877,807,915,794,897,777,901,789
Q,883,864,877,808,914,795,897,777,900,789
Q,884,861,878,808,914,795,897,779,900,788
Q,887,861,877,807,917,794,897,777,898,788
Q,884,863,877,809,916,795,897,777,902,791
Q,882,861,876,810,915,796,897,776,902,788
Q,881,863,878,809,917,794,896,777,900,788
Q,880,866,878,809,916,797,896,775,899,790
Q,880,863,877,808,916,794,896,778,901,788
Q,886,864,876,808,916,794,895,777,898,790
Q,884,861,875,807,914,793,897,777,900,791
Q,883,864,877,809,916,795,897,778,898,791
Q,882,864,877,805,916,796,897,778,900,790
Q,885,861,878,807,915,795,898,777,900,791
Q,882,861,876,809,915,793,898,779,898,788
Q,882,864,877,809,916,794,896,778,899,789
Q,884,859,877,806,913,793,896,777,899,790
Q,876,864,879,808,916,795,897,776,898,789
Q,877,861,878,808,913,795,897,778,900,790
Q,885,862,878,807,917,794,896,777,899,789
Q,884,861,877,806,916,795,897,778,900,790
Q,881,864,878,809,913,796,898,778,900,791
Q,878,863,875,808,917,796,895,777,898,790
Q,882,865,878,809,915,796,896,778,901,788
Q,878,864,878,808,913,794,896,777,901,787
Q,883,866,877,809,917,794,896,777,899,790
Q,882,864,876,808,914,795,897,777,897,788
Q,878,862,876,808,913,794,895,778,897,787
Q,883,865,876,807,913,794,895,777,898,787
Q,880,862,874,809,916,794,897,778,899,787
Q,883,864,879,808,915,794,896,778,901,788
Q,882,863,876,809,913,796,895,778,899,790
Q,882,861,878,808,915,795,895,778,900,788
Q,883,861,875,807,915,795,896,777,900,790
Q,886,863,876,808,916,793,896,778,899,791
Q,879,859,878,807,915,794,895,778,900,788
Q,884,861,877,807,916,795,896,776,898,790
Q,885,857,876,809,915,795,896,776,898,788
Q,884,860,877,807,915,795,897,778,898,790
Q,885,862,876,807,915,795,895,778,899,789
Q,885,860,876,807,913,794,896,777,899,790
Q,880,861,878,808,913,794,895,777,899,791
Q,887,859,876,806,912,795,896,778,898,791
Q,879,862,876,807,913,795,895,777,898,789
Q,884,862,877,807,915,794,896,778,900,789
Q,882,863,878,809,915,793,896,777,898,789
Q,885,860,878,807,916,794,896,779,899,790
Q,881,859,876,806,916,793,896,779,899,791
Q,879,860,878,808,913,795,896,777,901,794
Q,882,861,874,808,914,794,896,776,902,789
Q,882,863,877,809,915,795,895,778,898,791
Q,887,859,876,807,912,796,895,779,900,791
Q,880,862,874,807,911,795,896,779,899,792
Q,883,860,876,808,914,794,896,779,898,791
Q,884,861,876,808,914,795,899,779,896,789
Q,882,864,876,807,916,795,896,779,897,790
Q,888,860,877,807,915,794,897,777,900,791
Q,885,862,877,807,913,795,896,777,899,790
Q,883,861,877,807,913,795,895,780,895,788
Q,882,860,877,808,912,797,894,779,900,792
Q,881,861,877,807,916,796,896,779,899,788
Q,886,865,874,808,912,795,896,777,899,790
Q,882,864,877,805,915,794,895,777,897,790
Q,884,858,877,807,912,794,895,778,899,790
Q,882,863,876,806,912,795,896,778,899,788
Q,884,864,875,807,911,795,895,777,901,790
Q,884,860,877,808,913,795,894,777,899,786
Q,884,860,878,809,912,796,896,778,896,787
Q,879,862,875,807,912,794,896,777,900,787
Q,882,860,877,806,909,795,896,780,895,787
Q,880,863,874,807,915,794,897,778,897,785
Q,883,862,875,807,913,794,896,780,899,785
Q,884,861,877,808,913,793,894,779,899,787
Q,885,863,876,806,912,794,895,776,899,786
Q,884,860,876,807,914,795,896,779,899,785
Q,883,860,875,807,913,795,895,777,898,786
Q,886,860,876,808,915,795,895,776,898,787
Q,881,863,876,808,913,794,897,778,895,786
Q,884,863,877,808,914,795,896,777,898,785
Q,880,862,877,804,912,793,895,777,899,787
Q,886,863,876,807,915,794,895,779,896,787
Q,882,864,875,808,913,795,895,778,895,786
Q,890,865,875,805,914,796,896,779,895,786
Q,888,866,877,807,914,794,897,779,895,784
Q,882,862,875,807,914,794,895,778,900,786
Q,880,866,876,806,913,794,895,778,898,786
Q,887,863,877,807,912,795,893,778,896,786
Q,885,864,875,806,913,794,895,778,896,785
Q,879,863,877,807,911,794,896,778,897,785
Q,880,861,876,806,910,795,895,778,899,787
Q,883,862,877,807,912,795,896,778,896,785
Q,883,860,878,808,917,796,896,777,897,785
Q,884,862,877,806,912,793,895,778,897,787
Q,884,861,877,808,914,793,897,777,895,787
Q,883,859,875,806,914,794,895,779,898,785
Q,885,861,876,808,912,794,895,778,896,785
Q,883,861,876,807,914,795,895,779,899,785
Q,882,861,876,806,912,795,896,777,898,786
Q,883,865,875,808,911,794,895,778,896,785
Q,886,861,876,808,914,793,895,779,896,786
Q,887,862,876,806,912,794,896,778,895,787
Q,886,865,876,808,911,795,894,778,896,786
Q,880,863,876,807,912,794,895,778,900,784
Q,882,861,876,805,913,796,895,777,898,786
Q,885,860,876,806,912,794,895,778,898,785
Q,888,864,877,806,912,795,895,779,895,787
Q,882,861,877,806,915,792,895,779,896,785
Q,884,864,875,806,914,794,895,777,895,783
Q,885,864,876,805,915,795,895,777,899,786
Q,882,860,876,808,913,794,895,778,899,785
Q,882,863,876,808,915,796,896,778,898,786
Q,884,857,876,808,911,792,895,779,898,784
Q,881,863,876,807,910,793,895,778,895,784
Q,882,861,877,807,912,795,895,778,899,786
Q,884,860,877,806,913,795,894,777,896,785
Q,887,859,877,809,913,794,898,780,895,786
Q,882,860,875,806,914,795,896,778,895,787
Q,880,864,875,807,912,794,896,779,895,785
Q,881,861,877,806,914,793,896,777,899,785
Q,886,861,874,806,914,794,896,778,897,785
Q,887,862,875,807,912,795,895,778,895,785
Q,881,860,876,806,912,795,895,779,898,785
Q,882,860,878,807,911,796,897,778,898,785
Q,880,860,875,807,912,794,895,779,895,785
Q,886,862,876,807,911,796,893,778,895,786
Q,883,859,877,807,913,795,894,777,899,785
Q,887,861,875,806,910,795,895,779,900,784
Q,880,865,876,806,910,797,896,776,899,786
Q,886,860,877,806,913,798,895,777,894,784
Q,884,861,876,806,914,796,894,779,898,785
Q,881,860,877,808,911,795,895,778,895,786
Q,882,862,878,806,912,795,894,780,896,784
Q,887,863,877,807,912,794,896,779,894,786
Q,888,863,878,808,914,794,894,778,896,785
Q,886,862,876,806,912,795,895,778,898,785
Q,880,864,877,806,914,792,894,778,896,786
Q,881,863,877,808,912,795,896,779,896,786
Q,884,860,877,806,914,797,895,778,897,786
Q,880,861,877,805,914,796,896,779,897,785
Q,884,861,876,807,911,795,896,779,896,786
Q,883,859,877,807,915,794,897,776,897,785
Q,884,861,876,807,911,796,893,778,900,785
Q,893,862,876,808,913,796,896,780,899,786
Q,888,862,877,807,912,795,894,778,899,784
Q,884,862,878,807,914,795,894,779,896,785
Q,887,859,875,805,912,795,895,779,898,784
Q,883,860,878,805,912,793,894,778,897,786
Q,888,862,874,806,910,796,894,779,896,784
Q,891,862,874,803,909,800,895,778,895,786
Q,884,863,876,807,911,795,895,779,898,786
Q,887,862,876,807,915,794,895,780,896,783
Q,886,862,876,807,912,794,895,778,897,785
Q,882,861,877,808,914,794,893,779,898,784
Q,883,863,876,806,912,796,895,779,896,786
Q,887,861,876,808,914,796,896,778,896,786
Q,888,863,877,806,912,793,893,779,898,785
Q,889,863,876,805,912,796,894,778,897,784
Q,877,862,876,807,912,795,894,780,897,784
Q,881,862,876,806,910,795,895,779,899,784
Q,882,860,877,807,913,792,895,777,899,785
Q,883,861,876,806,913,794,894,779,896,785
Q,885,859,877,808,911,794,894,778,896,786
Q,886,861,875,806,913,795,895,778,896,785
Q,889,860,876,806,914,795,894,779,898,785
Q,885,863,876,807,911,795,894,778,895,784
Q,882,860,877,806,913,794,895,778,896,784
Q,886,858,877,807,910,795,895,780,894,786
Q,883,859,878,806,914,795,894,779,897,784
Q,882,861,877,806,911,794,896,778,895,783
Q,882,862,876,805,912,794,894,779,896,784
Q,882,862,877,807,911,796,896,777,899,785
Q,883,861,875,806,910,795,895,778,896,786
Q,883,860,878,806,913,794,896,778,896,784
Q,879,858,875,805,913,794,895,778,897,785
Q,883,861,877,807,915,794,893,778,896,784
Q,880,861,875,806,911,795,894,778,894,785
Q,879,862,876,806,913,794,894,778,897,785
Q,879,862,875,805,912,794,892,778,894,784
Q,886,859,875,806,913,794,895,777,896,786
Q,881,860,878,806,911,794,893,778,895,786
Q,878,863,875,806,911,794,894,778,897,784
Q,888,858,878,807,912,794,894,778,896,785
Q,884,861,877,807,912,794,894,778,895,785
Q,883,858,875,806,911,794,894,778,898,786
Q,880,857,876,807,912,795,894,778,895,784
Q,882,862,878,806,914,794,895,779,896,786
Q,882,861,876,806,911,794,894,778,897,785
Q,884,859,875,805,912,794,895,777,896,786
Q,878,857,876,807,912,793,894,777,896,785
Q,884,860,876,806,914,793,893,778,898,784
Q,880,861,874,806,911,795,894,778,899,785
Q,885,863,877,807,911,793,895,779,896,786
Q,886,861,876,806,913,794,895,777,897,784
Q,878,859,875,809,912,797,894,778,896,785
Q,885,860,877,806,913,794,895,776,896,784
Q,884,860,874,806,913,792,893,777,897,784
Q,884,859,876,805,912,795,893,779,897,784
Q,882,859,877,807,912,795,894,777,896,785
Q,893,858,875,807,910,793,893,779,895,784
Q,886,860,876,806,912,794,894,778,895,786
Q,878,857,877,806,912,794,895,779,896,785
Q,879,855,876,806,910,794,894,778,897,785
Q,883,856,875,806,913,794,893,778,897,784
Q,880,861,878,805,909,794,894,777,898,785
Q,883,861,875,806,912,795,894,778,896,783
Q,886,861,875,806,913,795,894,779,896,785
Q,884,861,876,806,914,795,895,778,896,784
Q,884,857,877,807,911,794,894,777,897,785
Q,879,859,876,807,909,794,893,779,896,783
Q,892,856,875,806,913,793,895,778,895,784
Q,882,860,875,806,911,795,893,778,894,783
Q,881,855,875,808,913,794,893,779,897,785
Q,885,859,877,806,910,795,895,779,894,784
Q,884,858,876,806,911,794,895,778,894,785
Q,883,857,876,805,911,794,893,779,895,784
Q,882,856,876,807,913,795,894,778,896,784
Q,887,856,876,806,911,796,893,778,894,784
Q,882,858,875,805,911,795,895,779,898,785
Q,878,857,875,806,912,795,894,778,898,785
Q,883,859,874,807,910,795,896,778,895,782
Q,884,861,877,806,909,794,893,779,894,785
Q,886,857,877,808,912,793,893,778,894,784
Q,881,859,875,807,912,796,893,779,894,784
Q,883,857,875,806,911,795,894,779,893,783
Q,881,861,875,807,908,794,895,780,896,785
Q,887,858,877,806,912,796,894,779,895,784
Q,888,858,877,807,914,795,893,779,895,784
Q,888,861,875,809,916,795,893,780,896,784
Q,889,859,876,808,911,797,894,780,895,785
Q,885,857,874,806,910,796,894,780,892,785
Q,890,858,875,806,911,796,894,779,900,787
Q,892,858,874,807,913,797,893,779,895,785
Q,886,858,876,806,910,796,893,780,896,785
Q,887,859,874,807,909,796,893,780,896,783
Q,887,860,876,808,911,796,893,779,893,785
Q,889,856,876,807,909,797,894,780,895,785
Q,882,856,874,807,910,796,892,780,893,784
Q,888,855,874,805,913,796,893,779,895,784
Q,885,858,877,809,909,796,893,780,894,784
Q,888,859,877,808,912,796,893,779,893,785
Q,887,859,876,806,908,796,894,780,896,784
Q,881,858,876,807,911,797,893,779,894,784
Q,886,856,875,807,912,795,895,777,892,783
Q,886,857,874,807,909,796,894,780,895,783
Q,886,857,874,806,911,797,892,780,894,783
Q,884,860,877,809,912,796,893,780,893,783
Q,887,858,876,808,910,796,893,779,896,784
Q,886,860,874,809,909,798,894,780,894,784
Q,885,859,875,808,912,796,894,779,894,782
Q,884,856,877,809,908,797,893,780,891,784
Q,889,857,874,808,911,797,894,780,895,783
Q,886,856,874,807,910,798,894,779,893,783
Q,887,858,874,808,909,796,893,779,895,784
Q,887,857,875,809,911,797,893,780,893,783
Q,886,859,876,808,912,797,893,780,894,783
Q,885,857,875,809,911,797,892,779,893,784
Q,887,857,876,808,911,796,892,781,893,783
Q,887,861,874,808,908,797,894,781,893,783
Q,884,859,874,807,911,797,893,781,896,782
Q,885,858,875,808,911,797,893,779,893,783
Q,889,861,877,808,913,797,892,780,894,782
Q,885,859,876,808,912,795,894,780,891,784
Q,891,861,877,810,913,797,893,780,896,784
Q,885,860,875,808,908,797,892,780,895,784
Q,885,857,874,809,909,797,891,781,893,782
Q,886,858,875,809,908,798,891,782,891,783
Q,886,858,876,808,913,798,893,781,895,782
Q,888,856,876,809,912,799,894,780,895,784
Q,885,862,877,807,910,797,892,779,893,783
Q,885,859,873,806,909,796,892,780,892,783
Q,881,859,875,808,909,798,891,781,892,784
Q,882,862,876,808,912,797,893,781,894,782
Q,887,859,873,810,912,796,892,780,893,781
Q,882,861,875,808,910,797,892,781,892,784
Q,887,859,874,808,912,798,892,780,891,783
Q,884,857,874,810,913,797,891,782,893,784
Q,886,859,875,808,910,796,893,781,894,782
Q,889,858,876,808,913,798,892,781,892,782
Q,882,857,874,807,913,798,892,782,892,783
Q,882,860,875,809,911,797,892,779,891,782
Q,881,856,873,808,909,796,893,781,894,783
Q,889,859,877,806,910,798,893,781,895,784
Q,881,863,871,807,908,799,893,780,895,782
Q,887,858,876,807,912,798,892,780,895,784
Q,890,861,876,808,910,798,893,780,892,781
Q,886,859,874,809,910,796,893,781,892,782
Q,884,859,875,809,910,797,891,780,894,783
Q,884,858,876,809,911,798,893,781,893,784
Q,883,858,875,808,909,797,892,781,890,781
Q,885,856,874,809,910,797,893,779,892,782
Q,887,857,875,810,910,797,892,781,890,782
Q,879,862,875,807,910,795,892,779,893,783
Q,884,859,875,807,912,796,892,780,892,783
Q,889,860,874,808,910,796,892,781,894,782
Q,883,858,875,808,912,796,893,779,891,782
Q,885,856,876,808,912,796,893,781,891,783
Q,888,857,876,807,909,796,894,781,894,784
Q,888,858,875,808,911,796,892,780,892,782
Q,882,857,875,806,910,795,893,780,891,782
Q,883,858,875,808,911,798,893,780,893,782
Q,886,856,875,808,907,797,892,780,892,783
Q,887,860,874,808,911,797,892,781,894,784
Q,878,861,876,810,911,798,892,780,893,783
Q,880,857,875,809,908,796,893,779,894,783
Q,889,861,874,808,911,796,892,780,892,783
Q,884,859,878,809,909,797,891,781,892,783
Q,887,860,873,809,910,798,893,781,892,782
Q,888,859,876,807,911,798,892,780,894,784
Q,885,857,873,808,911,796,892,780,891,784
Q,880,859,875,806,910,798,892,780,896,781
Q,885,856,874,808,909,796,893,781,892,783
Q,885,856,875,808,911,796,892,780,896,784
Q,885,860,875,808,911,795,892,779,892,784
Q,885,859,874,809,907,797,891,780,893,784
Q,883,858,874,807,912,797,892,780,894,781
Q,891,860,877,808,908,796,893,781,892,783
Q,881,861,875,806,911,798,892,779,891,784
Q,880,861,874,809,906,797,892,781,895,784
Q,887,856,876,805,911,797,892,780,893,781
Q,885,857,874,807,908,798,892,780,893,783
Q,883,860,876,806,912,796,892,780,893,783
Q,882,859,873,808,910,797,893,780,893,783
Q,889,857,876,808,910,797,893,780,893,782
Q,885,860,875,806,912,797,891,781,892,783
Q,888,858,873,808,911,796,892,781,893,784
Q,886,857,876,810,911,796,892,781,894,783
Q,883,857,873,808,910,797,892,781,894,784
Q,884,861,876,809,906,798,893,782,891,783
Q,886,856,874,809,909,798,893,780,894,783
Q,889,857,875,809,910,798,894,780,892,784
Q,886,860,873,808,910,795,892,781,894,784
Q,889,860,873,809,913,798,891,780,894,783
Q,885,857,873,808,910,797,893,782,895,783
Q,883,860,875,808,907,796,892,781,893,782
Q,885,858,874,808,909,798,893,780,893,784
Q,887,858,874,807,910,797,892,781,894,783
Q,885,858,876,809,908,797,892,779,891,781
Q,885,859,875,807,910,798,893,781,892,782
Q,889,856,877,809,910,798,893,782,891,782
Q,888,857,875,809,908,796,894,781,895,782
Q,884,855,874,807,910,797,893,782,895,782
Q,885,860,874,808,909,797,892,782,896,783
Q,883,861,873,809,909,796,892,782,896,782
Q,888,860,874,809,909,797,892,782,891,782
Q,886,859,875,807,909,797,893,782,895,783
Q,882,857,873,808,911,797,893,782,892,782
Q,886,858,875,809,908,797,893,782,895,782
Q,886,858,873,808,910,798,891,781,892,783
Q,881,861,874,808,910,797,892,780,893,782
Q,881,859,875,809,908,798,892,781,894,783
Q,883,858,874,809,908,798,892,782,894,782
Q,887,855,874,807,908,796,892,781,894,783
Q,887,857,875,809,909,797,892,781,893,783
Q,887,857,874,809,907,797,893,781,894,782
Q,885,856,875,808,908,799,892,780,890,782
Q,883,858,874,808,913,796,894,782,893,782
Q,888,859,874,809,911,798,892,782,894,783
Q,887,860,873,807,910,797,893,782,893,783
Q,884,860,874,808,909,797,891,782,894,784
Q,883,860,873,807,906,797,893,780,892,784
Q,884,858,874,808,910,798,892,782,894,783
Q,881,857,873,806,911,797,892,781,894,783
Q,888,859,875,809,909,798,893,781,892,782
Q,879,858,874,809,908,797,893,781,893,783
Q,892,861,872,805,909,799,894,781,892,782
Q,889,860,875,808,909,797,891,781,896,784
Q,889,857,874,808,908,797,893,781,892,783
Q,888,856,875,808,908,796,891,781,892,782
Q,883,859,874,808,907,796,892,781,894,782
Q,883,857,874,807,909,797,892,780,896,782
Q,887,858,875,808,910,798,892,782,895,783
Q,883,857,876,808,911,796,892,780,892,782
Q,888,860,875,807,911,797,892,783,896,781
Q,886,857,873,808,911,797,892,780,893,782
Q,885,857,874,808,909,798,894,781,893,783
Q,882,857,876,809,904,797,893,781,894,782
Q,887,858,875,807,908,797,892,781,894,782
Q,886,858,873,809,911,797,893,782,892,783
Q,881,858,873,808,911,796,892,782,892,781
Q,886,853,874,808,910,797,891,782,892,783
Q,889,860,873,807,912,799,892,783,893,782
Q,888,857,875,809,910,797,893,780,893,783
Q,888,860,876,807,911,796,890,779,896,784
Q,889,858,874,808,911,798,893,781,894,783
Q,884,859,876,808,906,799,892,781,893,785
Q,883,856,875,807,909,797,893,782,892,784
Q,886,855,876,809,908,797,893,781,893,784
Q,888,859,874,806,910,798,892,781,895,784
Q,886,858,876,808,912,797,892,781,893,783
Q,884,857,875,807,910,797,893,781,895,782
Q,886,859,874,807,910,795,892,780,893,782
Q,888,857,874,807,908,798,893,781,893,783
Q,887,857,873,807,910,798,893,782,894,781
Q,887,856,874,809,911,797,893,780,894,783
Q,888,857,877,807,910,796,893,780,895,782
Q,881,860,874,809,907,798,892,781,896,783
Q,884,855,875,809,907,798,892,782,894,783
Q,885,859,876,808,911,798,891,781,894,782
Q,880,856,873,807,911,797,893,781,895,783
Q,887,859,875,808,911,798,893,782,892,782
Q,887,858,874,810,908,797,894,780,895,782
Q,882,856,873,807,910,796,892,782,895,784
Q,889,860,876,808,912,796,892,781,893,783
Q,881,857,875,807,909,797,893,781,893,781
Q,883,858,877,806,906,795,889,779,893,781
Q,883,859,873,808,909,797,893,783,894,783
Q,889,860,876,807,908,798,893,781,894,783
Q,886,854,874,807,907,797,891,781,896,782
Q,885,860,875,806,911,798,892,780,894,783
Q,888,858,875,808,909,798,893,781,894,782
Q,883,856,876,806,907,799,895,782,893,783
Q,889,861,874,807,909,798,893,780,893,783
Q,888,858,874,807,906,797,893,781,894,783
Q,888,859,875,806,911,798,892,781,894,783
Q,883,858,873,808,910,797,890,781,895,783
Q,885,856,877,809,910,797,894,782,896,782
Q,888,855,873,808,906,797,893,781,894,781
Q,880,858,873,808,908,797,892,781,894,780
Q,888,860,874,808,909,798,892,781,894,782
Q,883,853,873,809,911,797,892,782,896,782
Q,887,858,876,809,911,798,893,781,894,783
Q,888,857,875,809,909,799,894,781,895,783
Q,890,858,874,808,909,798,892,781,894,783
Q,876,854,877,807,912,797,892,781,896,783
Q,887,856,874,805,910,798,891,781,892,782
Q,889,857,873,807,909,799,892,782,895,784
Q,883,857,875,806,908,796,890,781,896,783
Q,884,857,873,807,909,798,892,781,894,783
Q,885,857,873,808,912,796,894,782,888,785
Q,885,857,873,808,909,797,893,782,894,782
Q,886,857,875,806,909,797,892,780,898,782
Q,886,858,874,807,909,798,892,782,893,784
Q,884,857,873,808,911,797,892,782,894,782
Q,887,858,875,808,909,795,893,781,892,784
Q,888,860,874,808,910,797,892,780,895,782
Q,883,855,873,808,908,796,893,781,894,783
Q,881,858,875,806,912,796,892,782,892,783
Q,887,857,873,806,907,794,893,780,895,782
Q,883,856,874,807,911,797,892,780,895,783
Q,882,857,875,808,912,796,893,782,895,782
Q,880,855,875,808,912,798,889,780,893,783
Q,888,857,874,805,908,797,890,780,892,783
Q,883,855,875,807,910,797,891,782,891,782
Q,888,858,874,808,910,797,892,780,893,782
Q,880,857,874,806,910,797,891,781,892,782
Q,884,856,875,806,908,796,891,781,894,782
Q,880,860,874,806,907,798,892,780,894,781
Q,882,856,874,805,910,796,892,780,895,783
Q,888,857,874,807,910,797,890,781,894,784
Q,881,856,873,806,908,797,892,780,895,783
Q,883,854,874,803,908,798,893,780,892,782
Q,886,855,872,806,909,796,891,780,894,781
Q,887,857,873,808,908,797,892,781,892,780
Q,882,856,875,806,910,796,893,781,894,783
Q,888,858,875,808,908,798,892,781,892,782
Q,887,859,873,808,911,795,893,781,894,782
Q,885,859,872,807,910,797,891,781,892,781
Q,887,858,875,806,911,796,893,780,892,783
Q,885,859,875,807,910,797,891,781,895,783
Q,886,856,875,807,909,798,893,781,895,782
Q,880,852,873,806,908,796,892,782,894,781
Q,883,856,874,805,909,797,891,782,894,782
Q,891,857,873,808,912,797,890,782,893,782
Q,886,855,873,807,910,796,892,781,895,783
Q,880,855,873,807,910,795,892,781,894,784
Q,885,858,874,806,909,796,891,782,894,782
Q,885,858,873,804,910,797,893,782,896,782
Q,884,857,874,807,910,797,891,781,894,783
Q,884,855,874,806,910,796,892,781,893,782
Q,881,857,874,806,909,797,891,780,894,784
Q,885,854,872,807,907,798,893,782,893,782
Q,882,859,875,807,909,797,892,782,893,782
Q,885,859,873,807,912,798,893,781,892,783
Q,883,858,873,807,908,794,891,782,895,782
Q,888,857,872,805,910,798,891,781,894,781
Q,887,858,874,807,911,796,892,781,893,783
Q,885,858,874,806,910,797,892,781,896,782
Q,887,857,874,806,911,796,891,781,892,783
Q,884,857,874,807,909,795,891,781,892,782
Q,884,856,872,807,909,797,893,781,890,782
Q,881,856,869,806,908,797,891,782,894,783
Q,884,854,875,805,909,798,893,782,892,782
Q,884,856,874,806,910,796,892,782,895,783
Q,885,857,874,805,908,796,892,782,892,781
Q,881,856,872,806,913,798,890,781,896,781
Q,888,858,873,805,908,797,891,781,892,782
Q,889,858,875,804,908,796,890,782,895,782
Q,882,859,872,805,909,796,892,782,893,781
Q,885,858,874,807,911,799,890,783,893,782
Q,878,857,873,806,908,797,893,781,895,781
Q,887,856,874,805,908,796,891,781,893,781
Q,881,857,874,805,907,796,891,780,894,782
Q,881,858,873,805,908,797,892,782,893,783
Q,884,855,872,805,913,798,893,781,891,783
Q,883,859,872,806,907,796,892,782,893,783
Q,887,859,873,805,908,797,891,781,892,782
Q,883,858,873,808,910,798,891,781,895,782
Q,887,857,874,806,910,795,892,782,895,783
Q,886,855,873,804,909,796,892,781,890,783
Q,885,859,873,805,909,796,893,781,892,780
Q,887,860,874,806,909,797,890,783,894,783
Q,887,857,874,806,910,796,892,781,893,783
Q,885,857,874,806,910,797,891,781,891,781
Q,882,861,873,805,907,796,893,781,893,782
Q,888,856,873,807,912,795,890,781,895,782
Q,884,852,871,808,906,797,893,781,894,782
Q,885,858,872,805,909,797,892,781,895,782
Q,884,856,875,807,906,795,892,781,895,782
Q,888,855,873,805,911,797,893,780,893,782
Q,882,859,873,807,907,796,892,781,893,782
Q,886,860,874,806,909,795,891,781,892,783
Q,886,857,873,805,908,798,892,781,891,781
Q,886,857,873,806,911,796,890,781,893,783
Q,882,859,874,807,909,795,891,781,896,782
Q,886,858,875,804,908,796,892,783,895,781
Q,887,856,873,807,911,797,892,782,894,783
Q,883,856,875,805,910,797,891,782,893,781
Q,889,857,872,807,907,797,891,783,894,783
Q,888,858,874,806,911,798,891,782,891,781
Q,878,858,875,807,910,798,891,782,892,782
Q,887,859,874,806,909,797,892,783,895,782
Q,879,858,874,807,907,796,891,781,893,782
Q,882,857,873,805,907,797,890,782,895,783
Q,887,858,873,805,909,796,893,780,892,781
Q,886,858,872,805,907,796,893,782,895,782
Q,882,856,873,806,909,797,892,781,895,782
Q,885,858,874,806,910,797,892,782,892,783
Q,890,860,873,806,910,798,892,782,894,783
Q,874,858,872,807,907,796,892,782,894,782
Q,889,859,874,805,909,796,892,782,892,783
Q,885,857,873,806,909,798,891,782,893,783
Q,883,859,874,805,909,798,893,782,894,782
Q,886,855,874,807,911,797,892,781,895,783
Q,883,858,873,806,909,796,892,781,892,783
Q,883,857,874,806,908,797,893,781,893,780
Q,883,859,876,807,908,797,891,783,894,782
Q,887,858,874,807,909,797,891,781,893,783
Q,880,858,873,808,911,796,892,782,893,782
Q,888,858,874,803,909,798,892,782,892,783
Q,885,858,873,807,908,797,891,782,892,783
Q,887,856,870,805,909,797,891,783,894,783
Q,887,857,873,805,910,797,892,781,890,783
Q,878,857,875,807,910,797,892,780,892,783
Q,888,860,874,806,910,798,891,783,892,781
Q,886,858,875,807,907,798,891,781,893,783
Q,880,855,872,805,910,798,892,781,894,781
Q,887,859,874,806,914,799,894,781,892,781
Q,883,858,874,805,907,794,891,782,895,782
Q,887,860,872,806,908,799,891,781,893,782
Q,885,858,873,808,908,793,891,781,893,782
Q,880,856,874,805,911,797,892,782,893,782
Q,883,857,875,805,907,797,892,781,894,783
Q,883,856,873,805,911,796,892,782,894,782
Q,884,859,873,805,911,796,892,781,890,782
Q,896,861,874,807,910,796,892,781,893,782
Q,882,856,873,807,910,797,892,781,893,781
Q,887,855,873,805,901,800,888,781,894,783
Q,885,854,875,806,909,796,892,781,893,782
Q,884,857,874,807,910,796,892,781,890,783
Q,884,851,872,806,907,796,892,781,893,782
Q,887,859,873,807,910,797,893,782,891,782
Q,881,859,873,807,908,796,891,782,892,783
Q,884,858,873,807,908,797,892,782,890,783
Q,882,856,874,807,909,796,892,780,893,782
Q,888,855,873,807,909,796,892,781,893,782
Q,886,857,873,806,909,797,892,782,892,783
Q,884,857,872,806,910,797,892,781,892,783
Q,888,856,875,807,911,796,892,781,895,782
Q,880,856,873,806,909,797,892,783,891,783
Q,890,856,874,807,908,797,891,782,892,783
Q,885,860,872,805,908,798,891,781,892,781
Q,885,855,872,807,909,798,889,782,892,782
Q,891,853,873,807,911,798,892,782,895,781
Q,882,856,871,805,910,798,891,782,892,782
Q,891,863,875,806,911,794,891,783,891,783
Q,884,858,874,806,908,798,892,781,895,781
Q,883,856,873,805,909,796,892,783,891,783
Q,885,857,875,805,909,798,892,781,893,783
Q,883,857,872,806,907,798,890,783,893,781
Q,891,857,875,807,908,796,891,782,894,782
Q,883,856,873,806,910,797,892,782,892,781
Q,886,855,873,806,907,798,892,782,894,782
Q,885,858,873,805,909,798,890,781,891,781
Q,886,858,871,806,907,796,892,783,893,781
Q,882,856,872,806,908,797,890,782,891,783
Q,888,855,873,807,907,797,892,782,891,782
Q,887,855,874,806,909,797,892,781,892,782
Q,889,856,876,806,909,797,891,784,893,783
Q,887,856,874,806,910,798,891,782,893,780
Q,885,859,873,806,909,798,891,782,894,785
Q,889,857,872,807,910,798,892,783,893,783
Q,890,858,874,805,905,799,892,782,894,782
Q,885,856,873,804,908,798,891,783,894,783
Q,886,856,874,807,908,798,892,782,895,783
Q,881,857,875,805,908,797,891,783,894,783
Q,885,859,873,807,909,798,892,783,895,783
Q,888,856,872,805,909,798,892,781,893,784
Q,884,859,871,806,912,797,891,783,893,783
Q,891,857,873,806,910,797,892,783,892,784
Q,887,859,872,807,910,797,891,784,892,782
Q,887,857,873,805,910,799,892,784,894,781
Q,885,856,872,806,908,797,892,782,891,780
Q,888,859,873,807,910,799,892,783,895,782
Q,892,861,873,807,910,797,892,782,893,782
Q,884,858,872,805,907,799,891,782,895,784
Q,887,858,873,805,906,798,891,783,894,783
Q,886,857,871,807,911,797,893,782,893,781
Q,886,856,874,805,908,798,891,783,895,783
Q,890,855,873,805,908,798,892,783,895,782
Q,886,856,872,807,908,798,890,783,894,782
Q,883,859,872,806,909,798,892,783,894,782
Q,887,859,873,806,907,798,891,781,892,783
Q,888,857,873,806,907,797,891,782,894,783
Q,883,858,874,806,909,796,892,781,894,781
Q,888,856,874,806,907,798,893,784,890,781
Q,888,857,874,806,910,798,892,783,892,782
Q,882,860,874,805,908,797,892,783,893,782
Q,883,856,875,805,907,798,891,782,895,783
Q,883,859,873,805,907,799,892,782,892,781
Q,885,858,874,805,908,798,891,782,892,783
Q,881,860,873,805,909,797,891,781,893,783
Q,893,854,871,806,909,796,893,782,893,782
Q,888,857,873,806,909,799,891,783,892,782
Q,886,857,871,805,908,797,891,782,892,782
Q,887,857,874,807,909,797,891,782,892,782
Q,888,856,874,805,907,797,891,782,892,783
Q,884,859,873,806,910,798,892,782,893,781
Q,889,856,873,806,910,799,889,783,893,781
Q,881,855,872,805,906,797,891,782,893,781
Q,891,859,872,807,909,796,890,782,891,783
Q,890,859,875,804,909,798,891,782,893,782
Q,889,859,873,806,910,799,891,782,894,783
Q,889,849,872,806,909,799,892,783,895,781
Q,882,858,873,807,908,798,892,782,895,781
Q,883,853,871,805,908,798,890,782,893,782
Q,888,856,872,805,909,797,892,782,894,783
Q,883,858,874,805,909,799,891,784,894,782
Q,887,858,871,805,910,799,891,781,895,783
Q,887,859,875,805,908,798,892,783,891,782
Q,888,859,873,806,910,797,892,783,893,783
Q,884,858,870,804,912,799,893,783,892,781
Q,889,857,874,805,909,797,893,783,891,782
Q,885,855,873,805,907,797,892,783,892,782
Q,886,858,872,806,910,797,892,783,892,782
Q,883,858,872,807,910,797,893,784,894,782
Q,889,856,874,804,911,798,891,782,894,783
Q,886,858,872,805,907,797,891,783,893,783
Q,885,856,872,807,909,796,892,781,894,783
Q,886,855,872,806,907,799,892,782,892,782
Q,885,859,874,806,907,798,891,782,890,782
Q,886,858,873,807,907,798,891,782,892,782
Q,889,855,872,805,906,797,891,782,892,783
Q,885,859,873,806,911,798,892,783,894,782
Q,884,857,874,806,909,798,892,783,893,782
Q,885,857,874,807,908,799,891,782,894,783
Q,885,860,874,807,910,798,891,782,894,781
Q,881,861,875,805,906,797,892,784,893,782
Q,886,856,873,807,908,797,892,783,893,782
Q,888,859,873,806,910,798,891,782,891,782
Q,888,857,875,806,910,798,893,782,892,783
Q,887,857,872,804,910,801,893,781,897,783
Q,886,856,874,805,910,797,890,782,893,782
Q,888,860,873,806,908,797,892,783,894,782
Q,885,859,873,806,908,800,892,783,892,782
Q,889,860,874,806,910,797,892,782,894,782
Q,886,857,874,806,908,798,892,782,894,781
Q,887,858,872,807,907,798,892,783,893,782
Q,885,855,874,807,907,799,890,781,894,782
Q,886,856,874,806,910,798,891,783,894,782
Q,886,860,874,805,908,799,892,781,893,782
Q,889,856,873,805,908,798,892,782,893,782
Q,884,858,873,806,909,798,892,783,893,782
Q,890,857,874,808,911,798,891,783,894,782
Q,885,860,874,805,908,797,892,783,893,783
Q,887,859,873,807,910,797,891,782,896,783
Q,888,857,872,805,910,798,891,783,892,782
Q,888,857,873,806,909,797,891,783,892,782
Q,887,857,875,807,908,797,891,782,893,782
Q,884,858,873,806,909,799,890,783,892,782
Q,885,855,875,806,912,798,891,782,890,782
Q,885,854,874,808,909,798,892,782,895,784
Q,887,858,872,807,909,798,889,782,893,785
Q,886,862,873,805,909,798,891,782,891,781
Q,885,858,872,806,909,798,890,782,894,783
Q,892,856,872,808,908,798,891,782,893,782
Q,888,858,873,805,909,797,890,783,892,783
Q,889,858,874,807,909,799,890,783,894,783
Q,889,856,874,808,907,797,891,783,894,783
Q,883,855,870,804,907,799,892,782,891,783
Q,891,860,873,808,908,798,891,782,893,781
Q,887,858,872,807,910,798,891,783,891,781
Q,885,859,874,807,907,798,891,783,893,782
Q,886,860,874,808,908,799,889,784,894,781
Q,888,858,874,805,907,797,891,783,892,781
Q,887,860,874,806,911,797,893,783,891,781
Q,891,854,872,806,909,798,892,782,893,782
Q,889,860,873,805,910,798,890,783,893,782
Q,892,860,872,806,908,797,889,783,893,783
Q,890,858,874,806,908,799,891,784,891,781
Q,887,858,873,808,908,798,889,783,892,780
Q,877,859,873,806,907,798,890,783,893,783
Q,891,859,874,805,910,798,892,783,894,781
Q,883,862,872,807,909,797,892,783,892,783
Q,886,856,873,806,908,796,890,783,894,783
Q,887,858,873,806,902,796,890,782,891,783
Q,884,858,873,806,909,798,891,782,893,782
Q,888,857,872,806,909,798,891,783,894,781
Q,887,858,872,806,910,797,891,783,892,782
Q,884,859,874,806,908,799,892,783,894,781
Q,889,859,874,806,908,797,892,783,891,781
Q,891,856,873,805,909,798,891,781,894,783
Q,890,858,873,807,911,798,890,782,892,782
Q,883,859,874,806,910,798,892,783,895,783
Q,884,858,872,807,910,798,891,782,891,783
Q,888,857,872,805,908,797,891,782,893,782
Q,884,856,874,810,908,798,893,782,893,783
Q,888,857,873,806,910,798,892,782,894,783
Q,890,859,871,808,906,796,891,782,894,783
Q,884,859,871,806,908,799,892,782,894,783
Q,888,857,872,805,910,798,890,782,891,782
Q,890,858,874,807,910,799,891,782,894,782
Q,883,859,874,807,909,798,891,784,892,783
Q,890,857,872,806,909,798,891,782,893,782
Q,883,858,872,807,909,798,891,782,893,782
Q,886,858,874,807,905,798,891,782,893,782
Q,885,857,872,806,910,798,892,783,895,783
Q,889,857,872,805,911,798,892,783,891,783
Q,889,858,872,805,909,798,891,783,893,782
Q,892,860,873,807,912,798,892,779,892,781
Q,886,860,871,806,908,798,890,783,894,783
Q,889,858,872,805,910,799,890,783,891,783
Q,887,857,874,807,906,798,892,783,893,782
Q,889,854,872,806,909,799,892,781,892,783
Q,889,857,873,806,912,796,893,785,889,783
Q,888,856,874,806,908,797,891,783,894,782
Q,885,854,873,808,910,797,891,782,893,783
Q,889,858,872,806,907,797,889,783,890,782
Q,883,860,874,804,906,797,891,781,891,781
Q,891,860,874,806,909,797,892,783,893,782
Q,886,855,874,806,906,795,891,783,891,781
Q,889,856,875,806,907,799,891,783,891,782
Q,892,857,874,807,908,796,891,782,891,781
Q,888,857,873,805,906,798,892,783,895,783
Q,888,857,870,804,907,798,892,783,893,783
Q,885,856,872,806,907,797,892,783,890,782
Q,885,859,872,806,906,797,892,783,895,782
Q,892,856,874,807,908,798,890,781,891,781
Q,888,858,872,806,908,796,892,783,896,781
Q,886,855,874,806,909,798,890,783,890,783
Q,885,858,873,805,910,798,892,783,892,782
Q,884,855,875,806,910,797,891,782,893,782
Q,886,859,872,806,909,797,892,783,894,782
Q,887,858,873,804,905,798,890,783,889,781
Q,891,857,871,806,908,797,891,783,891,780
Q,889,857,873,806,909,797,892,783,894,783
Q,887,857,872,806,906,798,892,783,894,783
Q,889,856,872,806,907,798,891,785,896,784
Q,886,860,871,806,909,797,892,782,892,780
Q,881,856,874,803,909,797,890,782,894,782
Q,890,859,873,806,909,799,891,782,891,783
Q,883,859,871,807,910,798,892,783,894,783
Q,885,861,871,804,907,797,891,783,892,781
Q,890,856,872,805,908,797,892,783,892,783
Q,892,860,874,808,908,799,892,782,893,782
Q,886,856,871,807,907,798,892,784,892,783
Q,888,849,873,807,910,798,891,782,892,783
Q,889,857,872,807,907,797,890,782,894,782
Q,886,859,874,807,909,797,891,784,895,783
Q,891,859,873,805,909,799,892,783,894,784
Q,880,856,872,806,908,797,891,782,891,782
Q,884,856,873,806,909,798,892,784,891,783
Q,886,855,874,805,908,799,892,783,894,782
Q,894,857,871,805,904,797,890,782,893,783
Q,896,858,874,804,908,797,891,783,893,782
Q,887,857,873,807,909,799,891,781,894,782
Q,898,861,872,804,908,798,890,783,891,783
Q,889,858,872,806,908,799,892,783,893,783
Q,888,855,872,807,910,798,890,783,892,781
Q,884,856,873,806,908,798,892,783,892,782
Q,888,860,874,805,910,797,892,783,895,784
Q,884,860,874,805,909,797,891,783,893,782
Q,892,859,872,806,910,799,892,783,892,783
Q,887,860,872,805,911,798,891,782,892,782
Q,885,855,872,806,908,798,891,783,893,782
Q,891,857,872,806,909,798,889,782,895,782
Q,886,858,873,805,910,798,892,783,893,783
Q,885,857,874,807,906,797,890,782,892,783
Q,885,859,873,805,906,799,892,784,892,783
Q,888,860,872,807,907,799,890,784,892,782
Q,891,856,872,806,908,799,890,782,894,783
Q,893,855,874,804,908,799,892,784,894,783
Q,892,860,874,807,907,799,891,782,893,784
Q,888,857,872,805,907,799,890,782,893,783
Q,896,862,873,807,908,799,891,784,894,782
Q,890,855,873,805,905,799,890,781,892,781
Q,892,856,872,807,909,798,891,782,892,783
Q,885,859,874,807,909,797,891,784,893,783
Q,891,861,875,807,907,799,891,783,892,783
Q,890,856,872,804,909,797,890,782,890,782
Q,889,859,875,805,906,796,891,782,893,782
Q,883,855,870,807,910,797,891,782,893,782
Q,883,859,872,806,907,797,892,783,890,782
Q,887,856,874,807,910,797,890,783,892,781
Q,884,858,873,806,910,799,892,783,894,782
Q,889,858,873,807,906,799,892,782,892,783
Q,887,857,872,806,908,797,892,782,891,782
Q,885,857,871,806,908,797,892,783,894,783
Q,894,861,872,805,908,797,891,782,892,782
Q,885,858,872,806,906,798,891,783,893,783
Q,890,852,869,807,910,799,892,782,893,782
Q,887,859,873,807,908,797,891,784,893,782
Q,891,859,871,807,908,797,891,782,893,781
Q,890,858,872,807,908,799,890,783,894,781
Q,888,860,873,806,911,797,890,782,893,781
Q,889,856,871,806,906,797,891,783,892,783
Q,885,855,872,806,909,798,892,785,892,783
Q,887,858,873,807,909,798,890,783,893,783
Q,887,860,873,806,909,799,891,783,892,782
Q,887,858,872,807,910,798,890,782,892,783
Q,886,855,871,806,907,798,890,782,893,782
Q,892,858,873,806,910,798,891,783,893,782
Q,887,855,871,806,909,797,892,782,891,781
Q,889,858,874,804,910,799,891,783,892,783
Q,887,856,872,806,909,798,890,783,892,782
Q,889,858,871,806,909,798,892,782,894,783
Q,897,859,873,807,907,797,892,783,891,781
Q,887,859,871,806,907,797,892,782,892,782
Q,889,859,872,804,906,796,890,784,892,782
Q,885,857,871,805,908,799,892,783,890,780
Q,886,857,874,807,910,798,892,782,894,781
Q,892,860,874,807,909,796,891,783,895,782
Q,890,859,871,807,909,798,889,783,895,782
Q,882,857,874,806,911,798,892,781,896,782
Q,889,856,874,806,909,798,890,783,891,782
Q,892,855,873,804,907,797,892,783,891,781
Q,890,857,872,807,908,798,891,783,894,782
Q,885,854,873,807,907,798,892,783,891,783
Q,887,858,872,805,908,798,890,782,893,781
Q,890,860,872,807,909,799,890,783,893,781
Q,890,858,871,807,906,796,890,783,892,783
Q,887,855,874,806,908,798,891,783,893,783
Q,890,859,873,805,908,797,892,783,892,782
Q,894,855,873,806,908,797,890,783,894,783
Q,886,858,872,807,907,798,891,783,893,783
Q,889,859,872,807,907,798,890,783,891,783
Q,892,856,874,807,911,800,891,783,893,781
Q,888,855,872,807,909,798,890,784,894,781
Q,893,858,874,806,909,797,892,780,891,783
Q,886,857,871,806,906,797,890,784,892,782
Q,886,857,872,806,909,799,892,784,894,782
Q,883,858,872,806,907,798,891,782,893,783
Q,888,858,873,806,908,797,892,783,892,782
Q,890,855,874,807,907,797,890,782,891,780
Q,889,858,872,807,910,798,891,783,893,782
Q,885,858,873,805,908,798,891,783,894,782
Q,888,858,870,806,908,798,891,782,890,782
Q,888,856,872,807,909,797,890,784,890,782
Q,891,860,872,808,911,798,892,782,893,782
Q,892,858,875,808,912,797,890,783,896,783
Q,887,859,874,806,906,798,892,784,892,783
Q,889,857,873,806,909,797,892,782,895,781
Q,887,857,872,807,907,798,891,783,892,781
Q,886,859,873,807,909,798,891,783,892,782
Q,891,859,873,808,911,799,890,781,891,783
Q,891,858,872,806,907,798,891,782,891,783
Q,889,857,873,805,910,798,890,783,891,782
Q,889,856,874,805,906,798,892,784,893,782
Q,892,858,873,806,907,798,891,782,891,782
Q,890,855,872,807,906,799,891,783,894,781
Q,889,858,873,805,906,797,890,782,894,781
Q,889,858,873,807,909,797,890,783,893,783
Q,888,859,874,807,907,798,891,783,893,782
Q,890,856,872,806,909,798,890,782,893,781
Q,886,856,873,807,907,796,892,783,894,782
Q,888,858,871,807,909,797,891,783,892,782
Q,887,856,873,806,910,797,890,782,894,782
Q,886,858,873,807,908,799,892,784,891,783
Q,889,859,872,805,908,797,891,783,892,780
Q,889,856,872,804,907,798,890,783,893,783
Q,886,859,874,807,906,796,889,783,892,782
Q,889,858,868,805,910,799,887,783,890,783
Q,889,855,873,807,909,799,891,783,893,782
Q,889,857,872,807,909,797,889,782,890,783
Q,890,858,873,807,908,798,890,784,892,782
Q,892,855,874,807,911,794,892,784,892,783
Q,889,856,874,807,906,797,891,784,892,783
Q,889,858,873,806,906,798,892,782,891,783
Q,875,856,873,805,908,798,890,783,891,782
Q,891,856,874,807,910,799,891,784,891,781
Q,894,860,874,807,908,798,890,784,894,782
Q,889,857,872,805,909,799,892,784,891,781
Q,891,860,874,806,909,798,891,782,891,782
Q,887,857,871,808,910,798,891,783,892,783
Q,892,858,873,806,906,799,891,784,891,781
Q,882,854,874,804,907,797,891,783,890,783
Q,884,858,873,806,908,798,890,783,893,781
Q,886,855,872,805,908,798,891,783,892,782
Q,889,856,873,807,909,798,892,783,893,783
Q,889,855,873,804,906,797,891,783,892,781
Q,887,859,870,807,910,798,889,782,892,782
Q,891,856,873,806,908,798,890,783,891,783
