D,937,881,739,775,902,812,898,823,905,760
D,937,880,739,775,902,812,898,823,905,759
D,936,881,739,775,902,812,898,823,904,759
D,935,880,739,775,902,812,898,824,905,760
D,936,881,739,775,902,812,898,824,905,759
D,936,881,738,775,902,812,897,824,905,760
D,936,880,739,776,902,812,898,826,905,760
D,936,880,738,776,902,811,898,825,905,760
D,935,880,738,776,901,811,898,825,905,759
D,936,880,738,774,902,812,897,824,905,760
D,936,881,739,775,902,812,898,825,905,760
D,936,879,738,775,901,812,897,825,905,760
D,935,879,739,776,901,812,898,826,905,761
D,936,881,739,776,901,812,898,824,905,760
D,936,881,738,775,906,812,898,824,905,761
D,934,879,738,776,903,812,899,824,905,760
D,936,880,738,775,902,811,898,824,906,760
D,935,881,738,776,902,810,898,824,904,761
D,936,879,738,776,901,812,898,823,903,761
D,935,881,738,776,903,811,898,822,904,761
D,936,881,738,776,902,812,897,822,905,761
D,936,881,738,776,902,812,897,821,905,761
D,934,881,738,776,902,811,897,822,904,761
D,936,880,737,777,902,810,897,822,904,761
D,935,881,738,776,902,811,898,821,903,762
D,935,880,738,776,902,811,897,821,904,761
D,936,880,737,776,902,811,897,821,905,760
D,935,880,738,777,902,811,897,822,904,762
D,936,880,738,776,902,811,897,821,904,762
D,935,880,738,777,900,811,897,822,904,762
D,935,880,738,777,901,810,897,822,904,762
D,935,881,738,777,901,812,897,823,905,762
D,936,881,738,777,901,812,895,823,904,762
D,935,881,738,777,901,811,896,823,905,762
D,935,881,741,777,900,812,897,823,904,762
D,935,881,744,779,900,812,897,823,904,763
D,936,880,740,779,900,812,895,822,904,762
D,940,881,739,778,900,811,895,821,903,762
D,937,880,738,777,900,811,897,821,903,762
D,937,880,736,779,901,811,896,821,904,762
D,937,880,736,780,900,810,896,821,904,762
D,940,882,737,779,900,812,897,823,903,762
D,939,884,737,778,899,812,897,821,903,761
D,938,881,735,779,900,812,896,821,903,762
D,938,881,736,778,900,811,896,822,903,762
D,941,879,735,776,901,812,897,822,904,762
D,944,878,736,775,902,811,897,824,906,766
D,945,878,735,776,901,811,896,824,902,772
D,944,878,735,777,903,811,895,823,899,774
D,943,876,735,779,899,811,892,823,896,799
D,942,878,736,780,899,811,891,824,899,796
D,938,876,736,781,898,811,891,822,898,795
D,929,877,736,783,897,812,889,819,899,793
D,926,877,736,785,896,813,889,819,900,792
D,923,876,737,786,892,812,889,819,900,791
D,917,877,739,786,892,811,888,814,899,789
D,909,875,740,785,896,811,884,803,899,780
D,908,874,742,784,896,811,883,802,898,777
D,916,874,745,784,898,810,888,810,899,786
D,915,874,749,784,900,808,889,812,901,789
D,914,874,751,784,895,810,887,811,898,788
D,923,873,758,789,894,809,891,849,900,811
D,921,873,754,789,894,810,889,845,899,809
D,917,872,754,789,895,809,885,832,897,805
D,912,873,753,789,897,809,883,814,897,798
D,909,871,753,789,892,809,884,812,900,795
D,911,871,753,789,893,809,891,822,904,796
D,911,873,753,789,894,811,885,822,901,795
D,910,872,753,788,891,811,883,818,900,795
D,910,873,753,788,892,812,882,817,898,795
D,909,873,752,787,890,813,882,818,899,795
D,910,873,751,786,891,813,882,818,899,794
D,912,874,752,782,893,812,883,818,899,794
D,919,876,751,778,894,812,883,818,899,793
D,924,876,747,778,894,812,884,819,899,793
D,929,876,745,778,893,813,885,822,901,794
D,931,877,745,777,893,813,886,823,901,792
D,934,877,743,777,893,813,885,822,900,793
D,935,880,737,776,894,812,888,821,902,793
D,936,880,737,774,895,811,888,819,903,793
D,934,880,736,773,895,811,888,822,904,793
D,935,880,735,774,895,810,888,822,905,793
D,933,880,736,776,895,810,888,821,905,793
D,932,881,742,777,894,810,888,821,906,792
D,931,881,744,777,894,810,887,819,905,792
D,930,878,740,775,894,811,886,821,905,792
D,930,880,743,778,893,811,884,822,904,792
D,931,881,743,786,894,810,885,823,905,792
D,930,881,740,787,893,811,884,822,905,792
D,928,877,736,787,893,811,885,822,904,792
D,928,879,734,792,894,810,886,822,904,792
D,927,877,733,790,896,811,886,822,904,792
D,928,877,732,777,898,811,886,824,904,793
D,934,878,734,777,899,811,887,824,903,792
D,932,876,738,780,896,810,887,823,903,792
D,928,878,739,784,896,810,887,822,903,792
D,926,876,734,786,896,810,887,820,903,792
D,926,874,732,774,901,810,887,820,903,791
D,928,873,732,776,900,810,885,820,902,790
D,927,874,733,777,898,810,885,820,902,791
D,925,872,732,777,897,809,886,819,902,792
D,926,872,732,774,900,808,886,818,901,791
D,926,872,733,774,899,808,886,818,902,790
D,926,872,732,776,899,808,886,818,902,790
D,926,872,732,775,899,808,885,818,902,790
D,926,870,732,773,898,807,885,819,901,790
D,925,872,732,773,896,808,883,820,901,791
D,925,872,732,774,897,807,883,819,901,791
D,924,871,731,780,897,808,884,819,899,791
D,924,871,732,779,896,809,884,818,899,792
D,926,871,732,774,896,811,884,819,901,792
D,929,872,732,771,899,811,885,818,900,790
D,931,873,733,773,900,809,886,818,900,791
D,930,872,740,777,898,809,885,819,900,791
D,928,871,746,782,898,809,885,817,901,791
D,927,870,735,786,898,807,884,816,900,788
D,924,868,732,789,898,809,885,817,899,786
D,925,867,732,781,897,810,885,817,899,785
D,925,867,732,775,898,810,885,818,898,786
D,925,868,733,770,899,810,885,818,898,785
D,926,868,733,771,898,809,885,818,898,785
D,931,869,732,771,897,807,885,821,896,786
D,937,869,732,770,896,808,882,819,890,791
D,936,864,734,772,895,807,878,811,885,794
D,939,862,736,774,895,806,883,814,895,802
D,939,861,736,775,895,806,885,814,897,800
D,935,859,738,776,895,805,886,811,901,798
D,931,857,741,778,894,804,887,811,907,792
D,927,856,741,777,895,804,886,804,901,788
D,921,855,744,777,894,803,882,800,897,786
D,920,855,749,778,894,803,883,798,897,785
D,918,854,751,777,894,803,887,799,902,784
D,918,853,751,776,894,803,890,798,907,782
D,916,854,748,778,894,803,890,797,908,780
D,915,853,748,778,894,803,893,798,908,780
D,914,854,750,776,894,803,893,798,908,780
D,916,854,751,777,894,803,894,801,909,781
D,917,855,750,778,895,803,894,804,908,782
D,918,855,749,778,893,803,889,803,904,782
D,916,855,751,777,894,806,886,801,901,781
D,912,854,751,776,896,808,886,801,901,780
D,910,857,752,774,897,808,886,801,902,781
D,906,860,750,773,897,808,886,801,901,781
D,903,863,751,773,897,809,884,801,902,781
D,900,879,750,772,899,806,887,801,902,781
D,899,881,751,773,899,806,887,801,900,781
D,898,882,751,772,899,806,887,801,901,780
D,897,882,751,771,896,807,887,800,901,781
D,896,874,753,770,899,807,887,799,901,781
D,896,875,753,770,898,808,887,799,900,780
D,895,880,754,769,896,808,886,798,900,780
D,897,877,754,769,895,807,885,798,900,776
D,897,874,754,770,895,807,885,798,900,779
D,897,876,755,770,895,807,886,798,900,779
D,896,874,754,770,894,806,885,798,899,779
D,896,876,753,769,894,807,885,799,900,779
D,896,875,750,768,895,806,885,799,899,779
D,897,873,749,767,894,805,884,799,900,779
D,897,872,749,766,897,806,884,798,899,779
D,898,872,749,765,895,805,885,798,899,778
D,899,873,750,766,893,805,884,799,898,778
D,902,873,750,765,893,805,884,798,899,778
D,902,873,750,765,894,804,884,799,898,777
D,903,871,749,765,894,803,883,798,898,778
D,903,868,749,765,894,803,883,798,898,776
D,904,853,749,766,891,803,883,798,897,777
D,914,850,750,767,895,804,883,802,898,777
D,926,863,750,774,894,806,883,806,896,777
D,926,864,750,774,893,807,882,806,897,777
D,926,863,750,773,892,807,881,806,897,777
D,926,864,749,772,892,807,881,806,897,777
D,924,862,749,772,894,808,880,808,895,777
D,925,859,749,772,890,809,879,809,895,777
D,926,859,747,772,889,811,877,810,895,778
D,927,860,744,772,889,810,876,810,895,778
D,929,862,741,771,891,809,879,810,895,778
D,931,865,737,772,892,808,880,810,895,778
D,933,867,736,772,892,808,880,810,895,778
D,933,866,737,771,892,810,881,810,895,778
D,929,865,740,775,890,809,881,810,896,778
D,929,867,741,781,890,809,881,811,897,778
D,929,869,741,781,890,809,880,811,897,778
D,929,868,737,782,890,809,879,811,896,778
D,930,873,739,782,891,809,879,813,898,778
D,930,873,736,784,894,810,879,816,898,777
D,929,868,733,782,896,811,879,816,897,777
D,927,867,732,776,892,812,880,814,897,777
D,928,866,732,771,893,811,881,813,895,776
D,926,864,732,775,894,809,881,813,897,775
D,927,866,732,776,894,808,881,812,896,776
D,927,865,733,777,892,808,881,813,896,776
D,926,864,733,773,892,808,881,812,895,776
D,925,864,732,773,894,809,881,812,896,776
D,926,864,732,773,892,808,881,812,895,776
D,926,864,732,772,893,809,881,812,895,775
D,926,863,732,772,892,808,881,813,895,776
D,924,863,732,772,892,808,881,813,895,776
D,925,862,732,771,893,808,881,812,895,776
D,925,862,732,771,893,808,882,813,895,776
D,924,861,741,771,894,808,881,812,895,775
D,924,862,737,771,893,808,881,813,895,774
D,924,862,737,771,893,808,881,813,895,776
D,924,862,739,770,893,808,881,812,895,776
D,924,862,736,770,892,808,880,812,895,776
D,923,862,735,770,893,808,880,813,895,776
D,923,862,737,770,893,806,881,812,895,776
D,923,861,738,770,893,807,881,813,894,776
D,924,861,738,771,893,807,881,812,894,776
D,922,862,737,770,893,807,881,812,895,776
D,923,862,737,770,893,808,881,812,894,777
D,922,862,738,770,893,806,880,812,894,776
D,922,862,737,770,894,807,880,812,895,776
D,922,861,738,770,893,807,881,812,894,775
D,922,861,738,770,893,807,880,812,894,776
D,922,862,739,769,893,807,880,812,894,776
D,922,861,740,770,893,808,880,811,894,776
D,922,862,740,770,893,807,881,812,894,776
D,922,861,740,770,893,807,879,813,894,776
D,922,861,740,769,893,807,881,812,894,775
D,921,861,740,770,893,807,880,812,894,775
D,921,862,734,769,893,807,879,812,894,776
D,922,862,734,769,893,807,879,812,894,775
D,922,860,734,768,892,807,880,812,895,776
D,921,861,734,769,893,807,880,812,894,776
D,920,861,734,770,893,807,879,812,894,776
D,921,861,734,770,892,807,880,812,894,776
D,921,862,734,769,893,807,880,812,892,776
D,921,861,733,770,893,806,880,812,894,776
D,921,862,734,769,893,807,880,812,894,776
D,921,861,734,770,893,807,880,812,894,776
D,921,861,734,770,893,807,880,812,894,776
D,921,861,734,769,892,807,880,812,894,776
D,921,862,734,769,893,807,880,811,894,776
D,921,862,734,770,892,807,880,812,894,776
D,921,861,734,770,893,807,880,812,894,776
D,921,860,734,770,892,807,879,812,894,775
D,921,860,734,770,893,806,880,812,893,776
D,919,861,734,769,892,807,880,812,894,776
D,921,861,734,769,893,807,879,812,894,776
D,921,860,734,770,893,807,880,812,894,776
D,920,861,734,770,893,807,880,811,894,776
D,921,861,734,769,891,807,879,812,893,774
D,920,861,734,770,892,807,880,812,893,776
D,920,861,733,769,893,806,880,812,894,776
D,920,861,734,769,893,807,880,812,894,776
D,921,861,734,769,891,807,880,812,894,776
D,921,861,734,769,891,806,880,812,894,776
D,919,860,734,769,893,807,880,812,893,776
D,920,861,734,769,892,807,880,812,894,776
D,920,861,734,770,891,807,880,812,894,776
D,921,860,734,769,893,808,879,811,894,775
D,920,861,734,769,893,807,879,812,894,776
D,920,860,734,769,892,807,879,812,894,775
D,920,861,734,770,892,807,880,812,893,776
D,920,860,734,769,892,807,880,812,894,776
D,919,861,734,768,892,807,880,812,894,775
D,919,861,734,769,892,807,880,812,894,776
D,920,861,733,769,893,807,880,812,893,776
D,920,861,734,770,893,807,879,812,894,775
D,920,861,733,770,892,807,879,812,893,776
D,919,860,734,769,893,807,879,812,894,776
D,920,861,734,769,893,807,879,811,893,776
D,920,861,734,769,892,807,879,812,893,776
D,919,861,734,769,892,806,879,812,894,776
D,920,860,734,769,892,807,880,811,893,776
D,920,861,735,769,892,807,880,812,893,776
D,920,861,734,769,892,807,879,811,894,776
D,919,861,734,769,891,807,880,812,894,776
D,920,860,734,769,892,807,879,812,894,776
D,920,861,734,769,892,807,879,812,893,776
D,920,860,734,769,891,806,880,812,893,776
D,919,861,734,769,892,807,880,812,893,776
D,920,861,734,769,892,807,879,812,894,776
D,920,861,733,769,892,807,879,812,894,776
D,919,860,733,768,893,807,880,812,894,776
D,920,860,734,769,893,806,880,812,893,776
D,919,860,734,769,892,808,880,812,893,775
D,919,860,734,769,892,807,879,812,893,776
D,920,860,734,769,891,807,880,812,893,776
D,922,861,739,769,892,806,880,811,894,775
D,924,862,736,769,895,807,881,812,893,776
D,924,862,735,769,893,807,881,812,893,775
D,922,860,741,768,892,808,881,813,893,775
D,921,860,739,767,892,806,881,814,893,776
D,921,860,737,766,892,807,880,813,894,776
D,920,861,734,766,892,807,880,813,893,776
D,921,859,733,767,893,807,881,813,893,776
D,921,860,734,767,892,807,880,813,894,776
D,920,860,732,768,892,807,879,813,894,776
D,920,861,733,767,892,807,879,813,894,776
D,920,860,734,768,892,807,880,813,893,776
D,920,860,733,768,892,807,880,813,893,776
D,920,860,733,768,892,806,879,813,893,776
D,919,860,734,768,892,807,880,813,893,776
D,919,861,734,767,892,807,879,813,893,776
D,919,859,734,767,892,806,880,812,892,776
D,919,860,734,768,892,807,879,813,893,776
D,919,860,734,767,891,807,879,812,893,776
D,919,859,735,767,892,805,879,813,894,776
D,919,860,735,767,892,807,879,813,894,775
D,919,860,735,767,892,807,878,812,893,776
D,919,860,734,768,892,806,879,812,894,776
D,919,860,735,767,892,807,879,813,893,776
D,918,860,735,767,892,807,880,813,894,776
D,919,860,735,768,892,807,880,813,893,776
D,918,860,735,767,890,807,880,812,893,776
D,917,859,735,767,892,806,879,812,894,777
D,919,860,735,766,892,805,880,812,894,776
D,919,859,734,768,892,807,879,813,893,776
D,919,860,735,767,892,806,879,813,893,776
D,919,860,735,768,890,807,879,813,893,776
D,918,860,735,767,892,807,879,813,893,776
D,919,860,735,767,892,807,879,812,893,776
D,919,860,735,767,892,807,879,812,893,776
D,919,859,735,767,892,807,879,813,893,776
D,918,860,735,767,892,807,879,813,893,776
D,918,860,734,767,892,807,879,813,893,775
D,919,860,735,767,891,807,879,812,893,775
D,919,859,735,767,891,807,879,812,893,775
D,919,859,735,767,892,806,879,813,894,776
D,919,859,735,767,892,806,879,812,893,776
D,918,859,735,766,890,807,879,813,893,776
D,919,859,735,767,891,806,879,812,893,776
D,917,860,734,768,892,806,879,812,893,775
D,918,860,735,767,892,807,878,813,893,776
D,918,860,735,767,892,807,879,813,893,776
D,918,858,734,767,892,806,879,813,893,776
D,918,858,735,767,891,807,879,813,893,776
D,918,860,735,768,892,807,879,812,893,776
D,918,860,735,767,892,807,879,812,893,776
D,918,859,735,767,892,807,879,811,893,776
D,918,859,735,767,892,806,879,812,892,776
D,918,859,734,767,891,807,879,812,893,776
D,919,859,735,767,892,807,879,812,893,776
D,918,858,735,767,890,807,878,812,893,776
D,918,860,735,767,892,807,878,812,893,775
D,917,859,735,766,891,807,879,812,894,775
D,919,859,735,767,891,807,878,813,893,776
D,918,858,734,767,892,805,879,812,893,776
D,918,859,734,767,892,806,879,812,893,775
D,918,859,735,767,892,807,879,812,893,776
D,918,859,735,767,891,807,879,813,891,776
D,918,859,734,767,892,806,879,813,892,776
D,918,859,735,767,892,807,879,812,892,776
D,918,859,735,767,892,807,879,812,893,776
D,918,860,735,767,890,807,879,812,893,776
D,918,858,735,767,892,806,879,811,893,776
D,918,860,735,767,892,807,878,812,893,775
D,918,860,735,767,892,807,878,812,893,776
D,918,859,735,766,892,807,879,812,893,776
D,918,859,735,767,891,807,879,812,893,776
D,918,859,735,767,892,807,878,812,893,776
D,918,859,735,767,891,807,879,812,894,776
D,917,859,735,767,892,807,879,813,894,776
D,917,857,735,767,892,806,879,813,893,775
D,918,859,735,766,890,806,879,812,893,776
D,918,859,734,767,892,807,879,812,893,776
D,918,859,735,767,891,806,879,812,893,776
D,917,857,735,767,892,805,879,812,893,776
D,918,859,735,767,892,805,878,812,893,776
D,918,858,735,766,892,806,879,812,893,776
D,918,858,735,767,891,806,879,811,893,776
D,918,857,735,767,890,806,879,812,893,775
D,917,859,735,766,892,807,879,812,893,776
D,918,858,735,767,892,806,877,812,893,776
D,918,859,735,766,892,807,878,812,893,775
D,918,858,735,767,892,806,877,812,893,776
D,918,859,735,767,892,806,879,812,893,776
D,916,859,735,766,891,807,879,812,893,776
D,917,859,735,767,892,807,879,812,892,776
D,918,859,735,766,892,807,879,812,893,776
D,919,859,734,766,892,807,879,812,893,776
D,919,859,741,767,891,805,879,812,893,776
D,917,859,737,772,891,807,879,813,893,776
D,918,859,734,774,891,806,879,813,893,776
D,923,861,736,776,891,807,879,812,893,777
D,925,860,735,775,892,807,879,812,894,776
D,927,860,735,776,890,807,879,812,893,776
D,930,859,734,773,893,809,879,811,894,776
D,932,860,733,771,893,809,879,811,894,775
D,930,861,734,770,893,809,879,812,893,775
D,928,861,733,771,893,809,880,812,893,774
D,928,861,733,774,895,808,880,814,893,776
D,928,860,739,775,892,809,880,815,892,775
D,927,861,740,775,891,809,879,814,892,777
D,924,862,732,776,889,808,879,815,892,776
D,924,861,732,776,891,809,878,816,894,776
D,932,864,734,774,897,811,878,821,891,777
D,936,865,733,772,890,812,879,822,891,777
D,936,865,733,772,889,810,879,822,890,778
D,938,863,734,771,891,812,879,823,890,780
D,937,863,733,770,890,813,879,824,888,781
D,937,863,733,770,891,810,879,822,888,780
D,938,863,733,772,894,810,878,819,888,778
D,938,867,733,772,891,809,878,818,887,777
D,936,865,737,773,891,808,878,817,888,775
D,936,863,738,773,890,808,878,817,888,775
D,936,861,736,772,891,808,878,815,887,776
D,935,861,734,772,891,808,878,816,887,775
D,935,862,733,769,891,808,878,816,888,775
D,935,860,732,769,893,807,878,817,888,775
D,935,861,732,768,895,807,878,817,887,775
D,933,860,732,769,892,807,877,818,888,776
D,933,861,733,771,892,807,879,818,888,775
D,932,861,732,770,892,807,878,818,887,775
D,932,861,732,768,891,806,878,818,887,775
D,933,861,732,768,892,807,878,817,887,775
D,933,860,731,767,892,806,879,818,887,775
D,932,860,732,768,892,806,878,817,886,775
D,932,860,731,768,891,807,878,817,886,775
D,932,859,732,767,892,807,877,817,886,775
D,932,859,732,767,892,807,878,817,886,775
D,931,859,732,767,893,807,878,817,886,775
D,931,859,732,767,893,807,879,816,886,775
D,932,859,732,766,893,807,879,816,886,775
D,932,859,732,766,893,807,878,816,886,775
D,931,859,737,773,895,806,878,815,886,775
D,931,859,733,773,893,806,878,815,885,774
D,932,858,732,772,892,806,878,815,886,775
D,934,859,733,772,891,806,877,813,886,774
D,933,859,733,771,892,807,878,814,885,774
D,933,859,733,770,892,806,878,814,886,774
D,932,859,732,770,892,806,878,814,886,774
D,932,859,734,769,892,807,878,813,885,773
D,931,858,737,769,892,806,878,814,885,774
D,931,858,737,769,891,807,878,814,885,774
D,931,858,737,768,892,807,878,813,885,774
D,930,859,736,768,892,807,877,813,885,774
D,931,857,736,769,892,807,877,814,885,773
D,931,858,736,768,892,807,878,813,884,773
D,931,858,737,768,890,807,878,814,885,773
D,930,859,734,767,892,807,877,814,885,773
D,929,859,733,767,891,807,878,814,885,774
D,930,859,733,768,892,807,878,814,885,773
D,931,859,733,768,891,807,878,814,885,774
D,929,859,733,768,891,807,878,813,885,774
D,930,858,733,768,891,808,878,814,885,774
D,929,859,733,768,891,807,878,814,885,774
D,929,859,731,768,891,807,878,814,885,772
D,930,859,731,768,890,808,877,814,885,773
D,931,859,732,768,890,808,877,815,883,774
D,930,859,736,769,890,808,877,813,884,774
D,930,857,735,770,890,808,877,813,884,774
D,930,859,732,769,889,807,877,814,884,773
D,930,858,731,768,891,807,876,813,884,772
D,930,859,731,768,892,807,877,814,883,773
D,929,858,737,772,891,806,877,814,884,772
D,930,857,733,773,893,806,878,814,883,774
D,930,859,731,772,891,807,877,814,882,774
D,930,859,732,769,892,807,877,815,882,774
D,931,858,731,767,892,807,877,815,880,772
D,929,859,739,775,892,806,877,815,882,774
D,928,858,736,780,893,805,877,816,882,774
D,929,858,731,777,892,805,877,816,881,774
D,931,859,730,771,897,806,876,814,881,774
D,932,859,730,770,897,805,878,816,882,774
D,930,860,731,772,895,805,878,816,882,774
D,931,860,731,772,894,806,878,816,882,773
D,937,859,732,772,893,805,877,814,880,774
D,939,860,733,773,891,806,876,813,876,774
D,938,860,733,775,891,806,876,813,876,774
D,936,859,733,776,891,806,876,812,876,773
D,935,859,732,776,890,805,877,814,879,774
D,938,861,732,776,892,805,876,820,882,782
D,944,861,732,775,893,805,879,830,883,796
D,943,861,732,776,893,805,880,831,885,797
D,946,862,732,777,892,811,881,835,891,801
D,939,864,732,779,895,811,880,830,889,797
D,936,862,731,778,894,810,877,815,890,789
D,931,861,737,777,891,810,876,806,888,784
D,930,861,735,777,891,808,876,806,888,783
D,934,862,735,777,889,809,877,805,889,781
D,934,861,736,776,890,807,878,807,890,781
D,933,861,734,776,892,807,880,806,892,781
D,934,860,735,776,892,807,880,807,892,780
D,933,860,735,776,893,807,879,806,889,780
D,933,859,735,776,889,806,877,806,889,784
D,933,859,735,775,889,805,876,806,889,788
D,933,857,735,775,890,805,876,806,889,788
D,931,858,737,775,889,805,874,804,889,785
D,926,858,737,776,888,804,870,800,890,783
D,924,857,738,776,888,804,870,800,891,781
D,923,858,738,777,887,804,870,799,889,782
D,926,858,738,777,887,805,878,800,897,784
D,928,858,740,778,888,805,884,807,900,786
D,929,857,739,777,887,805,883,805,899,785
D,927,856,735,776,886,804,879,804,899,784
D,927,857,734,774,887,805,877,802,899,783
D,926,857,734,772,887,805,874,801,900,783
D,924,857,734,771,889,806,873,798,897,781
D,924,857,734,771,888,806,872,797,896,778
D,924,857,734,769,889,806,872,797,895,778
D,927,858,733,772,890,805,874,797,897,779
D,927,858,734,773,890,805,875,795,897,779
D,924,857,741,774,890,805,874,796,896,778
D,925,855,735,774,889,805,874,796,897,778
D,924,857,734,773,891,805,874,796,896,778
D,925,856,733,772,889,806,874,796,897,777
D,925,856,732,769,892,806,875,796,897,778
D,925,859,732,768,894,808,874,796,897,778
D,924,860,732,768,892,808,874,797,896,778
D,926,860,732,769,892,807,874,797,897,778
D,926,858,732,777,894,805,877,796,899,777
D,930,857,733,777,891,805,876,796,900,777
D,928,856,734,776,891,804,876,796,900,777
D,925,855,739,774,891,806,876,796,898,777
D,925,854,736,770,895,806,875,796,898,776
D,928,856,736,766,893,806,878,795,897,776
D,930,858,734,769,893,805,878,796,897,776
D,927,856,738,774,892,805,878,795,897,775
D,926,856,738,775,893,805,877,796,896,776
D,924,856,733,771,890,805,877,796,896,776
D,927,856,732,768,893,805,877,796,896,776
D,929,855,732,768,895,804,877,795,896,774
D,926,855,732,768,893,805,877,795,896,775
D,924,854,737,770,892,805,877,796,896,776
D,925,856,734,767,896,804,880,794,896,775
D,925,855,735,765,896,803,880,795,896,775
D,925,856,739,765,894,804,879,795,896,775
D,925,856,736,766,894,804,878,796,896,775
D,924,854,736,772,894,804,878,796,894,775
D,923,855,735,772,894,804,878,796,894,775
D,923,854,732,771,895,804,878,795,895,775
D,924,854,732,769,894,804,878,795,896,775
D,923,854,731,767,894,804,877,795,895,775
D,921,853,740,772,895,804,878,797,895,776
D,920,854,732,774,894,804,879,799,894,776
D,922,854,732,774,893,805,879,799,894,776
D,925,856,733,772,894,806,879,799,895,775
D,923,856,732,771,895,807,877,799,895,776
D,922,855,733,772,894,807,877,800,894,776
D,923,855,733,772,892,806,877,799,894,776
D,924,855,733,772,892,807,877,799,892,776
D,923,855,733,769,892,806,877,799,894,776
D,922,855,731,767,894,805,877,800,893,776
D,923,855,731,767,894,807,877,801,892,776
D,923,857,741,773,893,805,877,801,892,776
D,923,859,740,777,892,805,877,802,891,777
D,924,859,734,775,892,806,877,802,892,777
D,923,858,734,773,892,806,878,802,892,777
D,923,858,734,772,891,807,878,802,890,777
D,923,857,736,772,892,807,877,803,892,777
D,923,856,732,770,891,806,877,802,892,776
D,922,856,731,769,894,805,878,803,891,777
D,923,856,732,767,894,805,878,801,891,777
D,923,855,732,770,893,805,877,802,891,775
D,922,856,737,772,893,805,876,802,891,777
D,923,856,737,773,892,805,877,802,892,776
D,922,855,734,770,893,805,877,804,890,777
D,921,855,731,767,894,805,875,804,889,776
D,922,855,730,764,896,804,877,804,890,775
D,924,856,730,766,896,804,877,803,890,776
D,924,856,732,768,896,804,877,803,890,776
D,922,855,736,770,893,804,877,803,890,775
D,922,854,735,769,894,804,877,803,890,776
D,922,855,733,768,894,804,877,802,890,775
D,922,855,733,767,893,804,878,803,890,776
D,921,855,737,769,895,805,877,804,890,775
D,922,855,741,771,894,804,877,804,889,776
D,922,855,734,771,893,804,875,804,890,775
D,921,854,733,769,893,804,877,805,890,775
D,921,854,732,768,891,804,876,805,889,775
D,921,854,735,767,893,804,876,806,889,776
D,920,854,734,768,893,803,876,805,889,776
D,921,854,732,769,892,805,876,806,888,776
D,919,854,731,772,893,804,876,807,889,776
D,919,854,730,772,892,804,877,807,889,776
D,922,854,730,765,894,804,877,807,889,776
D,923,854,731,765,896,804,878,807,888,776
D,922,854,730,766,896,804,877,807,889,776
D,922,853,731,768,895,804,877,807,889,775
D,921,853,731,769,896,804,878,806,888,775
D,921,853,731,768,895,804,877,808,888,776
D,921,853,731,767,894,805,877,806,887,776
D,921,852,731,767,895,806,875,807,888,776
D,921,852,732,766,893,806,876,808,888,776
D,920,850,732,765,893,807,876,807,888,775
D,920,848,731,765,893,807,876,807,887,776
D,920,849,731,764,892,807,875,807,888,776
D,919,850,731,764,892,808,874,806,887,775
D,919,850,731,765,892,808,875,807,888,777
D,920,845,732,764,892,807,874,807,887,776
D,920,842,732,764,891,807,874,806,887,776
D,917,842,733,764,891,807,874,806,885,776
D,919,845,732,764,890,808,873,807,885,776
D,918,845,732,764,891,807,873,806,886,776
D,919,845,732,764,890,807,873,806,885,776
D,919,846,733,764,891,807,873,805,885,776
D,919,846,733,763,891,806,873,805,885,776
D,919,847,733,763,891,806,874,805,885,776
D,919,848,734,763,890,806,873,805,885,776
D,919,848,733,762,890,806,873,805,885,776
D,919,849,734,763,891,807,874,805,886,776
D,919,848,736,763,891,806,873,807,885,776
D,919,848,736,763,891,806,873,807,885,776
D,918,848,735,763,891,806,874,806,885,776
D,918,848,735,762,889,806,874,806,884,776
D,917,848,736,763,891,806,873,806,885,776
D,920,850,735,763,891,806,874,807,884,776
D,920,850,731,764,892,806,874,808,885,776
D,920,851,732,764,892,806,874,806,884,776
D,920,852,731,764,892,806,874,807,885,776
D,920,853,732,764,891,806,874,807,885,776
D,921,853,731,765,892,806,874,806,885,776
D,922,853,731,764,892,805,873,806,884,776
D,923,853,731,765,893,806,874,806,885,775
D,922,854,732,766,891,806,874,806,885,776
D,922,854,731,767,891,806,874,806,885,776
D,920,856,738,768,891,806,874,807,885,776
D,922,857,738,770,891,806,874,807,885,775
D,923,857,736,769,890,806,873,807,885,775
D,921,856,733,769,890,806,874,808,884,776
D,922,856,735,767,890,806,873,807,885,775
D,921,856,736,768,890,805,874,807,885,776
D,921,856,736,768,890,807,873,808,885,776
D,920,856,733,768,890,807,873,809,885,776
D,921,856,730,767,892,808,873,810,885,776
D,921,856,731,767,891,807,873,811,885,777
D,921,856,731,767,891,807,872,810,885,776
D,921,856,732,767,891,808,873,809,885,776
D,922,855,736,769,891,808,873,808,886,776
D,923,855,735,770,889,808,872,809,886,776
D,922,857,735,771,889,807,872,809,886,774
D,921,855,736,770,889,807,872,809,885,776
D,919,856,733,770,889,808,873,808,885,775
D,919,855,731,772,889,807,872,809,885,776
D,920,855,730,771,889,807,872,809,886,776
D,920,855,730,769,889,808,871,809,885,776
D,921,855,730,769,890,807,873,809,885,776
D,921,855,731,769,889,806,873,809,885,776
D,920,855,732,770,889,807,872,808,883,776
D,919,855,737,770,889,806,873,809,885,776
D,919,855,732,770,889,807,873,809,885,776
D,920,855,731,770,889,807,873,809,885,776
D,919,854,730,768,889,807,873,809,885,776
D,920,854,730,767,889,807,873,807,884,776
D,919,854,731,767,890,807,873,808,884,776
D,919,854,737,769,888,806,873,808,885,775
D,918,854,734,770,888,807,873,809,885,774
D,919,853,729,768,889,807,872,808,885,776
D,920,854,730,767,890,806,873,808,884,776
D,918,853,730,767,890,806,873,807,884,776
D,917,853,738,768,889,806,873,807,884,776
D,918,854,735,770,889,807,873,807,885,776
D,920,856,731,768,890,806,874,807,884,776
D,921,855,731,768,889,806,873,806,885,776
D,921,855,731,768,889,806,874,806,884,776
D,922,855,731,767,889,807,874,806,884,776
D,920,855,735,767,889,807,873,806,884,776
D,918,855,736,768,892,806,873,808,885,776
D,918,856,736,768,891,808,873,808,884,775
D,920,855,731,769,890,809,873,808,884,776
D,919,854,733,767,889,808,873,807,883,776
D,918,854,737,768,889,807,873,807,885,776
D,918,854,734,769,888,807,873,807,884,776
D,920,853,730,765,890,807,872,806,884,776
D,922,855,730,764,890,807,873,806,884,777
D,921,855,731,764,889,807,873,806,884,776
D,920,854,730,767,889,807,873,805,884,776
D,918,854,731,770,889,807,873,806,882,776
D,922,854,734,771,888,807,873,805,883,777
D,924,853,734,770,889,806,873,805,883,776
D,925,854,732,769,888,807,874,804,884,775
D,923,853,732,767,889,807,873,805,883,776
D,923,853,732,770,889,806,873,803,884,776
D,923,851,731,773,889,805,872,804,884,776
D,922,850,730,773,889,806,872,804,884,775
D,922,849,731,771,888,806,873,803,884,776
D,920,849,731,771,888,806,873,804,883,776
D,921,849,731,769,890,806,873,804,884,776
D,921,848,731,767,889,806,873,805,883,776
D,921,851,730,766,891,806,873,805,883,776
D,921,851,731,765,890,806,874,804,883,776
D,922,851,731,766,889,806,873,805,883,776
D,921,850,731,768,889,806,873,805,882,776
D,920,849,731,769,889,806,873,806,882,776
D,920,850,731,769,889,806,873,806,881,776
D,919,851,731,768,889,807,872,805,882,776
D,920,851,738,766,889,806,872,806,881,776
D,920,851,737,766,889,806,872,806,882,776
D,922,849,736,766,889,806,872,806,882,776
D,922,850,732,766,889,806,872,805,882,775
D,922,851,730,765,888,806,872,804,882,776
D,921,851,733,767,888,804,872,805,880,776
D,921,850,731,769,888,805,872,805,881,776
D,921,849,732,768,888,804,872,806,881,775
D,922,849,731,766,889,806,871,806,881,776
D,923,851,731,765,889,805,873,806,881,776
D,920,851,731,764,889,805,873,806,882,776
D,920,850,731,766,889,805,872,806,882,774
D,921,850,730,766,889,805,872,806,881,775
D,920,850,730,766,889,804,872,807,880,775
D,920,848,735,769,888,804,872,808,881,776
D,920,850,732,767,888,803,872,807,880,775
D,922,850,730,766,889,804,872,807,881,776
D,922,850,731,766,889,805,872,808,881,776
D,922,850,730,766,889,804,872,807,881,776
D,920,849,735,766,887,804,872,808,881,775
D,920,849,733,766,888,805,872,807,880,776
D,920,849,731,764,888,804,873,807,880,775
D,920,849,731,765,888,804,872,807,880,776
D,920,849,731,765,889,804,872,807,881,776
D,920,849,731,767,889,804,871,808,880,776
D,920,848,734,766,889,804,871,808,880,776
D,920,849,731,766,888,804,873,808,881,776
D,919,849,731,766,888,804,873,809,879,776
D,920,849,731,767,889,804,873,810,880,776
D,921,848,731,767,889,804,872,809,880,776
D,922,849,730,767,888,805,874,809,881,776
D,921,849,731,765,889,803,874,809,879,775
D,919,848,731,765,888,805,873,809,881,776
D,920,849,731,765,888,805,874,809,881,776
D,919,849,730,765,888,804,873,809,881,776
D,920,849,730,764,889,804,874,809,880,776
D,920,849,731,765,889,804,874,809,880,776
D,919,847,730,765,888,804,874,809,879,776
D,919,848,731,765,888,804,874,809,880,776
D,920,849,731,765,888,803,873,809,881,776
D,920,848,730,765,889,804,872,809,881,776
D,920,849,731,764,889,804,874,809,880,776
D,919,849,731,764,889,803,874,809,881,776
D,919,848,731,765,888,804,874,809,880,776
D,919,849,731,765,888,804,873,809,880,776
D,918,849,731,765,888,804,873,809,881,776
D,919,849,732,765,889,804,873,809,880,776
D,919,848,732,765,889,803,872,808,880,776
D,919,848,731,765,888,804,874,809,879,776
D,918,848,732,765,888,804,873,808,880,776
D,918,849,731,764,889,804,873,809,881,776
D,918,848,732,764,888,804,873,809,880,776
D,919,849,732,765,888,804,873,810,880,776
D,919,848,732,764,889,804,873,809,880,777
D,919,847,732,765,888,804,873,810,879,776
D,918,847,732,765,888,804,873,810,880,776
D,918,847,732,764,889,805,873,810,880,777
D,919,848,731,764,889,804,873,810,880,776
D,917,848,732,764,889,805,873,811,881,776
D,918,848,732,765,888,804,872,810,880,775
D,919,848,732,764,888,805,873,810,880,776
D,917,848,731,764,888,804,873,810,879,776
D,918,848,731,764,889,805,873,810,880,776
D,919,848,732,765,889,805,873,811,881,775
D,919,848,732,764,889,805,873,811,880,776
D,918,848,732,764,888,805,874,811,879,775
D,917,849,732,764,889,805,874,811,880,775
D,919,847,732,764,888,805,873,811,879,777
D,918,849,732,764,889,805,873,812,880,777
D,918,849,732,764,888,805,873,811,880,776
D,918,849,732,764,889,805,874,812,880,776
D,919,848,732,764,887,805,874,811,880,777
D,918,848,732,764,888,805,872,811,880,777
D,918,849,732,764,887,805,873,810,880,777
D,917,849,732,763,889,805,873,811,880,775
D,916,848,732,764,887,805,872,811,880,777
D,918,848,732,764,889,805,873,811,880,776
D,918,848,731,764,888,805,873,811,879,777
D,918,848,731,764,888,805,874,811,880,776
D,917,848,732,764,888,805,872,810,880,777
D,918,848,731,764,888,805,872,811,879,777
D,918,848,732,764,889,804,873,811,880,776
D,918,848,732,764,888,805,873,811,880,777
D,918,848,732,764,889,805,873,811,879,777
D,917,847,732,764,888,804,873,810,880,777
D,916,848,731,764,888,805,873,811,880,777
D,918,848,732,764,888,804,873,811,880,777
D,918,846,732,764,889,804,873,811,880,777
D,917,847,732,764,888,805,873,811,880,777
D,917,848,732,763,888,805,873,811,880,777
D,917,848,733,764,889,805,873,811,880,777
D,918,848,732,764,889,805,872,811,880,776
D,917,846,733,764,889,805,872,811,878,776
D,917,848,733,764,889,805,873,811,878,777
D,917,848,733,764,888,804,873,811,878,776
D,917,848,732,764,888,804,872,811,878,776
D,916,848,733,764,888,805,871,811,880,776
D,917,848,733,764,888,805,872,811,880,777
D,917,848,733,764,888,805,872,811,879,777
D,917,848,733,764,888,805,873,811,879,777
D,917,848,733,764,888,805,873,811,880,777
D,917,848,733,764,889,805,873,811,880,777
D,917,848,733,764,889,805,872,811,880,776
D,917,847,733,764,889,804,872,811,879,777
D,917,847,732,764,889,804,872,811,880,776
D,917,848,733,764,889,805,872,811,879,776
D,915,848,733,764,889,805,871,810,879,777
D,915,848,733,764,889,805,872,811,880,777
D,917,848,733,764,889,805,872,811,880,777
D,916,848,733,764,890,805,872,811,880,777
D,917,848,732,763,890,805,873,811,880,776
D,916,848,732,763,890,805,873,811,878,776
D,917,848,733,763,890,805,873,811,880,777
D,918,848,733,763,890,805,872,810,879,777
D,918,848,733,764,888,805,872,810,880,777
D,919,848,733,765,889,805,872,812,879,777
D,919,848,732,765,890,805,873,811,879,777
D,918,848,732,766,888,805,873,811,879,776
D,918,848,731,766,889,804,872,812,880,776
D,918,848,732,764,890,805,873,811,880,776
D,918,849,732,765,889,804,873,812,880,777
D,917,849,732,764,889,805,873,813,880,776
D,917,849,732,765,889,805,873,813,880,777
D,913,849,732,765,889,805,873,813,880,777
D,918,849,732,765,889,805,872,813,880,778
D,917,849,732,765,889,805,873,813,880,777
D,917,849,731,764,889,805,872,813,880,777
D,918,849,732,765,889,805,873,813,880,777
D,917,849,732,764,889,804,873,813,879,777
D,917,848,732,765,888,805,873,812,879,777
D,917,849,732,764,888,805,873,811,880,777
D,917,849,732,764,889,805,873,813,880,777
D,917,849,732,764,889,805,872,813,879,777
D,917,849,732,764,888,805,873,813,879,777
D,918,849,732,764,889,805,873,813,879,776
D,917,849,732,764,888,805,873,813,879,777
D,915,849,732,764,889,805,873,813,879,777
D,917,849,732,764,889,805,873,813,879,777
D,917,849,732,764,889,805,872,813,879,777
D,915,848,732,764,889,805,873,813,879,777
D,917,849,732,763,888,805,873,813,879,777
D,917,848,732,764,889,805,873,812,879,777
D,917,849,732,764,889,805,872,813,879,777
D,917,849,731,764,890,805,873,813,879,777
D,917,848,732,764,889,804,873,812,879,776
D,917,849,731,764,889,804,872,813,879,777
D,917,849,732,781,888,806,873,813,879,777
D,916,849,732,765,889,805,873,813,879,777
D,916,848,732,768,889,805,872,813,879,777
D,916,848,739,771,889,805,872,814,879,777
D,917,847,733,771,889,805,872,814,880,777
D,917,847,732,769,887,805,873,814,879,778
D,917,849,732,767,889,806,872,814,879,777
D,917,849,732,766,889,806,873,815,880,777
D,916,848,735,768,889,806,872,815,880,777
D,916,848,732,770,889,805,872,815,880,777
D,916,847,732,769,889,804,871,815,880,776
D,916,848,732,767,889,804,873,813,880,777
D,915,847,732,767,889,806,873,814,880,777
D,915,847,732,766,889,805,872,814,879,776
D,915,847,731,767,889,804,872,814,879,777
D,915,847,732,767,889,804,872,815,880,777
D,915,847,731,768,889,805,872,814,879,777
D,915,848,732,766,889,805,872,814,879,777
D,916,847,732,765,890,804,872,812,879,777
D,915,847,732,765,890,805,873,813,880,777
D,915,846,732,766,891,804,872,814,880,776
D,915,846,731,768,890,804,872,814,879,777
D,915,847,731,767,890,804,872,814,879,777
D,915,847,732,765,890,804,872,814,879,776
D,913,846,731,766,890,805,872,814,879,777
D,914,847,732,765,890,804,872,814,879,777
D,913,847,731,766,890,805,872,814,879,776
D,915,846,731,768,890,805,872,814,879,777
D,914,847,730,767,890,805,872,815,879,777
D,915,847,732,766,890,804,872,814,879,777
D,913,848,732,765,890,804,873,814,878,777
D,915,847,732,765,890,805,872,814,878,778
D,914,847,732,764,889,805,872,813,880,777
D,915,848,732,765,890,805,872,814,879,777
D,915,845,732,765,890,805,872,814,879,777
D,914,847,732,765,889,805,873,814,879,776
D,913,847,732,764,889,805,871,814,879,777
D,915,847,732,765,891,804,871,814,879,777
D,915,847,733,765,890,804,871,814,879,776
D,915,847,732,765,890,804,872,814,879,776
D,914,847,732,765,890,804,872,814,878,777
D,914,847,733,765,890,804,871,814,878,777
D,914,847,733,764,890,804,872,813,879,777
D,914,848,732,764,890,804,872,814,879,777
D,914,847,733,764,889,805,872,814,879,777
D,913,847,733,765,889,804,872,814,879,777
D,914,847,734,764,890,804,872,814,879,777
D,914,847,734,764,890,804,872,814,879,777
D,913,847,733,764,889,804,872,813,879,777
D,914,846,733,764,890,804,872,814,879,777
D,914,845,733,764,890,804,872,814,879,777
D,914,847,733,764,890,804,872,814,879,776
D,914,847,733,765,889,804,872,813,879,777
D,913,847,733,764,890,805,871,814,879,777
D,914,847,733,764,890,804,871,814,879,776
D,914,847,733,764,890,804,872,814,879,777
D,914,847,733,765,890,805,872,814,878,776
D,914,847,733,764,890,804,872,813,879,777
D,913,847,733,764,890,804,872,814,879,777
D,914,847,732,764,890,805,872,814,879,777
D,914,847,733,764,890,804,872,814,879,777
D,914,847,733,764,890,804,872,814,878,777
D,914,847,733,764,890,804,872,813,879,777
D,913,847,734,764,890,805,872,813,879,777
D,913,847,734,764,889,805,872,814,879,777
D,914,846,733,764,889,805,872,814,879,777
D,914,847,733,764,890,804,872,814,879,777
D,914,847,734,764,890,804,872,814,879,777
D,914,847,733,765,889,805,872,814,879,777
D,914,847,733,764,890,805,872,814,879,777
D,914,847,733,764,890,805,871,814,879,777
D,914,847,733,764,889,805,872,814,879,777
D,914,847,733,764,890,805,871,814,878,777
D,914,847,733,763,889,805,872,814,879,777
D,913,847,733,764,890,805,872,813,879,777
D,913,847,733,764,890,805,871,814,879,777
D,913,847,733,764,890,805,872,814,879,777
D,914,846,732,764,890,805,872,814,878,777
D,914,846,733,764,890,804,871,813,879,777
D,914,846,732,763,890,805,871,813,879,777
D,912,846,732,764,890,805,872,813,878,777
D,913,846,734,764,888,805,872,813,879,776
D,914,846,734,764,890,805,872,813,879,777
D,914,847,733,764,889,805,872,813,879,777
D,914,846,733,764,890,805,872,814,879,776
D,914,847,733,764,888,804,872,814,879,777
D,913,846,733,764,890,805,871,814,879,777
D,914,847,734,763,889,804,871,813,879,776
D,913,847,733,763,889,805,871,813,878,777
D,914,845,733,764,890,804,871,814,878,777
D,914,846,734,765,890,805,872,813,878,777
D,914,847,733,764,890,805,872,814,877,777
D,914,846,734,764,889,805,871,813,879,777
D,914,847,733,764,889,804,872,813,879,777
D,913,847,733,764,890,805,872,814,879,777
D,914,847,734,764,890,804,871,813,879,777
D,912,846,733,764,889,804,872,814,879,777
D,913,846,734,764,889,805,872,813,878,778
D,913,846,733,764,890,805,872,813,879,777
D,914,847,734,764,889,805,872,812,879,777
D,914,847,734,764,889,805,871,813,879,777
D,914,847,734,764,889,804,872,813,878,777
D,914,847,734,764,890,804,872,813,879,777
D,914,847,734,764,889,804,871,813,877,777
D,913,846,733,763,889,805,872,813,879,777
D,914,847,734,764,889,805,871,813,879,777
D,914,847,734,764,890,804,872,813,879,777
D,914,846,734,764,890,805,871,813,877,777
D,913,847,734,763,889,805,872,814,879,777
D,913,847,734,764,890,804,872,813,878,777
D,913,847,734,763,890,805,872,814,879,777
D,913,847,734,763,890,805,872,813,879,777
D,913,847,734,762,890,805,872,813,879,777
D,913,847,734,763,889,805,871,813,879,777
D,913,846,734,763,889,805,871,814,879,777
D,913,847,734,763,890,805,871,813,878,777
D,914,847,734,763,889,805,871,813,879,777
D,912,847,734,763,890,805,870,813,879,776
D,914,847,734,763,890,805,872,813,878,777
D,914,847,734,763,889,804,872,813,878,776
D,913,847,734,763,888,805,871,813,877,777
D,914,847,734,762,889,805,872,813,878,777
D,914,847,733,763,890,803,872,813,879,777
D,914,847,733,763,890,805,872,814,878,777
D,914,847,734,763,890,803,872,812,878,777
D,912,847,733,763,890,804,872,813,879,777
D,913,847,734,763,889,804,872,813,878,777
D,913,847,735,763,889,805,872,812,878,775
D,913,847,734,763,889,805,872,813,879,777
D,913,846,734,763,890,805,872,813,879,777
D,913,845,734,763,889,805,872,813,878,776
D,913,847,734,763,889,805,871,813,878,777
D,913,847,734,763,889,805,872,812,879,777
D,913,847,734,763,890,804,871,813,879,777
D,914,847,734,762,890,805,872,813,879,776
D,912,847,734,763,889,805,872,812,879,777
D,914,846,734,764,890,805,872,813,878,777
D,913,846,734,764,889,804,872,813,878,777
D,913,847,733,763,889,805,872,813,878,777
D,913,847,734,763,889,805,871,813,879,777
D,913,847,734,763,888,805,872,813,879,777
D,914,847,734,762,889,804,870,813,879,777
D,914,846,734,763,890,805,872,813,878,777
D,913,846,735,763,889,805,872,812,878,777
D,913,847,734,763,888,805,871,813,879,777
D,914,845,734,764,889,804,872,812,878,777
D,913,845,734,763,890,804,871,813,879,776
D,913,847,734,763,889,804,870,813,879,777
D,913,846,733,763,889,805,872,812,879,777
D,913,846,734,763,889,805,872,813,879,777
D,913,847,734,762,889,805,871,813,878,777
D,913,847,734,763,889,805,871,812,879,777
D,913,846,734,763,889,805,871,813,877,777
D,914,847,734,762,889,804,872,813,877,777
D,913,846,734,763,889,805,872,813,879,777
D,913,847,734,763,889,805,872,813,878,777
D,913,847,735,763,890,805,871,813,878,777
D,912,847,734,763,890,805,871,813,878,777
D,913,847,734,763,890,805,872,812,879,777
D,913,845,734,763,890,805,872,813,878,777
D,913,846,734,763,889,804,872,813,877,776
D,913,846,734,763,890,805,871,813,877,777
D,913,847,734,763,890,805,872,813,879,777
D,914,847,734,763,890,804,872,813,879,777
D,912,847,734,763,889,805,871,813,879,777
D,914,846,734,763,889,804,871,813,879,777
D,912,846,734,762,889,805,872,812,879,777
D,912,847,735,763,889,805,872,813,878,778
D,913,846,734,763,890,805,871,813,879,777
D,913,847,734,762,889,804,872,813,878,777
D,913,847,734,763,889,804,872,813,879,777
D,914,846,733,763,889,805,872,813,878,777
D,913,847,734,763,890,805,872,813,878,777
D,913,847,734,763,890,805,871,813,879,777
D,914,847,734,762,891,805,872,813,879,777
D,914,847,734,763,890,805,872,812,878,777
