O,902,841,854,779,878,804,853,801,838,757
O,902,841,853,779,878,804,853,801,838,757
O,902,840,853,779,878,803,853,802,837,756
O,902,841,853,779,878,804,853,802,839,756
O,902,842,853,779,877,804,853,802,838,757
O,902,841,853,779,878,804,853,802,838,757
O,902,841,853,778,878,804,852,802,838,756
O,901,842,853,779,878,804,853,802,839,756
O,902,842,854,779,878,804,853,801,839,757
O,902,841,852,779,878,804,854,802,838,757
O,902,841,853,778,879,804,853,802,838,756
O,902,841,853,778,879,804,853,802,838,756
O,902,842,853,779,879,803,853,802,838,756
O,902,841,852,779,881,804,853,802,838,757
O,902,842,854,778,879,804,853,802,838,757
O,902,842,853,779,878,804,853,802,839,756
O,902,841,853,779,878,804,853,802,839,757
O,902,842,853,779,878,804,853,801,839,757
O,902,841,853,779,878,803,853,801,838,757
O,902,840,854,779,879,803,854,801,839,756
O,902,842,854,781,890,803,854,800,840,756
O,901,843,854,783,888,802,855,801,838,757
O,902,843,853,786,885,802,855,801,839,757
O,902,845,851,789,882,801,855,801,838,760
O,900,846,850,791,881,802,854,801,836,761
O,901,849,850,792,887,803,857,800,836,761
O,901,857,852,791,890,803,862,800,838,762
O,898,876,881,778,901,803,878,798,873,757
O,902,872,876,778,899,803,873,798,866,757
O,910,866,868,777,897,803,865,798,857,758
O,923,833,827,805,868,811,830,806,815,769
O,915,841,835,804,874,812,837,805,820,770
O,905,866,857,792,882,811,854,803,844,769
O,910,856,844,796,878,812,846,804,833,773
O,916,844,834,802,871,813,837,807,824,776
O,922,828,816,814,858,817,821,812,811,780
O,921,827,815,815,853,818,820,813,810,780
O,918,825,814,815,849,820,819,812,810,780
O,917,824,815,816,853,820,818,813,809,780
O,915,824,812,816,847,820,818,813,809,780
O,911,826,817,814,845,820,819,810,811,776
O,907,834,827,810,846,818,824,809,814,773
O,897,849,841,805,850,816,836,805,823,763
O,896,841,834,807,847,817,833,805,823,763
O,897,834,826,810,863,820,829,804,821,763
O,899,830,818,813,849,821,827,805,819,763
O,899,826,811,815,862,822,825,806,818,764
O,901,823,807,817,864,823,824,807,817,764
O,902,821,804,816,856,823,824,807,816,764
O,901,821,804,816,847,822,824,807,817,763
O,900,821,804,815,855,823,824,807,817,764
O,898,822,807,812,849,821,825,806,817,764
O,898,824,813,810,839,820,827,805,818,762
O,897,824,812,810,839,819,827,805,818,763
O,899,822,811,809,838,820,826,805,818,763
O,903,821,806,809,837,820,826,805,818,762
O,908,821,805,809,841,819,824,804,816,763
O,910,819,803,808,857,818,825,803,818,762
O,912,819,807,806,850,816,825,804,821,762
O,904,841,850,796,870,810,847,800,845,757
O,908,830,831,808,847,817,831,805,822,763
O,910,828,828,809,848,817,830,806,818,763
O,910,828,826,807,846,816,829,805,817,764
O,910,828,828,802,847,814,830,804,819,763
O,908,829,829,801,853,813,835,803,821,762
O,906,830,836,798,855,812,837,803,823,762
O,905,830,837,798,856,812,840,801,826,762
O,904,832,837,799,851,812,840,802,825,762
O,903,834,839,798,852,813,839,803,828,764
O,899,836,839,799,856,816,838,805,830,768
O,899,840,840,799,861,818,838,806,831,768
O,899,844,843,799,854,818,840,806,832,770
O,898,847,848,798,861,816,844,805,838,768
O,897,850,853,797,868,814,849,803,845,766
O,899,849,854,787,873,808,852,800,851,760
O,905,843,849,786,877,807,847,800,846,760
O,911,837,846,786,877,805,845,800,844,758
O,928,818,832,797,870,809,828,802,818,759
O,916,817,804,818,856,821,824,809,814,767
O,912,820,804,818,848,821,824,808,815,767
O,908,822,810,816,848,821,827,808,817,767
O,904,824,817,815,847,820,829,807,819,766
O,902,826,820,813,850,819,829,806,822,765
O,901,826,819,813,851,820,829,806,822,766
O,900,828,821,813,848,820,829,807,822,766
O,899,831,826,813,848,820,830,806,823,765
O,898,835,835,811,855,818,836,805,828,766
O,896,854,871,792,880,813,855,801,854,760
O,896,854,868,791,881,812,853,800,853,759
O,896,851,866,791,874,812,851,800,852,759
O,897,847,862,792,871,811,849,800,850,760
O,898,845,858,795,867,811,845,800,845,760
O,901,842,854,801,866,812,841,801,840,761
O,918,839,836,817,852,816,831,805,820,770
O,917,840,835,817,851,816,832,805,822,768
O,914,840,834,816,851,816,832,804,826,768
O,913,839,835,815,850,816,834,803,829,767
O,911,838,834,814,851,814,835,804,831,767
O,912,839,835,814,851,815,837,803,836,767
O,911,839,835,813,856,813,839,802,841,765
O,906,838,835,812,852,814,839,802,842,765
O,904,837,837,812,852,815,839,802,842,767
O,902,837,842,810,849,815,838,803,841,770
O,900,836,849,808,849,817,838,804,840,772
O,898,839,875,784,883,806,863,798,874,766
O,899,839,875,784,877,806,862,799,872,763
O,899,839,874,790,875,806,859,799,868,763
O,899,839,871,797,877,807,855,798,863,761
O,912,842,847,822,860,812,849,798,835,756
O,914,843,846,821,861,811,849,799,832,756
O,915,841,844,821,856,812,847,799,832,755
O,912,840,844,819,854,810,848,798,834,755
O,907,839,846,816,856,811,850,798,840,755
O,902,838,850,814,856,812,851,798,848,760
O,898,837,863,800,872,809,853,798,850,760
O,900,837,865,797,871,808,855,798,851,758
O,900,838,862,791,874,807,857,798,853,759
O,900,839,859,789,876,807,859,797,855,759
O,900,839,855,787,878,807,861,798,856,759
O,900,840,854,786,877,807,862,797,857,760
O,900,842,853,784,885,806,864,797,856,760
O,900,842,853,783,886,807,864,798,856,759
O,900,842,852,783,886,807,864,797,855,758
O,901,842,851,782,887,806,864,797,855,759
O,900,842,851,782,887,806,864,797,855,758
O,900,843,852,781,882,806,864,797,855,758
O,901,844,852,781,883,805,864,795,855,757
O,902,844,853,780,889,804,865,796,860,757
O,904,844,853,780,891,804,865,796,863,757
O,907,846,854,779,888,803,866,796,865,757
O,910,846,859,779,888,803,865,796,862,757
O,913,848,860,780,887,802,865,796,856,756
O,916,849,861,781,889,801,862,796,847,756
O,917,853,864,783,882,802,860,795,843,755
O,919,855,865,786,877,803,858,797,838,756
O,920,859,868,788,875,802,857,798,836,758
O,920,860,869,790,875,802,856,799,836,758
O,918,859,866,792,874,803,856,799,837,759
O,917,860,865,794,873,803,856,799,838,759
O,919,853,863,795,873,802,856,800,838,760
O,919,857,862,796,872,803,856,800,838,759
O,916,855,861,797,870,804,854,800,839,759
O,913,850,859,798,868,805,854,800,841,760
O,910,849,858,798,866,807,852,802,839,760
O,910,849,857,799,873,809,849,803,836,762
O,906,848,856,800,872,810,846,805,833,765
O,903,847,853,801,860,813,844,806,829,768
O,900,845,852,803,871,815,842,807,830,772
O,899,845,850,805,855,816,841,808,831,773
O,896,843,848,806,853,818,841,808,832,775
O,898,842,845,807,849,818,840,808,833,775
O,898,840,843,806,848,818,840,808,832,774
O,899,838,841,807,846,817,840,807,833,772
O,897,838,841,804,848,816,840,806,833,771
O,898,837,841,802,853,813,841,804,833,770
O,900,836,843,799,862,812,841,803,832,769
O,901,835,843,798,857,811,841,803,832,767
O,902,834,843,795,861,810,840,802,834,766
O,904,832,843,792,864,809,842,801,834,765
O,907,832,842,792,861,809,841,801,833,765
O,906,829,841,791,860,808,841,800,833,764
O,907,827,843,790,857,808,840,801,833,763
O,905,828,844,790,863,809,840,800,833,763
O,903,829,850,789,862,809,841,800,833,763
O,900,831,857,789,869,809,845,800,835,762
O,896,868,880,782,885,812,867,799,853,759
O,896,865,882,779,883,811,865,798,852,759
O,898,857,882,776,881,810,863,798,849,757
O,899,850,878,774,879,808,860,798,845,756
O,906,838,875,771,880,806,855,797,843,755
O,913,828,872,770,874,804,853,796,840,754
O,902,834,852,800,858,812,849,799,835,755
O,899,863,869,789,874,813,856,798,841,755
O,902,855,863,790,862,813,850,800,836,755
O,908,844,852,790,853,812,845,800,834,754
O,914,833,841,792,850,812,840,801,832,754
O,913,824,822,803,845,813,834,804,829,757
O,912,824,818,805,842,814,833,804,829,757
O,910,824,818,806,843,814,833,804,828,758
O,904,827,829,804,844,814,837,803,830,758
O,894,855,861,793,861,810,853,800,846,756
O,897,846,848,795,855,811,846,801,841,756
O,900,838,837,796,856,811,843,801,837,756
O,902,831,831,799,851,812,839,802,835,757
O,905,829,827,799,849,811,837,803,834,757
O,905,828,825,799,846,811,836,803,834,757
O,904,828,826,798,845,812,836,801,832,756
O,904,827,826,798,845,811,836,802,834,757
O,903,827,826,797,845,811,835,802,834,756
O,902,827,827,796,845,811,835,802,835,757
O,903,827,827,796,846,811,837,801,835,757
O,902,827,828,796,846,811,837,802,835,757
O,901,827,831,795,849,811,837,801,835,757
O,900,829,839,794,849,811,838,802,836,757
O,895,851,848,793,860,810,852,800,849,757
O,894,848,846,793,858,810,851,801,848,757
O,894,845,845,793,857,810,849,801,848,757
O,895,843,843,792,857,810,848,800,847,757
O,895,841,842,791,855,810,847,801,846,757
O,895,839,841,791,855,809,847,800,846,756
O,895,838,840,791,855,809,845,800,846,757
O,895,837,841,790,854,809,846,800,846,757
O,895,836,840,791,854,809,845,801,845,757
O,894,837,840,791,854,809,845,800,845,757
O,895,835,841,790,853,809,845,800,845,757
O,895,836,840,791,853,809,845,800,845,757
O,895,836,840,790,853,810,845,801,844,757
O,895,836,841,791,852,809,845,801,845,757
O,895,835,841,791,853,809,845,801,845,757
O,894,835,840,791,853,809,844,800,844,757
O,895,834,840,791,852,809,845,800,844,757
O,894,835,840,790,853,809,844,801,845,757
O,895,835,840,790,853,809,845,800,843,757
O,895,835,840,791,853,809,845,801,844,757
O,895,834,840,791,853,809,845,801,843,757
O,895,835,840,791,853,809,844,800,844,757
O,895,833,840,790,853,809,845,800,844,757
O,895,835,840,790,853,810,845,800,843,757
O,895,835,840,791,852,809,845,800,844,757
O,895,834,840,791,853,809,845,801,844,757
O,894,835,840,789,853,810,845,800,844,757
O,895,834,840,791,853,810,845,800,843,757
O,895,834,840,790,853,809,844,801,843,757
O,895,834,840,791,853,810,844,801,844,756
O,895,834,840,790,853,809,845,800,844,757
O,895,833,840,791,852,808,845,801,843,757
O,895,834,840,791,852,810,844,801,843,757
O,895,834,839,791,853,810,844,800,842,756
O,895,834,840,790,853,810,845,800,843,757
O,895,833,840,791,852,810,843,801,843,757
O,896,833,840,791,852,810,844,801,844,757
O,895,833,840,791,853,810,844,800,843,757
O,895,834,840,791,852,809,844,800,842,758
O,895,834,840,790,852,810,845,800,843,758
O,895,834,840,791,852,810,845,801,843,758
O,894,833,840,791,852,810,844,801,843,758
O,895,833,840,791,852,811,845,801,843,758
O,894,834,840,791,852,811,844,800,842,757
O,893,832,840,791,852,812,845,801,843,759
O,894,834,838,792,851,813,846,802,843,759
O,894,836,838,792,852,813,845,802,843,760
O,894,837,840,794,852,813,845,802,843,760
O,894,837,840,793,852,813,844,801,840,760
O,894,836,840,793,852,814,844,802,836,760
O,894,836,840,792,852,813,843,801,835,760
O,895,836,841,792,851,812,843,801,835,759
O,895,834,840,791,851,811,841,800,835,759
O,897,833,839,792,850,811,840,801,833,759
O,900,830,835,795,850,811,838,801,833,758
O,902,828,832,798,848,812,835,803,833,759
O,904,825,829,802,849,813,834,803,832,759
O,904,824,827,803,842,814,834,805,832,759
O,903,823,827,803,845,814,834,805,832,758
O,899,826,832,801,842,813,837,804,835,759
O,897,834,850,797,853,812,845,803,839,758
O,894,864,860,791,868,816,853,803,838,758
O,897,860,856,790,864,815,848,802,830,758
O,903,853,851,790,858,813,844,802,826,758
O,920,826,828,793,845,811,835,801,832,756
O,915,826,828,795,844,811,835,802,834,756
O,908,827,834,795,848,811,837,802,839,756
O,892,876,874,791,874,816,865,801,870,756
O,891,870,871,791,870,815,860,801,863,757
O,894,860,864,791,864,813,853,801,856,756
O,899,847,853,791,858,812,846,801,851,756
O,905,837,842,791,854,812,841,801,847,755
O,910,826,826,798,847,813,835,803,841,756
O,909,825,824,801,849,814,834,804,841,758
O,903,828,826,802,862,815,835,806,842,759
O,897,839,839,805,854,818,841,806,844,761
O,888,880,878,808,874,826,865,816,867,776
O,888,881,883,806,878,826,867,816,868,774
O,888,879,889,803,880,825,869,814,869,772
O,889,878,891,802,880,825,869,813,870,770
O,889,875,887,799,879,824,868,811,870,768
O,892,874,886,797,880,822,866,809,869,766
O,892,871,887,792,888,818,867,806,869,763
O,892,869,889,786,888,815,867,804,870,761
O,893,866,891,782,891,811,870,802,874,758
O,894,858,897,767,904,804,870,798,873,755
O,902,853,896,762,898,802,868,796,872,753
O,907,845,893,761,894,801,864,796,871,753
O,917,812,810,811,852,814,838,804,856,759
O,911,818,818,809,854,814,839,805,856,759
O,894,884,883,793,885,818,875,802,874,757
O,893,885,883,792,887,818,875,801,876,756
O,893,885,883,792,886,819,873,802,876,756
O,893,883,883,791,888,818,873,802,874,756
O,894,882,881,789,885,816,871,801,873,755
O,895,880,881,790,901,815,869,801,872,754
O,897,880,879,787,891,812,867,800,869,754
O,898,877,877,784,888,811,862,799,865,754
O,905,868,876,779,882,808,861,797,864,752
O,922,822,815,809,862,812,838,802,846,753
O,908,833,829,808,853,814,843,803,848,753
O,898,865,896,781,904,812,885,798,883,750
O,899,863,894,779,906,811,882,798,883,750
O,900,861,893,776,906,810,881,797,881,750
O,903,860,892,775,907,807,878,796,882,750
O,907,854,891,771,906,805,876,796,882,749
O,914,847,890,766,909,802,874,796,884,748
O,942,812,873,764,886,795,856,794,883,750
O,940,815,868,772,888,797,854,794,882,750
O,902,874,887,791,895,811,882,803,894,758
O,908,868,888,784,906,805,885,798,895,754
O,941,823,865,781,879,798,845,794,843,749
O,924,862,872,797,889,807,869,800,878,757
O,928,858,867,796,884,805,860,800,861,756
O,930,853,864,795,888,804,850,798,844,755
O,934,846,858,796,875,802,843,799,828,754
O,937,840,848,798,867,802,835,800,822,754
O,937,837,843,803,867,803,831,801,818,756
O,938,835,839,806,862,805,828,803,816,760
O,935,835,838,807,871,808,828,807,816,763
O,933,840,839,810,893,811,832,809,821,767
O,918,871,871,804,893,815,870,812,872,768
O,922,867,869,801,882,812,863,809,861,765
O,924,869,865,798,887,809,856,806,848,762
O,930,863,864,794,882,806,847,804,833,761
O,941,836,836,803,862,805,824,804,808,762
O,942,832,829,808,857,806,822,807,806,766
O,928,843,824,821,874,823,828,829,815,786
O,911,871,881,804,896,817,875,825,870,774
O,920,865,885,792,895,810,874,809,869,766
O,923,863,884,784,903,804,873,803,870,763
O,927,862,884,776,900,802,869,801,866,760
O,941,827,870,765,893,798,852,797,844,755
O,943,819,862,769,893,797,844,797,837,754
O,945,814,849,782,877,798,836,798,833,755
O,938,825,818,820,852,814,823,815,815,765
O,918,873,873,804,887,811,869,809,875,762
O,918,873,871,802,891,808,865,807,868,760
O,927,865,866,798,889,807,857,805,859,759
O,931,854,861,796,873,805,847,804,845,759
O,942,823,829,805,856,805,818,804,810,760
O,939,824,827,807,854,806,818,805,810,761
O,935,828,830,808,858,807,822,808,815,764
O,926,844,847,807,866,809,839,809,834,764
O,918,867,865,802,878,808,857,807,855,762
O,925,860,859,801,871,807,847,806,841,762
O,932,848,850,801,865,807,835,806,825,762
O,936,829,828,804,855,806,821,805,808,767
O,932,835,834,804,859,806,828,807,816,765
O,923,865,860,800,875,807,853,805,847,762
O,928,856,853,800,871,806,844,805,835,763
O,935,841,843,799,866,806,835,805,823,762
O,939,827,830,799,859,804,825,804,810,762
O,936,829,833,799,860,805,828,804,815,761
O,931,848,852,799,873,804,844,804,835,761
O,930,851,846,802,865,809,839,808,826,763
O,933,841,839,803,861,809,830,808,816,764
O,936,834,834,803,857,809,826,806,811,764
O,937,830,830,803,859,810,824,808,808,765
O,937,828,830,803,856,810,823,808,809,765
O,934,829,836,803,858,810,828,809,813,766
O,931,837,846,802,863,812,836,811,821,765
O,925,855,854,802,869,817,847,817,829,765
O,930,848,849,803,866,814,841,815,824,765
O,932,842,846,802,863,814,835,813,818,764
O,935,836,844,802,861,812,832,811,812,762
O,933,833,843,801,860,811,830,810,809,762
O,933,834,843,800,861,811,831,809,812,760
O,929,847,854,800,869,811,843,810,825,761
O,920,869,862,800,879,816,859,814,844,760
O,920,862,858,800,874,815,854,813,838,760
O,925,856,854,800,870,814,847,811,830,758
O,928,849,850,800,867,814,841,812,822,760
O,929,844,847,800,864,813,836,810,817,760
O,929,842,846,801,862,813,835,811,815,761
O,928,846,846,801,863,812,837,811,818,761
O,925,861,853,801,869,815,847,813,829,761
O,924,863,856,800,870,815,848,814,831,761
O,930,852,852,800,865,814,839,812,821,760
O,935,843,845,800,863,813,832,811,812,760
O,942,828,829,804,852,811,820,810,798,762
O,940,827,826,805,852,812,819,809,798,762
O,937,827,825,807,853,811,819,809,799,763
O,932,834,830,808,855,814,826,812,804,763
O,917,868,864,804,878,818,857,818,838,763
O,924,862,859,803,870,815,850,814,828,763
O,929,847,852,800,865,813,839,810,816,761
O,938,817,840,799,856,808,825,805,803,759
O,932,824,841,803,859,811,831,807,807,759
O,913,869,869,802,879,818,862,816,845,760
O,919,857,865,801,876,815,852,813,833,761
O,924,854,860,799,872,813,843,810,822,760
O,934,820,842,799,857,810,825,806,804,758
O,929,827,841,800,860,810,828,807,808,759
O,924,848,852,800,868,812,842,809,823,759
O,914,863,862,801,873,816,854,814,834,761
O,918,856,858,800,877,814,847,811,827,760
O,924,844,852,799,866,812,839,807,818,760
O,931,828,843,796,864,809,830,805,810,758
O,928,830,841,796,862,808,829,805,811,759
O,925,837,847,796,863,809,835,805,816,759
O,921,850,856,798,867,811,843,808,824,761
O,917,852,852,801,868,814,845,810,825,762
O,923,839,845,799,865,811,836,808,816,761
O,927,832,839,798,861,811,829,806,810,760
O,929,829,838,798,858,811,828,806,808,760
O,930,829,837,797,858,810,827,805,807,759
O,926,832,843,797,859,809,830,805,809,760
O,923,845,854,797,864,810,838,807,817,760
O,911,866,860,801,876,815,854,811,831,762
O,918,856,854,799,869,813,844,808,822,761
O,924,845,848,798,864,811,835,807,812,761
O,928,831,839,797,858,811,828,805,807,760
O,922,840,847,798,861,812,834,807,812,761
O,919,856,856,800,873,814,844,809,820,761
O,917,863,853,801,869,816,845,811,823,764
O,923,851,847,800,865,814,839,810,817,764
O,928,841,841,799,861,813,832,808,811,762
O,932,832,835,797,855,811,826,806,806,761
O,927,841,845,797,858,811,832,806,811,762
O,922,854,854,799,865,813,839,808,816,761
O,922,859,849,802,864,816,839,811,815,763
O,928,848,842,801,866,814,833,810,810,763
O,934,830,833,797,857,810,826,806,806,761
O,930,835,847,797,862,810,832,806,812,760
O,920,852,845,806,861,817,839,813,818,767
O,927,851,838,806,857,816,832,812,811,767
O,933,837,831,804,855,814,827,810,806,764
O,939,824,828,796,864,808,822,804,804,762
O,933,825,839,794,861,807,825,804,805,762
O,918,849,834,815,856,825,827,828,806,782
O,924,844,829,812,863,823,822,823,801,780
O,930,840,826,808,862,820,818,817,798,774
O,932,831,825,804,860,815,818,811,798,770
O,935,824,824,798,860,808,816,806,798,766
O,936,822,826,797,857,807,816,805,798,764
O,935,819,828,796,860,806,816,804,798,764
O,933,819,832,793,865,805,818,803,801,764
O,928,820,841,791,867,804,826,802,809,763
O,909,867,861,805,886,823,862,821,847,769
O,913,864,856,805,882,823,855,822,838,770
O,916,861,850,805,872,822,848,822,830,770
O,920,858,844,807,869,820,839,819,820,771
O,949,813,791,817,835,815,795,815,783,777
O,950,813,789,815,838,815,794,815,782,778
O,947,813,790,814,832,814,793,813,782,776
O,945,812,792,811,833,812,795,811,784,774
O,943,813,801,807,849,809,803,808,792,771
O,905,876,874,803,894,822,879,819,872,767
O,904,875,870,805,891,825,877,827,871,768
O,905,873,868,805,889,825,875,827,871,768
O,907,870,864,807,886,823,870,825,869,767
O,910,871,857,809,882,822,863,823,865,767
O,913,875,850,810,872,820,854,824,854,770
O,918,866,841,813,870,820,841,826,835,777
O,950,819,775,827,829,825,777,834,773,803
O,952,818,772,828,828,826,776,834,770,803
O,952,816,769,827,825,824,775,833,769,800
O,952,817,770,826,825,825,773,831,768,798
O,952,813,770,824,823,823,775,826,768,795
O,951,810,770,822,827,822,776,824,768,792
O,950,810,772,822,829,820,776,822,770,788
O,949,810,774,820,830,818,778,820,771,787
O,947,816,778,819,835,816,781,817,773,784
O,900,891,881,804,890,820,880,813,876,765
O,898,890,883,806,890,824,880,818,877,765
O,898,889,881,806,889,825,880,820,876,765
O,898,890,881,807,889,825,880,821,876,766
O,898,890,880,808,889,826,880,823,876,766
O,898,889,879,807,888,825,879,823,875,766
O,898,889,877,809,887,825,878,824,875,766
O,897,890,877,810,888,825,879,824,875,766
O,897,889,876,809,888,825,879,824,876,766
O,897,891,877,809,889,825,880,823,877,766
O,895,891,878,809,890,825,881,825,880,766
O,897,891,877,810,895,825,882,825,881,765
O,896,892,876,811,893,824,881,825,882,765
O,895,891,874,812,891,825,881,825,883,764
O,896,891,872,814,894,824,882,825,884,766
O,895,891,871,813,892,824,882,826,883,766
O,895,890,871,814,893,824,881,825,884,765
O,895,891,870,814,892,824,880,827,883,766
O,895,891,871,814,895,825,878,827,883,766
O,894,890,872,815,890,825,879,829,881,767
O,893,891,874,815,891,825,878,831,883,769
O,890,888,872,815,888,826,876,834,882,774
O,888,889,871,816,888,828,876,837,882,778
O,886,892,870,818,899,829,875,842,881,780
O,886,893,869,818,896,829,873,843,880,779
O,886,893,868,820,894,830,872,843,880,778
O,885,892,867,821,896,830,870,843,879,777
O,886,890,866,821,896,830,869,841,877,775
O,886,890,863,822,892,829,865,843,875,776
O,885,890,861,822,884,830,864,842,873,777
O,887,886,858,824,878,829,860,841,869,778
O,888,883,852,823,872,829,853,838,865,778
O,890,880,848,822,873,829,845,836,859,779
O,892,879,842,822,866,828,840,833,852,779
O,895,880,839,819,864,826,834,831,839,780
O,898,865,827,819,847,826,825,829,828,781
O,902,857,818,817,853,826,819,827,818,782
O,925,834,799,809,851,819,807,814,803,779
O,924,833,805,805,840,816,812,810,806,777
O,900,876,878,797,901,814,874,812,882,767
O,900,874,873,799,894,815,871,815,880,767
O,901,873,870,800,889,817,868,816,879,766
O,900,871,866,802,898,818,865,816,876,766
O,901,869,863,803,887,819,860,816,871,767
O,903,864,859,802,885,817,856,812,868,765
O,906,864,853,801,878,815,852,812,863,766
O,909,861,851,799,878,813,847,808,859,765
O,911,858,849,798,878,812,845,807,855,765
O,913,855,847,797,873,810,842,806,848,763
O,914,851,842,795,863,810,835,805,845,764
O,913,847,841,795,861,809,834,804,843,764
O,909,849,841,794,862,808,835,804,843,764
O,907,853,849,794,868,808,841,804,851,764
O,904,861,856,794,878,807,853,804,862,764
O,899,866,856,798,879,814,851,811,861,765
O,901,863,852,799,874,815,845,812,851,767
O,906,859,846,799,870,813,837,811,844,768
O,913,854,840,798,863,813,832,810,839,767
O,919,847,835,795,859,809,828,805,841,765
O,916,848,836,795,860,808,829,805,843,765
O,913,849,839,793,863,808,834,804,847,764
O,900,865,855,802,872,815,850,812,859,767
O,900,863,850,804,869,818,845,815,854,767
O,900,861,849,803,873,818,842,814,851,767
O,904,857,846,803,869,816,840,812,847,767
O,906,852,842,800,870,813,836,810,843,765
O,908,849,840,799,867,812,834,808,843,764
O,908,848,841,798,863,810,835,807,844,764
O,903,853,842,798,867,811,841,807,849,764
O,902,863,851,799,875,812,853,808,860,764
O,900,864,849,805,873,819,850,817,854,766
O,901,859,847,803,869,817,845,814,850,767
O,904,857,844,801,870,815,842,812,845,766
O,907,849,841,799,869,813,839,809,842,764
O,909,847,840,798,870,811,836,807,842,763
O,906,845,839,797,867,811,837,806,842,763
O,904,852,848,798,869,810,841,807,845,764
O,899,873,858,806,884,821,855,821,857,769
O,899,870,856,806,876,821,851,822,853,768
O,901,865,853,804,870,819,847,819,850,768
O,904,864,849,802,874,817,844,815,847,765
O,908,855,845,800,872,815,840,812,842,765
O,913,848,840,798,868,813,836,809,838,764
O,915,842,837,797,862,812,833,807,835,763
O,915,839,835,795,863,810,832,807,835,763
O,911,839,835,795,863,810,832,806,835,763
O,908,846,848,795,865,810,838,806,841,763
O,897,874,863,807,886,824,861,827,862,771
O,898,868,857,807,877,822,855,824,854,771
O,901,864,854,804,876,821,849,822,846,770
O,903,858,850,803,874,819,844,819,841,769
O,908,855,847,800,870,815,840,813,835,767
O,912,850,844,797,867,813,836,809,830,765
O,911,848,844,795,865,811,836,806,830,763
O,911,848,843,795,870,810,837,806,830,763
O,908,851,848,795,870,809,840,806,835,763
O,904,863,858,796,872,810,848,806,844,764
O,898,873,859,809,880,823,859,832,854,777
O,899,870,857,808,875,822,855,829,849,776
O,900,866,854,806,874,820,850,825,844,774
O,905,860,851,804,868,818,844,820,836,771
O,910,851,845,801,865,815,836,815,826,770
O,922,829,827,794,856,808,823,805,815,765
O,919,829,831,794,860,808,825,805,819,764
O,912,841,847,793,869,807,840,805,836,764
O,900,870,859,804,879,821,862,822,866,768
O,901,865,855,802,874,820,855,819,858,767
O,907,864,851,801,870,818,848,815,849,766
O,913,851,844,798,873,815,840,809,838,764
O,919,837,836,791,862,807,830,802,826,760
O,915,840,838,790,866,806,834,802,830,760
O,909,854,853,790,876,806,848,803,845,761
O,897,880,862,805,881,821,865,818,864,768
O,899,876,858,803,878,820,860,817,859,766
O,904,879,852,802,881,817,855,813,854,764
O,908,870,849,798,874,814,849,809,844,762
O,913,865,845,797,871,811,843,806,837,760
O,928,839,832,791,864,806,829,802,821,759
O,922,844,838,790,866,806,835,801,827,760
O,897,881,868,797,897,815,876,809,879,763
O,897,879,865,796,889,814,873,809,878,762
O,898,876,862,794,886,813,869,807,872,761
O,901,873,859,791,882,810,862,804,867,760
O,907,865,854,790,879,807,856,801,858,760
O,911,858,852,787,884,805,851,800,851,759
O,916,847,849,783,878,803,847,798,844,758
O,914,849,850,782,879,803,848,798,846,758
O,910,857,856,783,881,803,854,798,853,758
O,905,868,864,784,885,803,861,799,861,759
O,898,880,865,795,889,815,867,807,869,762
O,899,877,861,796,885,815,864,808,867,762
O,901,874,859,794,883,815,859,806,862,761
O,904,868,856,792,883,813,856,804,857,760
O,906,863,854,791,878,810,852,801,852,759
O,911,859,851,788,875,807,849,800,845,758
O,915,852,848,785,874,805,846,799,842,757
O,916,849,848,784,874,804,845,798,840,756
O,916,847,847,783,874,804,845,798,840,757
O,913,848,847,783,875,803,846,798,842,756
O,909,856,853,783,877,804,852,797,850,758
O,899,877,863,796,894,818,867,811,868,762
O,900,875,860,797,892,818,865,812,865,762
O,902,873,857,796,885,816,860,810,859,760
O,908,867,853,794,882,814,854,807,852,759
O,932,830,833,788,864,804,829,800,823,756
O,929,831,834,788,864,805,832,799,825,756
O,923,840,842,788,874,804,844,799,835,756
O,898,884,870,799,897,817,875,811,872,764
O,898,882,866,799,891,817,872,812,868,762
O,900,879,863,798,887,817,867,811,864,762
O,902,874,860,796,883,815,863,807,860,760
O,906,868,857,794,886,812,859,805,856,759
O,911,860,852,792,893,809,854,803,850,756
O,915,857,846,789,876,807,849,801,844,756
O,920,844,842,786,872,804,842,799,835,756
O,919,843,841,786,872,804,842,798,835,756
O,916,842,842,785,872,803,841,799,835,757
O,913,844,847,784,873,803,844,799,839,756
O,907,855,858,786,883,803,854,799,850,758
O,896,881,871,798,903,817,876,817,875,766
O,894,878,868,798,895,818,875,818,874,766
O,897,875,865,798,891,818,871,818,868,765
O,900,872,860,797,887,816,865,817,861,764
O,910,865,855,795,883,815,852,814,841,762
O,936,832,830,790,862,805,823,802,802,757
O,934,832,830,789,861,804,823,802,801,758
O,931,833,833,789,863,804,825,801,806,758
O,925,838,840,789,868,804,833,801,814,758
O,911,866,855,798,889,817,862,820,846,766
O,912,864,853,796,879,814,857,816,837,765
O,915,859,849,795,880,812,855,809,830,763
O,923,845,843,791,877,807,847,802,817,759
O,925,843,839,790,880,804,843,802,815,758
O,925,842,839,789,875,804,841,801,814,758
O,924,840,839,787,873,804,840,800,814,758
O,921,839,839,787,872,804,840,800,816,758
O,915,851,850,787,876,803,850,800,831,758
O,898,878,868,798,892,815,872,815,869,766
O,899,875,866,799,893,816,871,818,867,767
O,900,872,863,798,892,816,868,819,864,766
O,904,869,860,797,886,815,865,818,863,764
O,908,865,856,796,882,815,862,816,860,764
O,912,860,853,794,883,812,857,813,854,762
O,924,840,838,793,870,808,840,805,831,759
O,924,837,837,791,871,807,839,803,828,759
O,921,837,836,791,868,807,838,804,829,759
O,920,836,837,790,868,806,839,803,830,759
O,917,839,840,790,869,806,841,803,833,759
O,915,843,845,790,872,806,844,803,837,759
O,911,849,851,790,875,805,849,803,845,759
O,900,870,862,797,891,815,869,817,868,766
O,901,868,859,798,892,816,866,820,864,766
O,903,866,856,799,883,818,861,820,856,767
O,908,863,852,799,878,817,856,819,846,766
O,913,859,847,800,874,815,850,817,837,766
O,917,854,841,800,872,814,843,814,826,766
O,937,827,813,801,853,808,815,807,797,767
O,936,826,814,800,854,808,816,806,800,766
O,932,827,819,799,857,807,822,804,807,765
O,898,880,871,801,905,819,878,818,869,766
O,897,879,869,801,905,820,877,821,867,767
O,900,876,866,800,897,821,874,822,864,766
O,901,874,863,802,890,821,871,823,858,766
O,903,870,860,800,887,821,867,824,852,766
O,909,865,858,800,882,819,863,822,845,766
O,912,862,853,800,879,817,857,818,837,765
O,931,838,841,792,871,806,834,802,814,761
O,931,837,841,792,871,806,834,803,813,761
O,929,836,841,791,868,805,835,802,812,760
O,927,836,840,791,868,805,835,802,816,761
O,924,836,841,791,869,805,836,802,818,761
O,921,838,842,791,870,805,838,802,820,761
O,921,838,843,790,870,805,839,802,823,760
O,920,838,842,790,870,805,839,802,823,761
O,920,838,842,790,869,804,838,802,823,761
O,919,839,843,790,870,804,840,801,826,761
O,918,838,842,790,870,804,841,802,827,761
O,917,839,843,789,870,804,840,801,828,761
O,918,838,843,790,871,805,841,802,829,761
O,917,840,842,790,871,804,841,801,828,761
O,917,839,843,790,870,805,841,802,829,761
O,918,839,842,790,871,804,841,802,829,760
O,918,839,843,790,871,805,842,802,829,761
O,917,840,842,790,870,805,841,802,828,761
O,917,839,844,789,870,804,841,802,829,761
O,916,839,843,790,871,804,840,802,830,761
O,916,839,843,790,870,805,842,801,830,761
O,916,840,842,790,870,805,841,802,830,761
O,916,839,843,790,870,805,842,802,830,760
O,916,839,843,790,871,804,842,801,830,761
O,916,839,843,790,870,804,840,801,830,761
O,916,839,843,790,871,804,841,801,830,761
O,915,838,843,790,870,804,842,801,829,761
O,915,839,842,790,869,804,842,802,830,761
O,916,839,843,790,870,804,841,801,829,760
O,915,839,842,790,870,805,842,801,830,760
O,915,839,843,790,871,805,841,801,830,760
O,915,839,843,790,870,805,842,801,831,760
O,914,839,843,790,870,805,843,801,831,760
O,915,839,843,790,870,804,842,802,831,761
O,914,839,842,790,871,803,842,801,832,761
O,915,839,843,790,870,805,842,801,832,761
O,915,839,842,790,870,805,842,801,832,760
O,915,839,843,789,870,804,842,802,831,761
O,915,838,843,790,869,805,842,802,832,760
O,914,839,843,789,870,805,842,800,832,760
O,914,838,843,790,870,805,843,801,831,761
O,915,839,843,790,869,805,843,801,832,760
O,915,838,843,790,870,804,842,801,832,761
O,915,838,843,789,869,804,842,801,833,761
O,915,838,843,790,870,805,842,801,832,760
O,914,838,843,790,870,805,843,802,832,760
O,914,838,843,790,869,805,842,800,832,760
O,915,838,843,790,870,803,842,801,832,760
O,915,839,843,789,870,804,842,801,832,761
O,914,839,843,790,870,805,842,800,832,760
O,914,838,843,790,870,805,842,801,832,760
O,915,838,843,790,870,805,842,801,832,760
O,914,838,842,790,870,805,842,801,832,760
O,914,838,843,789,870,805,843,801,831,761
O,915,838,843,790,870,805,842,800,832,760
O,914,838,841,790,870,805,842,801,831,760
O,914,837,842,789,870,804,843,801,832,760
O,914,837,843,790,870,805,842,801,831,761
O,914,839,843,790,871,805,843,801,833,761
O,913,843,847,789,872,805,847,801,837,761
O,911,847,850,790,873,805,851,800,840,761
O,909,848,851,791,874,805,852,802,841,760
O,910,849,851,791,875,805,851,802,842,760
O,909,849,851,791,875,805,852,802,842,761
O,908,850,852,791,876,805,852,802,842,761
O,909,851,852,790,878,805,854,801,843,761
O,909,852,852,791,879,805,854,802,844,760
O,909,852,852,790,879,805,854,801,844,760
O,908,852,853,791,879,805,854,802,844,761
O,908,853,853,791,879,805,855,802,845,761
O,908,854,853,791,880,805,854,802,845,761
O,907,854,854,791,882,805,856,802,846,761
O,906,856,855,791,881,806,856,802,848,761
O,906,857,855,791,883,806,858,801,849,761
O,906,858,856,791,881,806,858,802,849,761
O,905,860,857,791,880,804,860,802,851,761
O,905,861,857,791,880,805,860,802,852,761
O,904,862,858,791,880,806,861,802,852,762
O,904,862,858,791,880,806,861,802,853,762
O,904,864,859,791,881,805,863,802,856,762
O,903,864,860,791,882,806,863,802,856,762
O,903,865,859,791,882,806,863,802,856,762
O,903,866,860,790,882,806,863,802,856,761
O,903,866,861,792,881,806,864,802,857,760
O,903,866,861,792,882,805,864,803,857,762
O,901,866,860,792,883,806,862,802,857,762
O,901,867,861,792,882,806,864,802,857,762
O,902,866,860,792,882,806,864,802,856,761
O,902,867,861,792,883,806,863,802,857,762
O,902,867,861,792,883,806,864,803,857,762
O,902,867,861,791,884,807,864,803,858,762
O,901,866,861,791,884,807,865,802,858,762
O,901,868,861,792,885,806,864,802,857,762
O,902,868,861,792,885,806,864,802,858,762
O,901,869,862,792,886,806,865,801,859,761
O,901,869,862,792,887,806,866,803,859,762
O,901,870,862,792,887,806,865,803,859,762
O,901,870,862,792,887,806,866,803,860,762
O,900,870,863,792,886,805,866,803,860,762
O,900,870,862,792,886,806,867,803,861,762
O,900,870,862,792,887,806,867,803,862,762
O,900,870,863,792,886,805,867,803,862,762
O,900,870,862,792,888,806,867,803,862,762
O,900,872,863,792,890,806,868,803,864,762
O,900,874,864,791,890,806,868,803,865,762
O,899,874,864,793,889,807,870,803,864,762
O,900,874,863,791,888,807,869,804,865,762
O,899,875,865,791,888,807,870,804,866,762
O,899,875,865,793,891,806,871,804,867,763
O,899,875,864,793,890,807,870,804,866,762
O,899,875,865,792,889,807,871,804,867,762
O,899,876,865,793,890,807,871,805,868,762
O,899,877,865,793,891,807,872,805,870,763
O,898,877,866,794,890,808,872,806,871,764
O,898,878,865,794,889,809,872,807,871,764
O,898,879,865,794,899,810,872,808,871,764
O,897,879,865,797,898,811,871,810,871,765
O,897,880,865,797,894,812,871,811,871,765
O,896,880,864,798,891,813,870,812,871,766
O,897,880,864,799,889,813,870,813,870,767
O,897,882,864,801,889,815,868,816,870,768
O,896,882,863,803,895,817,869,817,870,768
O,896,883,862,804,896,818,868,819,868,770
O,896,883,860,805,885,819,867,821,866,770
O,896,884,860,807,882,821,864,821,864,771
O,895,884,859,809,886,822,864,822,863,773
O,895,884,858,810,886,823,862,823,862,773
O,895,884,857,810,884,823,862,823,862,774
O,895,884,856,812,878,824,861,825,862,776
O,895,883,856,813,878,825,860,825,861,777
O,894,883,853,814,880,826,859,827,861,779
O,893,883,854,814,879,826,859,828,860,780
O,894,883,853,815,877,826,858,828,860,781
O,894,883,852,815,874,827,858,828,859,782
O,894,882,852,815,874,826,856,829,859,783
O,894,882,851,817,876,826,857,830,857,783
O,894,882,851,816,876,826,856,830,859,783
O,894,881,851,816,876,826,856,830,858,784
O,894,881,849,816,875,826,857,829,858,784
O,894,880,850,816,875,826,856,831,858,784
O,894,880,850,816,874,826,855,830,858,783
O,894,879,849,817,875,825,856,830,857,784
O,894,878,849,816,874,826,854,831,856,785
O,895,878,848,817,875,825,854,831,856,785
O,894,877,846,817,872,826,852,831,855,786
O,894,876,846,817,872,826,851,831,854,786
O,894,873,844,817,874,826,849,831,853,787
O,894,873,843,817,873,826,847,830,851,787
O,893,870,842,818,877,826,845,830,850,787
O,894,870,841,818,878,826,844,830,850,787
O,895,870,841,817,870,825,845,830,849,787
O,895,870,841,818,869,826,844,830,848,787
O,895,869,841,817,870,826,845,829,848,786
O,894,869,840,818,869,826,845,829,847,785
O,894,869,840,817,870,825,845,830,848,786
O,894,869,840,817,870,825,845,829,848,786
O,893,869,841,817,870,825,845,829,847,786
O,894,868,840,817,872,825,845,829,847,786
O,894,868,840,816,871,824,845,829,848,786
O,894,868,840,816,871,825,845,829,848,786
O,894,868,840,816,869,824,845,829,848,786
O,895,868,840,816,870,823,843,829,847,786
O,894,868,840,816,869,824,845,828,847,786
O,894,866,840,816,869,824,844,828,846,786
O,894,866,840,815,871,824,844,828,846,786
O,895,866,840,815,869,823,844,827,846,785
O,894,866,838,815,870,824,843,827,845,786
O,894,866,839,815,865,824,843,828,844,786
O,895,864,839,815,865,823,843,827,844,785
O,895,864,838,814,866,822,843,826,843,784
O,896,863,839,814,873,823,842,825,841,783
O,896,863,838,814,872,823,842,825,840,783
O,896,862,839,813,869,823,841,825,839,783
O,897,863,837,814,868,823,841,823,838,782
O,897,863,839,813,867,822,841,824,837,782
O,896,862,839,813,867,823,841,824,836,782
O,897,862,838,813,866,822,840,823,835,782
O,897,862,837,814,863,822,840,824,834,781
O,898,861,838,813,864,822,840,823,835,780
O,897,862,838,813,864,822,840,823,834,781
O,897,862,838,813,862,822,840,822,834,781
O,897,861,837,813,866,822,840,823,834,781
O,898,861,836,813,863,821,839,823,834,780
O,896,860,837,813,864,821,839,823,834,780
O,897,860,837,813,861,822,839,822,833,780
O,896,860,837,813,861,821,839,823,833,780
O,898,860,837,813,861,822,838,823,833,780
O,897,860,837,813,862,821,839,822,833,780
O,897,860,837,813,864,822,839,822,832,780
O,898,859,837,813,861,821,839,822,831,780
O,898,860,837,813,861,822,839,823,832,780
O,897,859,837,812,860,822,839,822,832,780
O,898,859,837,813,860,821,839,822,832,780
O,898,859,836,812,863,821,838,822,832,780
O,898,859,837,812,863,821,838,821,832,780
O,898,859,837,812,862,821,838,821,831,779
O,898,858,837,811,864,820,838,821,831,779
O,898,858,836,811,866,821,837,821,831,779
O,898,857,837,811,865,820,837,820,831,779
O,898,857,837,810,864,820,837,820,829,779
O,898,857,837,810,866,819,838,820,831,777
O,898,857,836,808,863,819,838,819,832,776
O,898,856,837,809,869,819,837,818,832,777
O,899,855,836,808,870,818,838,817,832,776
O,898,855,836,808,871,818,838,818,831,776
O,899,854,836,808,871,818,837,817,832,776
O,899,854,836,807,873,817,838,815,832,776
O,898,853,836,807,868,817,838,816,832,776
O,899,854,837,807,867,816,837,816,832,775
O,898,852,837,806,862,816,838,815,833,775
O,899,851,836,806,862,816,838,814,831,774
O,899,851,836,805,861,815,838,814,832,772
O,899,851,836,805,861,814,838,813,832,773
O,898,850,836,805,860,815,838,813,832,773
O,900,848,836,805,860,815,837,813,832,772
O,900,848,834,805,860,813,837,812,832,773
O,901,848,835,804,860,815,836,812,831,772
O,902,847,835,805,860,814,837,811,831,772
O,901,846,835,804,861,814,837,812,830,772
O,902,845,834,804,869,814,836,812,830,772
O,903,844,834,802,866,813,837,812,830,772
O,903,844,835,803,861,814,836,811,831,771
O,903,842,834,803,861,812,837,811,830,771
O,903,843,834,803,863,813,836,811,830,771
O,903,843,835,802,862,813,837,810,830,771
O,904,842,835,802,860,813,837,810,830,771
O,905,842,835,802,861,813,837,810,830,770
O,904,842,835,802,862,813,837,810,830,770
O,905,841,837,801,863,811,837,810,830,770
O,905,839,836,799,862,812,836,809,829,770
O,906,840,836,800,863,812,837,809,829,769
O,907,839,836,799,862,812,837,809,828,769
O,907,839,836,800,861,812,838,808,829,769
O,907,838,836,799,861,812,838,807,829,768
O,907,837,836,798,862,811,838,808,828,769
O,909,837,836,798,862,812,836,807,829,767
O,910,836,837,798,866,811,838,807,827,768
O,910,836,837,797,864,811,838,807,828,767
O,910,835,838,798,864,811,838,807,828,767
O,909,833,839,797,865,811,838,806,828,767
O,910,834,837,797,866,810,838,806,828,766
O,909,835,838,796,869,810,838,806,828,766
O,909,834,840,797,864,811,837,806,827,767
O,909,833,840,797,865,811,838,806,828,766
O,909,835,840,797,865,810,839,806,827,766
O,910,834,841,796,866,810,839,805,827,765
O,909,834,844,796,867,810,839,805,828,766
O,908,834,845,796,869,809,840,805,828,766
O,908,834,846,795,870,809,840,805,829,766
O,906,835,846,795,871,809,841,805,829,765
O,907,835,849,793,873,809,843,804,830,765
O,906,834,851,794,874,808,846,803,831,765
O,907,836,852,792,875,807,846,804,833,764
O,906,837,854,792,875,807,846,803,833,764
O,906,837,854,792,875,806,847,803,834,764
O,905,837,853,792,876,807,847,803,833,764
O,906,839,855,792,876,807,849,802,835,763
O,905,841,855,792,876,806,850,803,836,764
O,905,843,857,791,877,807,851,803,836,763
O,905,844,857,791,876,807,851,802,837,763
O,905,845,856,791,878,805,852,802,839,762
O,903,846,858,790,878,806,852,802,841,763
O,904,848,860,791,878,806,855,801,842,763
O,902,850,861,790,880,805,856,802,841,762
O,904,851,861,791,879,805,856,802,842,763
O,904,853,861,790,881,806,856,802,842,763
O,904,856,861,790,880,806,858,802,843,762
O,903,859,862,790,882,804,859,802,845,762
O,902,862,863,790,883,805,859,802,847,762
O,901,864,863,790,884,805,861,802,849,762
O,901,865,864,791,884,805,863,802,850,763
O,901,867,863,791,884,804,863,802,850,762
O,901,869,864,791,884,805,862,802,851,762
O,900,870,864,791,884,806,863,802,852,763
O,900,871,865,790,884,805,864,802,853,763
O,900,871,865,791,883,805,864,802,854,761
O,900,872,865,792,885,806,864,802,854,762
O,899,873,865,790,884,806,864,802,854,763
O,900,873,865,791,884,805,865,802,855,762
O,899,873,864,792,884,805,864,803,855,763
O,898,874,865,791,885,806,865,802,857,763
O,898,875,866,792,885,807,867,803,858,763
O,897,876,865,793,887,806,867,804,859,763
O,898,875,866,793,887,807,867,804,860,764
O,898,878,866,794,889,807,867,805,860,764
O,897,879,866,794,889,808,868,805,860,764
O,896,879,867,794,885,809,869,806,861,763
O,897,880,865,794,886,809,868,807,860,763
O,896,880,866,794,885,810,867,807,861,765
O,896,880,866,796,894,811,868,808,861,765
O,896,881,865,797,892,811,867,809,861,766
O,896,880,864,799,890,813,866,810,861,766
O,896,881,862,799,884,813,865,811,860,767
O,896,881,861,799,883,815,863,811,859,766
O,896,881,861,802,880,816,862,812,856,768
O,895,880,860,803,881,816,861,812,852,768
O,896,879,860,804,879,818,858,814,850,767
O,897,879,858,805,878,819,858,814,848,768
O,896,880,858,805,883,820,857,814,847,768
O,895,881,858,806,877,821,856,815,846,768
O,896,881,858,807,879,820,856,816,846,769
O,896,880,857,806,878,821,857,816,846,770
O,896,879,857,808,881,822,856,817,846,770
O,897,880,857,809,878,822,856,818,846,770
O,896,880,856,810,877,823,855,819,846,771
O,896,879,856,810,877,823,854,820,846,773
O,896,878,854,812,873,824,853,820,845,773
O,896,876,853,812,874,824,853,820,844,774
O,895,875,853,813,876,825,852,821,843,774
O,895,873,851,813,870,824,850,820,843,774
O,896,873,849,814,871,825,849,820,842,774
O,895,872,848,813,875,825,848,820,842,773
O,895,871,846,815,871,825,847,821,841,774
O,895,871,845,816,869,824,846,821,841,775
O,896,870,843,817,868,826,845,821,840,775
O,896,869,842,818,867,826,844,821,840,774
O,895,868,841,818,864,826,843,821,839,776
O,895,868,840,818,869,826,841,822,839,776
O,896,867,837,818,870,825,841,822,837,776
O,896,866,836,818,868,826,840,822,838,776
O,896,864,835,818,863,826,839,822,837,777
O,895,864,835,817,865,826,839,822,836,777
O,896,863,833,818,864,826,838,822,836,777
O,896,863,832,818,862,825,838,822,836,777
O,896,862,832,816,861,825,836,821,835,777
O,896,862,831,816,863,825,837,821,834,777
O,896,861,832,816,861,824,837,821,834,777
O,897,861,831,816,861,824,836,821,833,775
O,897,859,829,816,861,824,835,821,832,776
O,898,858,829,816,860,824,833,821,831,776
O,898,858,826,816,861,824,832,821,831,777
O,898,857,825,815,859,824,832,821,829,777
O,900,854,823,817,858,824,832,821,828,776
O,901,855,821,817,854,823,831,820,827,775
O,902,854,821,816,855,823,830,819,825,774
O,902,854,820,816,856,823,829,818,825,774
