V,944,877,816,760,821,789,888,815,908,795
V,948,870,816,759,822,789,887,818,908,795
V,943,879,815,761,819,790,889,817,907,793
V,943,875,814,758,820,791,887,815,911,796
V,941,876,816,759,820,789,889,816,908,795
V,941,876,817,760,821,790,887,816,905,793
V,945,876,817,757,821,791,890,818,907,793
V,941,876,815,760,822,790,888,814,907,794
V,944,877,815,759,821,790,888,817,907,795
V,943,875,815,758,822,788,889,817,910,797
V,942,876,814,756,822,787,889,815,908,795
V,944,874,815,759,822,789,889,811,902,796
V,942,877,816,758,820,790,889,815,910,795
V,941,874,814,757,823,791,888,815,907,795
V,940,877,816,758,822,788,888,815,906,795
V,944,876,816,760,821,789,888,815,910,796
V,944,876,815,759,822,790,889,815,908,795
V,941,873,815,761,823,788,890,817,910,794
V,944,875,816,760,821,789,888,814,907,795
V,942,875,815,758,822,789,889,814,906,793
V,939,874,816,758,821,788,889,816,906,795
V,941,877,815,760,822,789,888,815,906,794
V,943,876,816,760,820,793,887,814,905,797
V,944,876,816,759,820,789,888,816,909,795
V,944,877,816,758,820,790,886,813,903,797
V,936,876,817,760,821,789,887,815,906,795
V,943,876,816,759,821,790,888,813,908,791
V,944,874,816,760,821,788,889,817,905,796
V,949,877,812,763,821,789,888,817,906,793
V,945,879,818,760,821,793,891,809,910,793
V,940,875,817,759,821,788,887,813,907,795
V,942,877,817,760,820,788,888,815,909,795
V,936,880,816,761,820,790,888,815,908,794
V,943,878,816,758,823,791,887,814,911,796
V,942,875,817,759,822,789,886,816,908,794
V,943,877,817,759,822,789,887,813,903,795
V,944,875,818,762,824,791,889,812,909,793
V,939,878,816,760,821,789,887,816,908,792
V,943,877,817,758,822,790,886,820,902,790
V,944,875,815,759,822,790,886,813,910,796
V,947,874,816,757,820,788,887,815,907,795
V,943,877,817,759,821,789,888,816,907,795
V,944,877,816,758,821,790,888,817,905,797
V,941,872,813,759,820,788,887,815,906,794
V,944,876,816,758,821,789,888,817,906,794
V,942,873,816,760,822,789,886,813,909,794
V,944,878,816,757,821,789,889,819,901,797
V,940,876,816,760,821,789,886,814,907,793
V,941,877,816,759,820,789,887,813,908,793
V,943,877,814,759,823,789,888,811,907,793
V,942,876,816,760,822,789,886,816,907,794
V,944,877,817,760,819,790,885,815,909,798
V,943,874,817,760,821,788,886,816,903,792
V,950,881,817,763,818,790,886,815,907,795
V,937,875,817,760,820,788,887,815,908,793
V,943,877,817,758,821,789,887,819,904,792
V,942,880,816,758,820,789,886,815,907,794
V,943,871,818,762,821,787,887,812,904,795
V,939,875,816,760,820,789,887,814,907,793
V,948,872,815,762,820,789,886,814,906,794
V,942,876,817,758,821,789,886,816,906,791
V,943,872,817,761,824,791,886,818,906,794
V,943,877,817,760,821,790,886,815,907,795
V,944,879,815,760,820,789,887,816,908,795
V,944,877,817,761,822,790,884,812,908,793
V,942,874,817,759,819,789,888,817,904,792
V,949,882,820,758,821,790,885,816,907,793
V,943,874,817,760,820,789,886,815,909,795
V,943,873,817,761,823,789,888,816,903,792
V,943,874,817,760,821,790,887,817,911,795
V,946,874,818,759,818,788,886,815,905,794
V,944,876,817,759,820,788,887,814,907,795
V,942,876,816,759,822,788,886,815,904,792
V,943,875,816,760,823,789,884,815,904,793
V,939,874,821,759,821,789,883,816,906,794
V,940,875,818,760,819,788,887,811,910,796
V,948,874,817,758,821,788,885,815,907,794
V,945,877,818,758,821,789,886,817,906,795
V,943,875,819,760,821,786,885,815,910,794
V,942,876,817,759,821,789,886,815,906,794
V,941,873,819,759,823,789,885,814,904,794
V,940,877,818,760,822,789,886,814,905,795
V,947,878,816,759,820,790,885,815,906,794
V,943,874,817,760,822,788,885,815,908,794
V,945,877,818,760,821,789,885,816,908,798
V,940,879,820,756,824,789,886,813,906,794
V,942,873,819,762,823,788,882,812,906,792
V,944,877,817,758,823,790,886,816,905,792
V,943,877,817,759,821,787,886,818,911,792
V,942,877,818,758,823,789,884,815,905,794
V,943,876,817,759,821,787,887,814,900,791
V,941,874,817,760,823,789,885,814,905,794
V,946,881,817,760,823,788,885,815,907,793
V,943,875,818,760,823,791,886,820,910,789
V,944,874,818,760,823,788,885,815,907,794
V,944,874,818,759,823,789,886,813,908,798
V,940,875,818,760,824,789,883,814,905,793
V,941,878,817,758,823,791,888,819,906,794
V,941,876,818,757,823,789,885,816,907,792
V,941,872,819,759,822,786,885,816,907,793
V,943,875,819,759,820,789,886,815,908,793
V,943,878,818,760,824,789,885,814,904,794
V,941,874,819,758,823,789,884,815,904,793
V,943,876,817,760,822,788,884,816,905,794
V,946,876,817,759,823,788,886,815,907,794
V,942,874,817,760,823,789,885,816,908,798
V,931,881,814,759,825,789,886,814,907,794
V,942,877,818,759,823,789,885,815,906,793
V,941,876,819,759,824,788,886,815,905,791
V,944,878,816,759,823,789,886,815,905,793
V,943,874,819,758,823,790,886,814,907,794
V,941,875,817,762,819,787,883,820,907,794
V,941,876,819,759,822,790,886,816,906,794
V,942,875,819,760,823,787,885,819,911,789
V,939,874,817,757,823,790,886,815,907,794
V,943,877,819,759,821,789,884,816,916,787
V,938,879,817,757,822,789,885,814,905,792
V,943,876,818,758,822,789,883,814,907,794
V,942,874,818,761,821,788,888,812,905,791
V,947,877,818,759,822,789,883,816,907,794
V,945,876,816,760,824,789,886,816,904,794
V,940,875,815,762,820,789,885,816,906,794
V,942,874,818,760,822,790,883,815,906,794
V,947,877,819,758,821,789,887,815,905,793
V,942,876,817,759,823,789,885,814,906,791
V,942,876,819,761,819,792,884,813,900,796
V,939,877,819,760,823,789,883,815,908,792
V,942,874,818,760,824,789,883,819,904,793
V,944,875,817,759,822,789,884,816,907,793
V,949,870,822,762,826,788,884,814,907,794
V,941,877,819,760,822,789,885,815,907,794
V,944,870,820,761,822,786,882,812,911,793
V,941,877,818,759,821,789,884,815,904,793
V,945,877,817,757,823,790,885,813,904,790
V,951,869,822,762,819,787,884,813,906,794
V,944,875,819,758,824,788,882,812,910,796
V,945,873,818,760,822,789,885,815,906,793
V,944,877,819,758,821,789,884,812,912,793
V,941,879,816,757,822,789,885,814,907,794
V,942,875,818,758,823,789,886,814,908,793
V,939,874,819,759,824,791,887,821,909,793
V,942,876,817,759,821,790,886,814,910,792
V,938,874,816,758,824,789,885,815,906,795
V,941,877,819,759,823,788,885,816,908,795
V,939,875,817,760,820,789,884,816,911,795
V,938,873,820,759,823,789,884,816,906,792
V,940,876,818,759,822,788,886,816,905,791
V,942,877,819,758,822,790,885,814,908,793
V,942,874,818,757,819,787,884,815,903,795
V,941,876,818,760,822,789,885,815,906,794
V,940,880,820,761,820,791,881,817,906,794
V,941,877,817,758,821,788,885,815,905,793
V,939,876,818,759,824,792,888,814,914,793
V,943,874,819,759,821,788,885,815,906,793
V,943,872,816,761,822,787,885,816,905,794
V,942,876,819,759,821,789,885,814,908,791
V,944,877,818,760,823,789,885,815,906,793
V,941,877,820,761,822,790,883,815,909,792
V,937,880,816,761,822,789,885,816,905,794
V,943,875,819,759,822,788,886,814,908,794
V,938,877,817,757,826,787,886,816,904,794
V,939,877,820,760,822,790,883,815,903,793
V,947,879,820,760,823,788,884,816,905,793
V,939,876,820,760,822,789,886,816,902,798
V,939,873,818,758,825,791,883,814,906,791
V,940,878,820,758,823,788,884,815,907,793
V,939,875,819,759,823,791,886,813,906,790
V,950,872,820,758,822,789,885,816,906,793
V,939,878,819,757,823,790,884,816,904,793
V,940,876,820,760,823,788,886,815,906,794
V,941,876,820,763,819,790,883,815,909,794
V,940,877,819,759,823,790,885,815,908,795
V,939,874,818,757,820,792,882,815,908,793
V,942,875,820,758,822,789,884,816,907,794
V,938,877,820,758,822,788,884,815,907,794
V,938,874,820,758,823,789,888,813,906,789
V,949,872,823,761,822,789,885,815,905,793
V,935,875,818,758,823,789,885,815,907,793
V,943,877,820,759,824,789,885,817,904,790
V,944,877,819,760,824,788,885,814,908,793
V,939,876,821,761,826,789,888,820,908,792
V,943,879,820,758,823,787,882,815,904,792
V,938,877,819,757,824,787,885,816,908,790
V,939,878,823,763,820,786,885,814,905,794
V,942,875,820,759,823,788,886,816,907,793
V,940,875,819,759,823,789,884,814,905,792
V,942,878,820,760,824,789,886,815,900,790
V,936,873,820,759,821,790,885,816,907,791
V,940,874,820,760,825,791,881,810,910,796
V,940,874,821,760,823,789,886,816,904,794
V,942,877,819,760,820,791,883,814,904,796
V,940,877,818,759,822,788,885,816,906,794
V,942,878,822,757,820,788,888,818,908,792
V,940,877,821,760,821,788,884,815,908,793
V,943,878,819,761,818,789,886,809,905,791
V,938,878,822,757,820,788,885,814,908,793
V,939,875,820,759,822,787,884,814,907,794
V,941,876,820,759,820,788,886,810,907,791
V,944,875,819,759,821,789,885,815,906,793
V,935,876,821,759,819,790,885,814,906,793
V,941,875,820,760,822,789,887,820,905,794
V,947,873,819,759,822,789,884,815,905,794
V,942,874,819,760,822,788,884,814,907,794
V,943,875,820,760,822,788,885,816,908,794
V,936,879,819,758,822,790,885,815,907,794
V,944,875,820,759,823,789,885,815,904,793
V,936,873,821,757,821,789,884,815,908,792
V,940,876,820,759,823,789,885,816,908,793
V,940,876,820,761,823,790,885,813,905,791
V,943,872,819,757,820,791,882,819,905,792
V,938,876,821,760,820,790,883,813,910,793
V,937,871,819,761,821,789,886,816,907,793
V,939,873,820,759,821,789,885,814,907,793
V,941,877,820,759,822,789,884,815,905,793
V,937,879,821,760,824,789,884,817,906,794
V,939,875,820,760,822,788,884,816,905,793
V,941,875,821,757,819,786,883,821,909,794
V,944,878,816,759,821,790,884,816,907,792
V,941,876,820,760,823,789,885,815,907,793
V,935,870,822,759,820,786,886,815,907,794
V,942,875,820,760,823,788,884,816,905,792
V,942,874,819,759,824,788,882,814,907,791
V,942,874,820,760,823,789,884,815,906,793
V,943,874,819,759,822,788,885,813,907,794
V,951,874,820,760,823,789,884,814,906,792
V,934,875,819,759,822,789,884,813,908,793
V,943,876,820,758,823,789,884,815,910,788
V,941,875,821,759,821,789,885,816,908,794
V,940,873,820,759,822,789,885,814,911,793
V,937,878,818,759,822,789,885,814,906,793
V,941,876,821,759,822,789,884,815,906,796
V,945,879,820,762,821,787,884,815,907,792
V,942,876,820,759,822,788,885,815,905,792
V,945,878,819,756,826,787,886,816,902,794
V,938,876,820,759,823,788,883,815,907,793
V,944,877,821,759,822,786,886,810,900,790
V,942,877,820,760,822,788,884,816,902,791
V,941,874,818,758,825,788,886,817,899,795
V,940,876,820,760,823,789,884,814,906,793
V,940,877,820,760,824,788,883,811,905,791
V,950,872,820,759,822,789,883,815,907,794
V,939,873,821,760,822,789,884,812,908,790
V,932,872,818,755,823,788,884,815,904,793
V,939,876,820,760,822,788,884,815,905,793
V,939,875,821,757,824,791,885,814,904,794
V,941,876,819,760,822,787,884,815,906,792
V,943,876,820,759,824,791,885,815,908,792
V,946,875,819,760,822,788,884,814,905,793
V,945,877,819,760,821,789,884,817,909,795
V,934,872,822,760,822,789,884,814,906,793
V,941,876,820,758,821,788,884,814,907,794
V,942,870,823,761,823,790,882,815,905,792
V,941,876,818,758,820,788,885,815,907,793
V,946,876,818,756,821,789,884,815,907,793
V,943,879,821,758,819,791,886,814,903,794
V,941,878,821,761,823,789,885,815,907,794
V,943,873,822,757,825,787,885,814,905,794
V,943,877,820,758,821,788,884,819,909,796
V,939,875,821,759,823,789,884,815,908,792
V,942,874,822,760,821,789,885,815,906,792
V,943,876,821,759,821,789,884,816,906,796
V,942,874,823,757,819,787,885,814,905,793
V,943,875,820,759,821,788,882,813,903,793
V,942,872,820,758,822,788,883,811,907,793
V,944,878,820,759,823,789,885,814,907,793
V,943,874,819,758,822,790,884,814,907,791
V,939,880,822,760,824,790,884,814,906,793
V,941,877,820,760,822,788,885,815,908,794
V,944,877,822,760,820,788,882,817,905,793
V,942,875,821,760,821,788,884,815,907,794
V,939,874,820,760,822,790,882,813,910,791
V,945,872,821,760,822,789,883,816,906,794
V,943,874,820,758,821,788,884,816,908,794
V,932,872,821,761,825,788,884,815,906,793
V,944,881,820,758,821,789,883,815,904,793
V,944,873,819,759,823,789,884,814,906,792
V,941,876,820,760,822,789,882,814,904,792
V,939,876,818,760,823,788,884,815,905,793
V,943,876,820,760,822,788,883,815,903,794
V,940,872,818,757,821,787,882,810,900,792
V,944,877,820,760,823,788,886,814,907,795
V,944,878,821,761,823,789,884,815,906,793
V,942,876,818,760,820,789,885,821,906,794
V,941,873,821,761,822,788,881,815,907,792
V,940,878,822,760,822,789,883,815,905,792
V,942,874,820,758,823,790,885,816,907,794
V,943,877,822,758,823,787,884,815,906,793
V,939,872,819,760,822,789,883,814,907,793
V,939,876,820,759,821,789,884,814,908,792
V,939,877,821,760,823,788,885,816,909,791
V,943,877,820,759,821,788,884,815,907,794
V,947,873,822,759,824,790,886,815,907,793
V,942,876,821,760,821,788,884,813,903,793
V,940,877,820,759,821,785,881,813,910,790
V,939,874,820,760,822,789,884,815,906,793
V,942,875,821,759,822,789,882,813,902,796
V,943,878,821,760,822,789,884,815,906,793
V,942,876,821,759,823,788,883,814,903,791
V,937,878,822,759,820,788,885,816,907,792
V,939,877,819,759,823,789,883,816,904,794
V,940,876,820,759,821,789,885,815,908,794
V,938,872,820,758,822,786,886,814,906,792
V,943,877,821,760,824,789,884,813,908,793
V,943,878,822,761,820,786,882,818,910,794
V,943,876,820,759,822,789,883,814,906,792
V,942,875,821,760,825,789,882,820,909,792
V,933,876,821,760,823,788,881,815,905,794
V,939,876,821,760,822,788,883,817,904,788
V,941,876,821,760,822,789,883,816,904,794
V,939,871,822,761,821,789,883,810,906,793
V,942,874,822,759,823,788,883,813,906,795
V,941,877,820,758,823,790,884,814,906,793
V,939,877,821,760,822,788,884,816,904,794
V,944,877,820,763,823,792,883,814,904,793
V,942,876,821,760,823,788,884,815,907,792
V,943,877,821,759,822,789,883,814,909,788
V,939,877,821,760,823,788,884,814,906,793
V,942,875,820,759,823,789,883,815,899,790
V,940,872,821,762,824,788,884,815,905,793
V,940,876,820,758,823,789,881,813,906,793
V,944,878,822,758,821,786,883,812,901,796
V,942,874,819,761,824,788,883,813,906,796
V,936,872,820,762,824,785,884,814,906,792
V,941,876,821,760,822,788,883,814,907,793
V,942,879,820,760,823,790,884,815,904,792
V,945,874,821,761,820,789,885,813,912,796
V,942,876,821,762,822,787,884,816,912,791
V,941,876,821,759,822,789,884,814,906,793
V,933,877,822,759,820,789,883,815,907,794
V,942,875,821,760,822,789,884,814,903,790
V,940,876,821,760,822,789,883,814,904,796
V,952,879,820,755,820,789,883,813,906,793
V,947,874,822,758,821,787,884,815,906,792
V,942,876,821,760,823,789,884,813,905,791
V,944,873,823,759,825,791,880,813,906,793
V,944,871,820,763,822,788,884,815,904,793
V,945,877,819,758,820,788,883,814,902,795
V,949,876,821,760,822,789,884,815,906,794
V,941,875,820,759,822,789,884,817,908,796
V,938,878,820,763,821,788,883,814,907,791
V,943,874,820,759,822,788,882,813,907,794
V,940,876,821,758,820,790,883,817,903,797
V,937,872,820,760,821,788,883,814,904,793
V,949,876,819,758,823,788,885,813,906,792
V,947,872,821,761,821,788,882,813,907,793
V,940,876,821,759,821,789,881,814,909,789
V,942,873,821,756,820,789,883,816,906,792
V,944,874,821,759,822,788,882,813,908,791
V,942,876,821,758,821,788,883,814,905,791
V,939,875,820,760,823,787,883,815,901,794
V,935,878,823,761,820,787,881,813,907,792
V,943,874,820,760,821,789,882,814,906,793
V,941,877,818,762,822,788,882,812,907,791
V,939,875,821,759,822,789,881,814,906,792
V,934,879,820,762,821,788,882,814,905,792
V,943,876,819,760,820,789,882,815,906,792
V,938,873,820,761,822,790,884,812,903,791
V,939,876,820,760,821,788,884,813,904,793
V,944,874,821,760,821,788,883,813,911,790
V,941,873,820,761,822,787,884,815,905,793
V,945,878,822,757,819,789,885,812,903,792
V,940,877,820,760,822,787,883,815,904,794
V,938,877,822,755,817,789,884,813,904,792
V,941,875,821,759,822,788,884,814,905,794
V,943,875,822,758,822,788,884,817,905,792
V,942,874,819,760,823,789,885,814,909,791
V,942,874,821,759,822,788,883,815,907,792
V,936,873,821,760,821,787,882,815,904,793
V,944,877,820,761,822,789,883,812,900,791
V,940,870,822,760,822,788,883,814,906,792
V,942,876,820,760,820,789,883,814,906,790
V,941,876,821,759,822,788,883,815,904,792
V,941,875,822,758,826,787,882,814,906,793
V,940,875,820,758,824,786,883,816,905,793
V,940,870,822,757,821,790,884,810,907,792
V,940,877,821,758,822,787,882,811,901,793
V,932,880,819,759,825,791,881,816,906,793
V,943,874,820,759,822,788,883,813,906,793
V,941,877,818,762,817,791,879,811,908,793
V,941,874,820,760,824,788,883,813,902,795
V,937,873,822,757,820,789,884,813,906,792
V,940,875,820,760,822,788,883,814,904,794
V,942,878,821,758,821,787,885,817,906,793
V,942,877,821,759,822,788,883,815,906,793
V,943,874,822,760,822,788,884,818,906,793
V,943,877,821,758,823,790,884,814,907,793
V,944,876,820,761,824,790,881,814,908,791
V,943,875,822,759,822,789,883,814,906,792
V,939,878,820,758,820,786,887,816,903,796
V,948,875,821,760,823,788,882,815,904,792
V,942,876,820,760,822,788,883,813,905,793
V,932,879,819,757,823,788,882,815,906,790
V,940,874,821,758,825,786,884,812,912,789
V,934,876,821,760,824,788,883,815,906,793
V,942,875,820,760,824,789,881,814,904,795
V,947,874,822,762,825,788,882,814,905,793
V,938,877,821,759,823,788,880,814,904,793
V,942,877,820,759,822,788,883,815,905,794
V,941,876,820,760,822,787,883,813,905,793
V,945,878,820,759,824,789,883,815,905,793
V,941,876,820,757,825,789,881,817,902,792
V,943,876,820,759,822,789,882,814,905,793
V,940,877,821,759,823,789,881,812,901,792
V,936,875,821,760,823,788,883,815,904,793
V,941,876,820,759,823,789,883,813,904,791
V,941,877,821,760,822,789,882,814,909,791
V,936,878,822,760,822,788,883,814,904,792
V,939,876,821,758,823,788,881,815,905,791
V,941,881,822,758,825,785,882,815,904,793
V,941,877,821,760,822,789,883,814,904,792
V,942,874,821,758,823,788,880,817,910,793
V,942,878,821,759,822,788,882,813,906,793
V,944,877,821,760,823,788,881,815,912,796
V,939,877,821,760,822,789,882,813,905,792
V,941,875,822,760,821,788,882,814,907,793
V,937,872,824,758,822,788,882,816,903,792
V,941,877,822,760,823,789,881,812,904,791
V,943,877,821,758,822,789,883,815,901,791
V,944,879,820,756,823,788,883,815,906,792
V,941,875,821,759,822,788,881,815,903,791
V,942,876,822,758,819,786,884,816,910,792
V,938,875,823,759,821,788,882,813,905,792
V,943,876,820,759,823,788,881,812,906,791
V,945,872,822,759,821,791,882,812,906,792
V,944,877,821,757,820,788,884,816,907,794
V,937,876,821,761,822,787,883,814,906,791
V,938,876,821,759,823,788,883,813,907,794
V,938,874,823,762,820,787,886,812,905,793
V,938,877,821,759,822,788,882,813,903,793
V,941,877,822,761,821,788,882,813,904,788
V,947,877,821,760,822,789,882,815,904,793
V,942,876,821,759,822,788,882,814,906,796
V,942,876,824,757,823,788,882,814,905,792
V,940,877,823,761,825,789,881,812,902,793
V,937,875,822,761,822,789,881,814,906,793
V,945,875,818,756,823,791,881,815,903,792
V,942,876,820,759,821,787,884,814,903,793
V,937,876,821,760,822,789,881,812,904,792
V,943,876,822,760,821,788,882,814,905,793
V,941,874,821,761,822,788,882,815,905,792
V,941,878,822,760,823,790,883,816,904,788
V,939,877,823,761,823,787,882,813,906,793
V,944,881,824,757,824,789,883,813,904,793
V,940,876,821,760,822,789,881,815,906,793
V,944,875,822,759,822,789,883,816,903,791
V,938,877,820,759,823,788,882,813,905,793
V,942,876,821,759,822,789,883,813,903,794
V,942,878,822,762,824,788,882,814,902,794
V,943,878,821,761,821,789,881,815,903,794
V,937,876,822,759,822,786,882,813,904,795
V,941,875,822,760,822,788,882,815,906,792
V,943,878,822,760,820,789,883,815,902,794
V,945,883,824,761,825,789,882,814,903,792
V,938,875,822,759,823,787,882,814,905,793
V,946,873,819,757,820,787,884,815,906,792
V,936,877,824,760,823,789,882,814,906,792
V,944,880,824,758,818,789,882,813,905,792
V,942,875,821,760,823,788,881,812,905,791
V,942,875,820,762,817,785,881,816,909,792
V,942,877,822,758,823,788,882,814,904,792
V,942,874,821,761,821,789,882,811,901,789
V,936,876,822,759,823,788,881,814,905,793
V,943,875,822,758,821,789,881,814,901,793
V,950,877,819,755,821,788,883,814,904,792
V,942,877,822,760,823,787,884,816,905,796
V,937,877,822,761,821,788,881,814,902,792
V,942,875,821,760,821,788,884,814,902,791
V,941,877,822,760,823,789,882,813,907,794
V,943,877,821,758,822,789,880,818,909,793
V,947,879,821,758,825,788,882,815,906,792
V,942,875,822,759,822,791,882,814,903,792
V,939,877,820,760,822,788,882,813,905,792
V,943,876,821,761,824,789,881,820,900,788
V,942,875,822,760,822,787,880,817,903,791
V,939,877,822,761,821,791,884,819,911,795
V,941,875,821,760,821,789,883,812,906,792
V,938,871,823,760,823,789,882,814,905,791
V,940,878,822,761,822,788,881,812,906,790
V,939,877,821,760,822,789,879,817,911,790
V,932,876,822,759,822,789,882,812,904,792
V,940,877,822,760,821,788,882,814,904,789
V,942,875,822,761,822,787,882,816,903,794
V,942,880,821,759,825,785,879,815,904,791
V,937,874,820,761,823,787,881,814,904,794
V,944,874,820,761,822,786,884,813,905,792
V,938,875,821,760,822,788,882,815,906,792
V,940,877,822,760,821,786,882,814,904,795
V,941,876,821,759,822,788,882,813,904,792
V,939,874,822,762,822,788,882,812,904,793
V,942,876,822,760,820,789,882,814,906,795
V,938,876,822,763,820,788,882,815,906,793
V,942,876,823,761,821,787,882,814,906,791
V,937,876,820,759,821,787,882,813,903,795
V,944,873,823,760,821,788,883,815,905,793
V,947,878,823,761,824,787,881,811,908,793
V,942,878,822,759,822,789,882,815,902,792
V,939,876,823,761,825,789,883,819,909,790
V,941,880,822,761,824,788,883,814,903,792
V,943,878,822,759,821,789,882,812,904,792
V,942,880,823,760,826,785,880,814,903,793
V,938,878,822,759,821,787,883,813,908,792
V,939,876,822,760,824,788,883,816,897,789
V,949,877,822,760,821,788,881,813,903,793
V,943,875,822,760,823,788,882,814,905,792
V,944,877,821,759,823,789,884,818,896,792
V,934,872,820,762,822,789,882,814,905,793
V,939,878,822,758,822,788,881,814,905,792
V,941,877,820,761,823,788,882,814,905,790
V,941,877,821,759,823,788,882,815,902,792
V,940,878,822,760,820,788,881,814,902,790
V,942,876,821,759,821,788,880,815,904,792
V,941,875,822,759,821,788,882,811,908,793
V,940,878,821,759,823,787,882,814,906,793
V,939,878,821,761,822,788,885,817,902,789
V,940,879,822,759,820,788,880,812,900,794
V,942,876,821,761,823,790,880,815,901,793
V,937,878,822,759,822,788,882,813,906,792
V,941,879,822,760,821,788,881,814,905,791
V,945,880,819,762,819,788,881,814,903,792
V,942,878,823,762,823,786,883,817,905,795
V,940,880,822,761,821,788,881,814,903,792
V,942,877,821,760,819,786,885,815,903,793
V,941,877,821,760,821,789,881,815,904,793
V,942,878,822,761,822,787,881,815,905,792
V,940,879,821,761,822,788,880,815,911,790
V,942,877,822,760,822,788,882,814,903,792
V,944,875,822,762,823,788,881,815,906,791
V,931,880,822,760,822,788,882,815,903,791
V,940,874,823,759,820,788,884,812,904,791
V,941,880,822,760,821,789,882,814,903,792
V,937,881,819,761,823,788,881,813,906,793
V,942,877,822,760,823,788,881,814,905,793
V,939,877,820,761,823,788,881,813,906,794
V,942,879,821,761,822,787,880,812,906,794
V,942,879,822,761,822,787,880,812,905,792
V,941,879,822,760,823,788,881,814,903,792
V,938,879,822,759,823,788,881,815,903,792
V,938,880,820,760,822,789,882,812,901,787
V,938,879,823,760,823,788,880,814,903,792
V,947,879,822,761,823,788,882,814,904,791
V,939,878,822,760,822,788,882,813,905,792
V,941,878,822,760,823,788,881,814,902,787
V,936,877,823,759,823,788,879,813,904,792
V,939,879,821,760,822,788,883,815,902,792
V,944,879,824,761,819,790,881,816,904,792
V,942,878,822,759,823,788,881,815,905,793
V,943,877,823,757,821,785,877,812,898,795
V,942,877,821,759,823,788,882,814,903,791
V,942,877,822,760,822,788,884,816,903,790
V,937,880,823,761,822,787,881,817,906,793
V,941,879,821,758,825,790,879,812,901,793
V,940,880,821,759,823,789,882,814,905,793
V,944,880,822,761,823,789,882,813,904,787
V,942,879,822,760,823,788,882,815,906,789
V,941,877,821,761,824,789,881,813,906,792
V,941,878,822,761,825,788,882,814,905,792
V,941,875,820,759,828,788,882,814,904,791
V,942,878,822,761,824,789,882,813,903,793
V,941,879,822,760,825,788,881,814,907,793
V,944,879,821,760,822,789,883,810,905,792
V,941,878,822,760,823,788,882,814,905,792
V,943,874,822,760,822,789,881,812,905,792
V,939,876,821,760,823,789,882,812,904,796
V,945,880,822,760,823,788,882,814,905,792
V,942,878,821,760,821,789,884,816,903,797
V,943,880,821,757,823,789,882,815,903,790
V,931,874,824,755,819,788,883,814,904,792
V,940,878,822,760,821,789,882,814,904,793
V,943,883,824,762,824,790,879,817,901,792
V,943,877,821,760,823,789,881,815,903,793
V,940,877,823,760,821,786,883,811,904,792
V,932,878,822,760,823,789,881,813,905,792
V,944,878,820,757,824,789,881,815,903,796
V,938,879,822,758,823,787,881,811,905,795
V,943,881,825,759,823,788,882,814,902,792
V,943,880,822,759,823,788,881,812,904,793
V,943,880,821,761,821,787,882,811,905,791
V,945,879,822,759,823,788,882,814,902,793
V,942,879,822,760,823,788,881,813,899,794
V,937,871,825,758,823,788,881,814,903,793
V,941,877,821,760,823,789,882,814,904,791
V,937,882,824,762,822,787,881,815,903,792
V,942,877,821,760,822,789,882,814,902,792
V,944,880,822,762,819,789,883,809,899,791
V,938,880,821,759,820,787,879,816,899,793
V,943,880,822,760,822,788,882,814,904,793
V,931,878,823,759,822,789,882,815,906,793
V,943,880,822,759,824,788,881,808,901,788
V,945,878,822,760,823,788,882,813,903,792
V,938,878,822,759,822,789,881,813,901,791
V,943,881,821,762,822,788,882,813,905,792
V,941,881,822,761,823,788,882,815,906,794
V,938,874,824,763,819,792,883,812,905,792
V,942,879,822,760,823,788,881,814,906,792
V,942,879,822,760,822,788,881,813,905,793
V,943,877,822,759,822,788,880,813,904,792
V,939,877,822,759,821,789,882,814,907,794
V,937,881,819,760,823,785,883,812,906,792
V,942,877,823,759,822,788,881,812,902,793
V,939,881,822,759,822,788,881,814,903,793
V,941,877,822,758,821,788,882,814,904,791
V,941,876,820,760,822,788,880,814,898,790
V,947,882,822,760,821,787,881,814,905,793
V,941,877,822,758,821,789,881,815,905,789
V,941,880,822,761,826,789,882,814,904,792
V,943,878,822,760,822,789,880,812,905,792
V,939,877,821,759,822,788,882,813,905,792
V,939,878,821,760,822,788,881,814,904,793
V,940,879,820,760,824,785,885,815,897,794
V,933,877,821,760,822,789,882,813,905,793
V,938,879,822,761,821,788,881,811,907,794
V,942,884,825,763,821,789,882,813,905,793
V,941,878,822,760,820,788,882,814,906,792
V,941,880,822,760,824,789,881,811,899,795
V,932,880,821,760,822,789,881,813,905,793
V,942,878,823,759,822,789,881,814,904,792
V,939,884,822,762,822,788,882,812,905,792
V,943,879,823,760,821,787,879,812,905,790
V,942,872,822,762,816,788,881,815,906,792
V,942,879,821,760,822,788,882,815,905,791
V,938,877,822,760,820,788,881,813,906,791
V,939,879,822,759,819,788,880,814,902,797
V,936,875,822,760,821,788,882,812,906,793
V,941,879,822,760,822,789,880,814,902,792
V,949,879,822,759,820,789,881,813,904,791
V,939,880,823,761,823,789,882,814,907,792
V,939,877,823,762,822,788,882,812,904,792
V,943,879,822,760,822,789,882,814,905,790
V,936,877,822,757,821,788,881,812,905,792
V,943,878,822,760,822,789,880,813,905,792
V,945,878,821,760,823,788,881,812,903,791
V,943,878,821,758,821,787,880,811,901,790
V,942,878,822,760,823,788,881,812,904,792
V,941,879,822,760,820,788,880,812,900,793
V,939,878,822,761,822,789,881,814,905,791
V,944,879,823,759,821,788,882,811,905,797
V,942,880,821,760,822,789,881,814,907,793
V,939,885,819,760,820,788,881,814,905,791
V,946,879,821,758,820,790,883,812,903,791
V,944,879,821,759,821,788,881,813,905,793
V,941,876,822,758,820,787,882,813,903,794
V,944,883,824,762,825,788,881,815,904,791
V,943,878,822,760,821,788,882,814,906,793
V,938,875,820,760,821,790,881,817,906,791
V,942,878,821,760,821,788,882,813,905,792
V,941,877,823,759,822,789,881,814,904,791
V,943,880,821,760,821,788,882,813,906,793
V,944,880,824,760,823,789,881,810,903,794
V,942,878,823,761,821,788,884,808,905,791
V,942,878,822,759,821,789,881,813,903,792
V,939,878,823,761,822,787,880,815,908,793
V,938,877,822,760,822,787,881,814,905,791
V,941,876,822,760,821,788,881,813,905,792
V,937,877,823,758,822,786,882,813,898,794
V,937,880,822,760,821,788,879,813,905,791
V,943,879,821,760,821,789,882,813,902,790
V,942,879,822,760,821,788,881,813,906,790
V,939,879,823,760,820,787,881,814,906,792
V,938,885,820,759,822,788,880,813,903,792
V,939,877,820,761,822,788,881,813,903,792
V,936,879,825,763,821,788,881,812,906,792
V,939,879,821,761,821,788,881,814,904,793
V,939,875,821,760,824,790,884,810,911,793
V,942,879,822,759,821,789,882,812,904,792
V,943,878,821,759,823,787,880,815,906,794
V,946,873,820,759,820,791,881,813,905,792
V,942,876,823,760,822,788,879,814,905,792
V,939,877,820,762,817,787,881,808,900,791
V,941,879,823,759,823,789,881,815,908,790
V,937,879,822,759,822,789,881,813,905,792
V,941,878,821,761,822,788,881,812,904,789
V,941,877,819,761,820,787,880,813,902,792
V,932,875,822,760,822,787,882,813,904,791
V,942,879,823,760,821,788,880,812,905,792
V,940,878,821,759,820,786,880,814,903,792
V,941,880,823,759,820,788,881,813,906,791
V,942,879,822,762,820,788,878,817,906,789
V,942,879,822,759,821,788,882,814,906,791
V,942,877,823,760,821,788,881,814,904,787
V,937,880,821,759,823,787,881,816,905,793
V,939,880,823,760,820,789,882,812,905,792
V,942,879,823,758,818,790,879,815,912,790
V,943,875,822,760,821,789,881,814,905,791
V,941,876,823,760,820,788,881,811,904,792
V,932,874,821,760,820,789,882,812,903,793
V,938,877,823,759,819,786,881,812,906,792
V,939,874,822,761,820,788,882,813,903,793
V,941,877,822,760,822,789,879,810,900,790
V,942,877,822,759,820,788,882,815,902,791
V,942,878,823,759,822,789,882,814,906,793
V,939,877,821,761,820,786,881,807,902,797
V,938,878,822,759,818,785,883,811,900,796
V,940,876,822,761,820,789,881,814,903,793
V,941,876,824,761,820,787,882,814,908,788
V,950,881,819,760,822,788,881,812,904,792
V,946,879,823,759,819,788,879,810,904,791
V,942,875,823,760,820,787,882,812,906,790
V,941,875,823,760,821,786,882,814,905,793
V,942,877,823,760,820,787,880,811,904,791
V,940,877,821,762,819,790,885,812,900,792
V,937,878,824,761,820,785,880,817,904,792
V,944,878,822,760,821,787,882,817,903,794
V,948,876,822,761,821,788,882,812,903,793
V,939,876,822,760,821,789,881,813,906,793
V,937,879,826,761,822,788,881,813,906,790
V,938,878,822,760,820,789,880,812,907,786
V,940,875,821,761,820,788,881,815,903,792
V,941,874,821,759,817,790,882,814,903,792
V,939,876,823,759,821,788,882,814,905,791
V,938,878,821,759,823,789,880,813,901,792
V,942,878,823,760,820,789,881,812,905,790
V,942,876,823,761,820,788,880,807,897,792
V,933,877,823,760,821,788,882,813,904,792
V,939,878,823,757,821,788,881,813,902,788
V,939,876,823,760,820,789,881,814,904,792
V,941,876,821,759,822,786,882,813,905,792
V,938,876,823,761,819,788,881,814,904,791
V,943,878,823,761,821,790,881,813,903,793
V,931,878,823,759,820,788,881,813,904,791
V,933,878,823,762,821,788,882,812,903,793
V,937,870,824,763,819,787,882,813,905,792
V,942,876,823,760,820,788,882,812,903,792
V,937,876,820,760,819,786,878,812,905,791
V,942,876,823,759,820,788,881,814,905,792
V,943,875,823,763,819,788,881,811,901,791
V,940,877,823,759,820,787,881,813,905,792
V,941,876,823,761,821,788,880,814,905,790
V,940,877,823,760,820,786,882,816,905,795
V,939,878,824,759,821,788,882,813,905,792
V,941,876,823,760,821,788,882,812,905,788
V,936,879,820,761,821,787,881,813,905,792
V,938,874,823,760,822,789,881,813,904,792
V,936,883,821,757,825,785,884,812,906,793
V,945,875,821,763,826,786,882,813,903,792
V,938,875,823,759,820,788,881,814,904,793
V,942,878,822,761,822,788,880,818,908,791
V,941,878,822,760,821,788,882,812,903,792
V,941,877,823,759,822,788,880,810,906,789
V,941,878,823,761,822,788,881,815,905,792
V,939,877,823,760,821,787,881,814,905,793
V,942,876,823,760,820,789,881,815,898,790
V,935,876,824,760,822,788,881,812,903,791
V,938,877,821,760,821,788,881,812,906,792
V,939,877,823,759,822,788,881,814,901,790
V,943,875,823,761,821,788,880,812,903,791
V,939,878,821,758,819,789,881,818,912,790
V,939,876,822,759,820,787,881,813,906,792
V,937,872,822,760,819,790,880,811,904,791
V,939,877,823,760,821,788,880,812,904,792
V,941,880,822,759,822,788,881,814,905,793
V,943,877,822,760,821,788,881,813,905,792
V,940,870,822,759,820,787,882,812,902,793
V,939,877,822,759,821,789,882,814,905,792
V,943,878,822,759,822,788,879,813,900,792
V,940,876,822,761,820,788,880,814,909,791
V,940,879,820,762,821,788,882,812,904,792
V,940,877,823,760,822,787,882,813,906,791
V,937,877,823,757,817,785,879,815,905,792
V,937,877,824,761,821,790,883,810,908,789
V,939,876,822,761,821,788,881,813,905,792
V,939,876,822,760,822,786,879,811,903,791
V,940,875,823,760,822,788,879,814,906,790
V,940,872,823,759,822,789,880,814,903,793
V,942,878,823,760,822,789,882,814,905,792
V,932,876,823,760,822,788,881,813,905,792
V,938,875,823,759,821,789,882,811,902,790
V,950,882,822,764,820,789,881,812,906,793
V,942,876,823,760,822,789,882,812,905,792
V,940,879,822,762,820,787,882,817,906,792
V,942,877,823,761,820,788,881,813,906,791
V,942,874,822,761,823,789,883,814,898,791
V,939,875,823,760,822,788,881,814,904,793
V,940,876,823,760,821,788,881,812,904,793
V,943,877,823,761,820,789,881,816,900,788
V,943,874,822,760,821,789,883,816,909,793
V,942,877,822,759,820,786,880,813,902,790
V,945,880,825,758,823,787,881,815,904,792
V,942,875,824,759,822,789,881,811,901,793
V,943,875,822,761,821,787,882,812,905,792
V,942,879,825,760,821,789,882,814,907,790
V,940,877,823,760,821,787,881,812,906,793
V,942,877,823,761,821,787,880,817,900,795
V,942,874,822,759,820,790,880,812,903,791
V,942,877,822,760,821,788,881,811,903,792
V,940,876,822,759,819,787,882,814,903,791
V,944,878,824,761,822,788,882,815,909,792
V,948,875,822,759,821,788,881,813,906,792
V,942,876,824,760,821,786,882,815,904,793
V,943,877,823,760,820,787,882,809,903,793
V,942,876,823,761,822,789,879,814,905,792
V,942,877,822,760,819,787,882,811,899,791
V,939,875,822,761,823,788,882,814,906,793
V,937,874,824,762,823,787,879,815,907,793
V,943,876,823,761,821,788,881,814,903,796
V,942,880,822,760,818,788,881,813,905,792
V,939,876,823,759,822,788,881,813,905,791
V,939,874,822,761,825,791,882,814,901,793
V,943,878,824,760,818,787,881,814,905,792
V,943,879,823,759,821,787,881,816,908,791
V,943,876,823,761,824,791,879,812,904,796
V,937,878,823,759,820,788,882,813,902,796
V,942,873,823,761,822,790,878,810,902,792
V,938,875,823,760,821,787,880,810,906,787
V,933,874,823,760,821,788,881,813,906,791
V,942,877,823,760,821,789,881,813,900,793
V,942,875,823,759,821,788,878,813,902,790
V,943,880,824,762,822,787,880,813,898,792
V,940,877,823,761,822,786,881,813,904,792
V,944,874,824,761,820,790,880,810,902,792
V,941,878,823,760,821,789,881,811,905,792
V,936,879,824,760,821,788,882,814,904,792
V,941,876,823,761,821,788,882,814,906,792
V,938,881,825,763,820,788,882,814,905,792
V,939,877,824,762,821,788,882,813,906,791
V,937,873,823,761,820,789,881,814,906,791
V,943,875,823,761,821,789,881,814,901,796
V,939,877,820,759,822,788,881,813,905,791
V,939,876,824,760,819,788,882,813,904,792
V,941,873,822,758,821,789,884,813,904,792
V,942,878,824,762,821,787,882,813,904,792
V,943,879,823,762,820,788,880,813,899,788
V,941,877,823,761,821,788,881,812,905,791
V,939,875,823,761,820,788,880,813,903,790
V,941,875,823,761,820,788,882,813,899,789
V,937,875,823,762,820,789,881,813,905,794
V,941,875,823,760,822,788,882,813,910,794
V,943,881,825,762,821,788,881,814,904,791
V,940,875,823,760,821,789,881,814,903,792
V,940,875,823,758,821,788,884,812,906,791
V,942,876,824,761,820,788,881,814,903,792
V,941,877,822,761,821,787,881,816,908,790
V,943,876,823,761,821,788,881,813,905,792
V,941,875,821,759,820,788,880,813,904,792
V,944,877,823,761,821,789,880,808,906,796
V,939,877,823,761,824,787,879,814,901,794
V,943,878,823,759,821,789,881,814,906,793
V,943,875,824,760,821,787,881,814,907,794
V,947,872,824,758,821,787,881,814,905,791
V,942,878,823,760,821,787,880,812,903,791
V,944,875,822,763,825,791,881,811,905,792
V,939,875,823,761,821,789,881,813,904,792
V,942,874,824,761,822,788,881,813,905,791
V,943,877,826,760,823,789,881,817,903,792
V,942,875,823,761,820,789,881,812,905,790
V,938,877,823,761,820,786,879,819,906,790
V,940,875,824,761,820,787,881,813,906,787
V,937,874,824,761,820,787,879,813,901,793
V,942,875,823,760,821,788,882,812,905,792
V,944,874,822,759,820,789,882,813,906,792
V,942,873,822,759,819,788,883,817,904,791
V,941,876,824,760,820,788,881,813,906,792
V,938,874,823,762,822,788,880,813,907,791
V,946,878,824,758,822,788,879,813,905,792
V,937,875,822,761,823,789,883,815,905,794
V,941,875,826,761,820,789,881,817,905,792
V,941,875,823,762,821,790,883,815,900,790
V,941,878,823,759,821,787,880,813,905,791
V,943,878,824,763,821,790,884,811,901,788
V,942,874,823,761,820,789,880,813,906,793
V,942,877,823,761,821,788,878,812,906,796
V,941,883,824,760,821,788,881,813,905,792
V,939,878,823,760,821,788,880,813,904,792
V,936,873,822,759,821,787,881,814,907,792
V,940,878,823,759,821,789,881,815,905,793
V,941,873,824,760,819,789,883,817,902,792
V,936,875,822,758,822,789,882,814,903,791
V,940,875,824,760,822,788,881,812,905,791
V,935,877,823,761,821,789,881,812,906,792
V,941,876,823,761,822,788,881,812,904,792
V,939,876,824,761,820,791,881,812,903,789
V,941,877,823,761,820,788,881,813,905,791
V,939,876,823,761,820,788,880,813,902,790
V,937,881,825,763,818,788,880,814,906,792
V,937,878,824,761,820,789,881,813,905,791
V,936,875,821,761,820,790,880,816,906,789
V,939,878,823,760,821,788,880,812,906,793
V,938,874,822,759,820,790,879,813,908,793
V,938,876,824,762,821,787,881,814,903,793
V,942,877,823,760,821,788,881,813,903,789
V,939,880,821,760,821,788,881,813,903,791
V,939,876,823,760,822,787,882,812,901,796
V,939,876,823,761,821,788,881,814,904,792
V,940,877,823,761,822,789,880,816,907,795
V,939,878,824,760,822,788,880,813,906,791
V,938,874,824,761,821,788,881,814,904,793
V,941,878,823,761,822,788,881,813,905,793
V,933,879,825,761,822,790,881,814,904,791
V,939,876,824,760,821,788,880,811,905,793
V,941,877,822,761,818,786,881,818,907,792
V,942,877,824,760,820,788,880,814,905,792
V,936,881,824,761,821,788,881,813,905,792
V,938,877,824,759,821,788,882,812,904,792
V,942,876,822,761,821,788,881,811,903,794
V,934,876,824,761,820,788,881,814,905,792
V,942,874,824,761,823,788,880,811,905,793
V,939,877,823,761,820,788,881,814,905,793
V,941,877,821,760,822,788,880,813,902,791
V,939,871,821,757,823,788,881,813,905,792
V,940,879,825,761,824,789,883,812,901,791
V,941,872,822,762,821,789,881,812,905,791
V,942,878,824,760,821,790,879,817,910,793
V,941,875,824,761,824,787,881,812,905,792
V,936,876,824,761,822,788,881,814,905,792
V,939,874,823,761,824,789,882,812,907,794
V,936,876,822,759,822,787,880,814,904,792
V,941,874,823,762,823,790,880,812,897,794
V,934,873,823,761,821,788,881,813,903,793
V,942,875,822,761,823,787,880,812,909,790
V,941,875,823,762,823,787,882,812,906,791
V,941,878,823,761,821,790,881,812,908,788
V,941,877,824,761,822,789,882,815,903,792
V,942,876,822,761,820,787,882,814,902,791
V,943,876,824,761,824,787,880,811,906,789
V,943,875,824,760,822,789,880,813,905,792
V,938,877,823,762,823,788,881,811,908,788
V,933,874,826,762,823,788,881,812,904,791
V,942,877,824,760,822,788,879,814,903,791
V,937,874,824,760,821,791,882,816,908,796
V,938,875,824,761,823,789,881,814,904,791
V,942,876,822,760,823,788,880,813,908,792
V,935,875,823,759,822,788,880,813,905,792
V,939,877,824,761,822,789,882,813,905,793
V,944,874,824,762,823,789,879,813,906,793
V,941,876,824,761,822,789,881,813,905,792
V,940,878,823,761,822,787,880,814,911,793
V,941,876,823,761,822,788,881,814,905,792
V,941,876,824,761,822,788,881,812,905,791
V,942,877,823,761,821,790,879,809,898,793
V,942,877,823,761,820,786,883,812,908,796
V,938,878,823,759,823,789,880,811,908,792
V,937,878,820,760,819,787,881,813,903,792
V,939,877,824,761,818,787,881,813,904,793
V,936,879,821,757,821,789,878,815,905,792
V,939,876,824,761,821,789,881,813,903,792
V,941,876,822,761,821,790,884,815,900,794
V,941,877,824,761,821,789,881,812,905,790
V,943,876,824,759,821,788,880,813,902,790
V,940,876,824,762,822,789,882,814,898,788
V,950,881,824,761,822,787,880,813,905,791
V,942,878,824,762,820,788,880,813,904,790
V,939,877,823,760,821,788,880,812,905,793
V,943,878,823,761,821,788,883,811,908,790
V,941,875,823,762,822,788,880,812,902,791
V,942,875,823,761,823,790,883,809,903,792
V,941,875,824,761,821,788,881,814,905,796
V,944,874,825,762,823,788,882,813,904,792
V,938,877,824,761,822,788,882,815,902,792
V,942,878,824,761,820,788,881,813,903,790
V,941,877,824,761,821,788,880,814,905,793
V,942,876,824,760,822,788,880,812,900,795
V,940,876,823,760,821,787,881,814,904,792
V,937,878,823,761,821,788,882,809,906,793
V,941,877,823,761,822,788,881,813,905,791
V,945,879,822,760,824,790,880,814,903,792
V,943,877,823,760,822,788,881,813,906,791
V,942,879,826,764,825,788,879,817,906,792
V,941,877,823,762,821,788,880,814,903,792
V,940,877,823,762,818,789,880,812,902,795
V,942,876,823,761,820,788,880,812,903,792
V,937,875,822,760,821,788,880,813,904,790
V,942,879,824,762,822,788,879,813,902,793
V,937,876,823,759,822,787,879,816,904,792
V,951,874,822,761,821,788,881,814,903,792
V,939,875,824,760,821,788,881,814,904,788
V,939,875,824,761,822,787,880,812,909,794
V,944,875,825,761,819,788,881,813,903,793
V,942,873,826,760,821,788,880,813,905,791
V,944,879,822,760,824,789,880,817,904,792
V,938,876,823,760,822,788,880,813,904,791
V,940,878,824,760,821,786,880,811,901,788
V,942,876,824,760,820,788,881,814,904,791
V,939,878,824,760,821,788,881,814,906,793
V,941,874,824,757,820,786,883,814,907,792
V,940,877,823,761,822,788,881,814,903,792
V,946,882,824,759,821,788,881,813,902,791
V,942,875,823,762,820,788,882,812,902,789
V,936,880,820,757,820,788,881,813,904,791
V,936,878,824,761,822,788,880,812,905,791
V,938,877,822,759,822,788,882,811,908,789
V,948,874,825,759,821,788,880,812,906,792
V,937,876,822,759,820,787,881,815,906,791
V,941,877,822,762,822,788,880,811,905,791
V,941,878,824,762,824,790,880,812,903,792
V,947,878,824,763,824,787,882,813,903,790
V,941,877,822,759,824,788,882,816,908,789
V,940,875,824,761,822,788,881,813,904,792
V,941,877,823,759,822,787,882,812,905,791
V,940,874,824,760,822,786,883,814,907,794
V,939,875,824,762,822,787,879,811,905,794
V,940,875,824,760,822,788,880,812,902,792
V,948,875,825,763,819,789,880,814,904,791
V,940,877,824,761,822,789,881,814,905,791
V,939,875,824,761,821,789,880,812,906,791
V,937,877,822,760,822,789,881,813,905,792
V,941,878,825,763,825,789,881,814,906,793
V,941,875,823,760,821,788,881,813,905,792
V,935,872,822,761,817,789,880,814,903,792
V,938,875,823,760,823,788,880,813,907,791
V,933,876,824,760,820,788,879,814,903,792
V,942,877,823,760,820,788,880,811,902,791
