M,922,903,918,832,879,825,874,839,911,812
M,922,905,918,833,878,824,873,838,911,811
M,919,907,918,832,880,826,872,839,913,810
M,921,904,920,831,877,826,874,837,912,811
M,928,907,917,834,879,826,873,839,911,810
M,926,905,918,832,878,826,873,838,912,810
M,929,907,918,834,878,825,873,839,910,810
M,922,907,919,832,878,825,872,838,913,811
M,927,904,919,833,879,825,873,838,914,809
M,922,904,917,833,879,825,873,838,912,811
M,924,903,920,834,877,825,874,838,911,807
M,931,902,918,832,876,825,873,838,909,811
M,926,904,919,834,877,824,873,836,911,810
M,924,903,919,833,875,824,875,837,908,810
M,921,907,919,833,878,824,874,837,913,810
M,926,908,920,830,878,825,872,837,912,812
M,921,903,917,832,878,825,873,837,911,809
M,928,906,919,834,877,826,873,837,913,812
M,910,902,919,832,877,826,873,838,912,811
M,922,903,918,833,878,824,872,836,912,810
M,920,902,919,833,878,826,871,836,910,812
M,927,905,919,831,878,825,872,835,913,810
M,918,903,917,832,877,825,873,837,911,811
M,928,905,917,831,876,825,873,837,913,809
M,921,903,916,831,876,823,874,839,912,811
M,923,903,919,833,879,823,874,839,913,809
M,919,903,918,831,877,826,874,838,912,811
M,928,901,919,832,878,824,871,836,910,810
M,929,905,919,832,878,825,872,839,914,809
M,923,902,919,833,878,825,873,838,912,811
M,932,906,919,831,878,825,874,836,910,811
M,925,903,918,832,878,825,874,837,913,810
M,930,902,919,834,876,824,871,836,912,810
M,924,904,918,833,878,823,873,837,910,810
M,925,902,917,833,877,826,873,837,913,810
M,925,905,917,832,880,826,873,838,909,810
M,928,904,918,833,877,826,873,837,910,811
M,922,905,920,831,878,825,872,837,907,809
M,928,903,919,833,877,825,872,836,912,810
M,918,902,917,833,876,826,873,840,913,812
M,926,903,919,832,878,824,871,837,914,811
M,926,902,919,834,877,825,873,837,912,811
M,922,901,919,834,879,825,874,839,910,811
M,927,902,917,832,878,826,873,837,912,812
M,922,902,920,833,878,825,873,837,912,811
M,922,901,920,834,879,825,873,836,911,812
M,931,908,920,832,878,825,873,836,912,810
M,922,907,920,833,878,826,872,838,912,809
M,925,906,920,832,876,825,872,835,916,810
M,924,906,918,833,878,825,871,836,911,809
M,929,904,920,833,877,825,872,835,908,808
M,921,900,918,832,877,826,872,836,912,809
M,930,905,920,833,879,825,873,837,914,812
M,927,905,919,833,878,826,873,837,911,811
M,931,900,917,833,877,826,873,837,912,810
M,927,900,920,833,878,824,873,837,913,809
M,915,908,917,833,879,824,873,837,910,809
M,928,907,919,833,878,825,873,838,910,809
M,928,906,917,831,880,826,874,839,911,811
M,916,902,917,832,879,825,871,837,910,810
M,928,905,919,833,878,824,873,836,910,808
M,921,907,917,830,879,825,872,837,913,809
M,926,906,917,832,876,826,872,837,912,809
M,922,906,919,831,877,825,873,837,910,810
M,928,906,919,833,879,825,873,838,912,810
M,931,904,918,833,877,826,873,838,912,811
M,923,904,919,831,877,824,872,839,913,808
M,923,906,919,832,876,826,873,836,911,811
M,923,905,919,831,876,825,873,839,909,808
M,928,906,919,835,879,825,874,838,912,811
M,926,904,918,833,876,826,873,836,911,810
M,922,903,918,831,877,825,873,839,912,809
M,926,903,918,832,878,825,872,838,911,811
M,920,901,919,831,877,823,871,835,911,808
M,938,902,919,833,879,826,873,837,911,807
M,922,905,919,834,880,826,874,839,911,809
M,925,902,919,833,879,825,872,838,912,810
M,917,903,917,833,879,826,871,838,913,811
M,919,898,921,831,877,825,874,837,912,810
M,924,900,918,833,877,824,874,836,910,810
M,927,904,918,833,877,824,873,837,912,810
M,922,906,920,834,879,826,873,837,913,811
M,926,907,919,832,878,824,872,838,913,811
M,926,900,917,835,876,825,872,835,911,809
M,924,903,918,833,878,825,873,838,914,810
M,928,902,919,831,877,825,872,837,910,810
M,924,904,918,833,879,826,872,839,909,810
M,922,905,918,833,877,826,874,838,910,812
M,930,907,920,832,878,825,873,839,909,809
M,923,902,917,832,876,824,873,836,913,811
M,918,905,918,833,878,826,873,836,909,810
M,925,903,918,832,879,825,874,838,911,810
M,922,902,917,834,880,825,873,837,912,811
M,928,905,919,832,879,825,873,837,911,809
M,930,905,920,834,879,824,874,835,911,810
M,928,901,917,834,878,826,873,835,911,808
M,921,904,918,834,878,825,874,840,909,810
M,926,902,918,832,879,826,874,837,912,811
M,923,901,917,831,877,825,872,836,911,809
M,935,903,917,831,879,825,874,837,910,810
M,927,903,920,832,876,824,872,838,912,811
M,924,903,917,834,877,826,873,836,911,808
M,926,904,918,831,878,825,873,838,913,812
M,920,907,917,832,877,824,872,838,910,810
M,927,901,917,833,877,826,873,836,912,810
M,927,902,916,831,879,825,873,836,909,810
M,925,900,919,834,879,824,872,837,910,811
M,924,904,919,833,876,824,873,838,912,811
M,923,904,920,832,879,825,874,837,911,811
M,918,901,918,830,876,826,874,836,911,809
M,930,900,918,831,879,825,873,835,913,811
M,926,905,919,832,879,825,872,835,909,809
M,926,908,918,830,878,823,872,836,909,810
M,920,907,919,834,876,825,874,837,912,811
M,922,906,916,832,878,824,873,839,909,808
M,927,902,918,832,877,825,874,838,912,809
M,920,908,917,831,880,824,872,838,913,810
M,923,901,916,832,881,826,872,839,911,813
M,926,900,917,832,878,824,872,837,911,809
M,926,904,917,833,878,825,873,836,913,811
M,919,903,917,832,878,823,873,839,911,811
M,927,906,918,833,879,824,873,836,911,811
M,920,905,918,831,878,824,874,837,913,812
M,927,905,919,833,876,824,872,836,911,810
M,924,895,917,831,879,826,872,835,912,810
M,927,900,918,832,879,825,874,838,912,811
M,925,904,915,832,877,824,872,839,911,811
M,927,901,918,830,878,824,871,837,910,810
M,919,905,917,832,879,826,873,838,911,809
M,919,907,918,832,879,824,873,837,909,811
M,917,902,915,834,879,824,872,837,913,811
M,920,901,917,831,877,825,873,837,912,811
M,925,903,918,833,878,824,874,839,913,809
M,924,901,918,833,878,825,873,837,912,810
M,923,905,918,834,877,824,873,836,913,809
M,924,902,917,832,878,825,873,837,909,809
M,930,900,918,832,878,824,872,837,908,809
M,921,904,922,833,880,824,872,838,908,809
M,927,904,918,833,877,825,872,838,910,809
M,919,903,918,832,878,825,873,838,911,811
M,927,904,918,833,879,826,872,837,908,808
M,927,901,918,831,880,823,874,835,909,810
M,923,902,918,831,879,826,874,838,911,809
M,927,900,915,832,878,825,873,836,911,809
M,933,903,917,833,879,824,872,836,910,810
M,918,897,918,830,878,824,873,834,913,812
M,922,905,917,832,880,823,872,837,913,807
M,927,901,917,833,877,825,873,836,911,809
M,928,902,916,831,879,825,872,838,913,810
M,932,900,918,831,879,824,873,836,912,811
M,925,901,917,835,880,823,874,836,908,809
M,920,904,916,831,879,825,873,838,911,810
M,925,902,916,831,878,824,873,837,910,810
M,931,902,915,834,879,824,874,838,909,809
M,923,903,918,833,878,824,874,837,911,809
M,929,902,919,832,875,826,873,836,913,810
M,922,904,917,832,878,824,874,837,907,809
M,925,903,918,831,879,825,873,839,911,812
M,922,903,919,832,878,826,872,837,912,809
M,922,905,918,832,878,824,873,837,913,812
M,918,901,916,832,879,826,872,836,911,810
M,924,900,915,831,879,825,873,837,912,810
M,926,902,917,831,878,825,872,838,911,811
M,926,901,917,832,879,825,871,837,909,811
M,927,904,918,833,877,824,873,838,911,810
M,922,902,917,831,877,825,873,839,911,810
M,924,903,914,833,879,823,871,836,914,810
M,929,906,917,830,876,825,871,838,913,811
M,920,904,917,831,877,824,872,838,911,809
M,926,903,916,832,878,825,874,836,908,812
M,916,899,916,831,878,825,872,837,911,810
M,924,903,918,832,879,825,874,836,914,811
M,926,905,918,833,879,826,873,835,909,810
M,923,905,916,833,877,824,872,836,913,809
M,919,903,917,831,878,824,873,837,911,809
M,924,904,917,831,878,824,872,837,911,810
M,925,902,918,833,878,825,872,838,911,810
M,929,904,916,832,878,825,873,835,913,810
M,924,906,917,832,878,824,872,836,910,810
M,928,901,917,831,875,826,872,838,913,810
M,926,905,916,832,879,824,874,836,911,811
M,921,901,918,830,876,825,872,837,908,812
M,922,908,918,831,878,825,873,838,912,810
M,920,902,918,832,879,823,873,839,910,810
M,931,902,917,832,877,825,873,837,910,809
M,926,903,917,834,877,823,874,839,912,810
M,916,904,916,831,877,825,872,839,909,809
M,917,903,918,831,878,824,874,837,911,809
M,928,899,918,831,878,826,874,838,915,809
M,923,903,917,831,880,825,873,836,914,811
M,925,905,918,833,879,825,872,837,910,810
M,928,904,915,832,876,825,874,839,912,812
M,919,903,917,831,875,826,872,838,911,810
M,926,903,916,833,876,826,873,837,911,810
M,920,906,916,831,877,825,873,838,910,809
M,919,900,915,830,875,824,874,838,911,811
M,920,903,917,833,879,823,871,835,913,810
M,922,904,918,831,878,824,874,838,910,809
M,928,904,917,831,877,824,874,837,909,810
M,920,903,917,833,877,824,873,838,907,810
M,921,905,918,830,877,825,873,836,915,809
M,926,904,918,832,878,825,871,839,906,812
M,926,902,918,831,878,826,873,837,908,811
M,923,901,917,830,879,824,873,836,910,811
M,922,900,917,833,878,825,873,838,909,809
M,923,904,917,832,876,825,873,838,908,810
M,918,904,916,831,881,825,873,837,912,811
M,926,901,918,831,882,824,873,837,912,809
M,923,906,916,831,879,825,873,835,912,810
M,929,899,918,831,878,826,874,837,910,811
M,922,904,917,832,877,823,873,837,912,813
M,921,900,917,831,877,824,873,837,912,809
M,919,902,918,833,878,824,872,836,913,808
M,923,900,917,832,878,825,873,837,912,810
M,926,906,917,833,876,826,873,836,913,809
M,920,902,916,831,877,824,874,837,912,811
M,931,902,916,831,878,824,872,838,912,810
M,924,904,918,833,877,825,873,838,910,812
M,929,903,916,831,877,825,873,836,908,809
M,922,901,916,830,875,825,874,837,912,809
M,927,900,917,831,875,824,873,837,909,810
M,918,897,917,832,879,825,874,836,910,811
M,929,904,917,830,876,825,873,837,912,810
M,924,900,917,832,875,824,872,837,909,809
M,925,903,916,831,876,825,874,838,911,811
M,919,904,919,832,875,825,873,835,912,810
M,929,903,917,831,877,824,873,838,912,810
M,922,904,916,831,877,826,872,836,911,809
M,925,901,918,831,878,825,872,836,909,811
M,917,904,918,830,876,826,872,836,910,812
M,922,903,917,831,877,824,872,837,911,809
M,916,902,918,831,880,825,874,837,912,811
M,921,904,918,832,880,824,872,838,911,810
M,923,900,915,832,879,824,873,836,911,810
M,923,901,916,831,878,824,873,838,909,809
M,922,902,917,831,878,825,873,836,910,810
M,925,903,916,830,878,824,873,837,912,811
M,921,904,918,830,879,824,872,839,909,810
M,921,901,917,831,877,824,872,837,909,811
M,920,904,917,832,877,826,872,837,910,811
M,925,901,917,831,877,824,873,838,912,810
M,920,904,917,832,878,824,872,837,911,811
M,920,904,918,831,878,825,872,837,913,809
M,930,899,917,832,876,824,873,838,910,810
M,918,904,917,833,879,825,872,836,913,809
M,922,904,918,832,878,825,872,838,909,812
M,925,905,916,830,878,826,873,837,910,811
M,929,905,917,831,879,823,873,836,911,810
M,926,901,916,831,877,825,872,836,909,809
M,926,903,917,831,877,824,873,838,911,809
M,925,900,917,832,878,827,872,836,910,811
M,924,902,916,832,878,824,872,837,912,808
M,925,902,915,832,878,825,873,837,911,810
M,921,901,918,830,877,825,873,837,912,810
M,924,900,917,831,876,823,873,838,911,811
M,926,902,917,832,877,824,872,838,911,810
M,927,901,918,830,877,824,873,836,911,811
M,928,900,917,832,876,824,874,836,910,811
M,923,904,917,831,877,826,874,837,909,811
M,922,905,918,830,877,825,873,840,911,813
M,923,901,918,831,879,824,873,836,911,810
M,919,905,917,831,876,826,873,837,908,809
M,922,902,918,831,878,826,874,835,908,810
M,925,899,916,830,877,826,874,837,912,810
M,920,900,916,831,878,824,873,838,912,810
M,923,900,918,830,879,824,872,836,913,811
M,925,903,916,831,879,825,872,839,911,812
M,931,902,918,830,879,826,871,835,913,811
M,924,900,916,832,878,825,872,837,908,812
M,920,905,918,830,877,825,873,838,911,810
M,927,904,917,830,878,823,871,840,910,811
M,926,905,915,831,878,824,872,839,910,810
M,921,904,918,831,878,825,873,838,910,815
M,923,903,917,832,879,825,872,837,912,810
M,926,903,917,831,877,824,873,835,913,810
M,925,901,917,830,877,824,872,836,913,810
M,915,901,916,830,876,824,872,836,912,810
M,922,903,917,831,876,823,871,835,912,809
M,924,903,916,832,877,823,873,836,910,812
M,927,904,917,832,877,826,873,838,908,810
M,921,905,918,832,879,825,872,836,910,810
M,921,903,917,832,877,824,873,837,912,812
M,929,902,916,830,877,824,872,836,914,813
M,930,904,915,832,876,825,872,837,909,811
M,922,903,917,830,878,825,872,837,910,810
M,925,905,918,832,878,826,873,838,910,810
M,918,905,916,831,877,826,873,837,907,810
M,921,902,918,830,877,824,874,839,911,811
M,924,905,916,832,877,825,874,835,910,813
M,916,901,914,830,878,826,874,837,911,812
M,922,903,917,832,876,826,873,837,912,812
M,918,901,916,830,878,825,874,838,909,809
M,924,901,917,830,877,825,873,837,912,812
M,922,904,916,832,878,825,874,836,910,811
M,925,904,918,830,877,825,871,837,909,810
M,921,900,916,829,878,823,872,838,912,809
M,922,902,915,827,879,825,872,836,910,811
M,918,901,916,830,877,825,873,834,910,810
M,928,902,917,829,875,827,872,836,912,810
M,920,904,918,832,878,824,872,836,912,810
M,919,903,918,831,876,824,873,836,911,811
M,928,899,917,830,877,825,874,840,909,811
M,921,903,917,830,877,825,872,836,911,811
M,927,904,918,831,877,824,872,837,906,809
M,927,901,917,832,878,824,872,837,911,809
M,921,904,918,830,877,823,873,837,912,809
M,929,902,917,829,877,825,872,836,911,810
M,923,902,916,830,878,824,872,838,912,810
M,928,900,917,831,879,824,872,837,910,811
M,931,901,916,830,875,825,873,836,911,810
M,927,901,915,832,876,825,873,838,908,810
M,925,901,915,831,877,824,872,838,910,809
M,925,902,918,829,877,826,871,835,913,810
M,922,901,917,830,878,824,872,838,908,809
M,923,901,917,832,877,824,872,839,910,809
M,920,901,917,831,877,824,871,836,911,809
M,929,905,917,830,878,825,872,837,910,810
M,919,904,917,828,878,825,873,839,910,809
M,920,903,918,831,878,825,873,837,910,811
M,916,904,916,830,877,826,873,837,909,810
M,923,903,917,831,875,825,873,835,908,809
M,924,904,917,831,879,825,873,835,910,810
M,924,903,919,829,876,826,872,836,909,811
M,923,903,917,830,878,824,873,838,910,812
M,935,903,916,830,879,824,872,837,911,809
M,922,904,916,830,876,823,872,836,909,810
M,925,902,917,831,877,826,873,837,909,810
M,927,903,918,830,877,825,873,834,913,805
M,919,901,918,832,877,824,872,836,911,810
M,926,901,918,831,878,824,873,837,913,812
M,922,906,916,829,876,824,872,835,909,812
M,919,903,917,831,878,824,872,837,912,810
M,928,902,916,832,875,824,872,835,910,809
M,920,904,916,830,878,825,871,835,911,812
M,934,901,917,831,877,824,872,836,910,810
M,922,905,916,830,878,824,874,835,909,811
M,926,901,917,829,877,824,872,836,909,810
M,922,903,920,829,878,823,871,835,912,812
M,922,902,915,832,878,824,872,836,911,810
M,919,903,917,829,876,826,872,836,909,809
M,925,901,917,832,877,824,873,837,912,811
M,921,901,918,830,878,825,873,839,912,809
M,917,898,919,830,876,824,872,836,909,809
M,923,903,917,830,875,826,872,835,910,810
M,924,902,917,832,877,825,873,837,907,809
M,920,905,917,831,875,824,873,835,911,811
M,922,903,916,829,877,824,873,838,910,810
M,925,905,917,832,876,824,872,835,908,808
M,928,903,917,831,878,824,872,835,910,811
M,918,902,916,830,876,824,873,838,908,809
M,922,904,917,830,877,825,873,836,912,810
M,918,899,918,833,876,826,873,838,911,810
M,922,900,916,830,876,825,873,838,909,810
M,925,903,917,831,877,824,873,835,908,811
M,923,901,917,831,876,824,873,836,907,812
M,920,901,916,832,877,824,872,836,909,808
M,927,902,916,832,877,825,871,837,910,811
M,926,901,917,830,878,824,873,836,910,809
M,926,901,917,833,876,824,872,838,915,809
M,927,902,915,829,877,824,871,836,908,809
M,926,904,916,829,877,826,872,836,911,809
M,927,904,916,831,876,826,873,835,907,809
M,927,901,917,831,876,825,873,836,912,810
M,927,901,916,831,876,824,873,835,908,809
M,930,905,917,828,877,823,872,835,910,811
M,919,904,916,832,880,824,872,837,910,809
M,917,902,916,829,878,825,871,837,913,811
M,923,904,916,832,875,823,873,836,911,809
M,926,902,916,830,875,824,873,838,910,809
M,920,899,917,831,877,825,874,837,913,810
M,919,902,916,829,878,824,872,837,910,809
M,926,904,915,829,877,825,873,839,910,811
M,917,899,915,829,876,824,872,836,910,809
M,922,900,917,831,878,825,873,837,911,809
M,922,901,917,830,876,825,873,837,910,809
M,916,905,916,830,878,825,871,837,908,810
M,920,901,917,830,876,824,873,837,911,808
M,923,900,915,828,876,824,873,837,912,810
M,918,901,918,830,878,825,874,838,910,808
M,924,902,916,831,877,825,873,838,910,810
M,926,903,916,830,876,824,872,838,912,809
M,923,899,916,829,876,824,872,837,909,809
M,928,900,915,831,877,824,872,837,909,811
M,920,901,917,831,876,823,871,836,909,810
M,925,901,918,830,877,824,873,835,911,810
M,918,901,916,831,877,823,873,837,910,808
M,920,903,915,829,878,825,872,836,912,810
M,927,907,917,830,878,824,873,835,907,810
M,925,903,917,829,877,823,872,839,911,809
M,926,903,918,830,878,825,872,837,911,810
M,929,901,916,828,878,824,873,837,909,808
M,922,903,918,831,878,822,873,838,912,810
M,925,904,916,829,877,824,872,836,908,810
M,922,905,918,830,879,824,873,836,910,810
M,927,904,916,829,879,823,872,837,910,809
M,918,902,916,832,878,824,872,837,913,808
M,926,905,916,830,879,825,872,838,911,809
M,926,902,917,829,877,825,873,836,908,808
M,925,901,915,831,877,825,872,835,910,808
M,927,904,916,830,876,825,872,836,914,810
M,920,904,916,831,877,825,874,836,913,808
M,919,905,916,831,876,823,872,836,907,809
M,920,901,916,832,879,825,873,837,909,807
M,925,901,916,831,878,826,872,837,909,809
M,929,902,916,831,878,824,871,836,911,809
M,921,903,917,829,878,825,872,837,909,809
M,925,904,918,831,878,825,871,838,910,809
M,928,904,918,829,877,823,873,836,907,809
M,920,897,917,831,877,824,873,835,910,810
M,922,898,917,830,877,824,872,835,911,810
M,921,899,918,830,876,824,872,836,909,810
M,926,902,916,831,878,823,872,837,909,809
M,926,910,918,832,879,823,873,837,911,810
M,922,903,917,830,877,825,873,837,911,809
M,926,899,916,831,878,824,871,835,912,808
M,918,902,918,831,875,825,872,837,909,809
M,919,902,916,830,877,825,872,837,909,809
M,918,904,916,831,877,824,873,837,912,808
M,927,902,916,829,876,825,871,836,908,808
M,927,903,917,830,878,824,872,837,909,808
M,926,904,917,829,878,824,872,835,908,807
M,925,904,918,831,877,825,872,838,910,809
M,923,904,915,831,875,826,871,837,912,810
M,922,903,917,831,877,823,872,836,908,808
M,928,902,917,830,877,824,873,838,911,810
M,920,902,918,831,876,825,872,838,911,809
M,928,902,919,828,878,825,873,837,909,809
M,920,902,916,829,876,825,872,836,910,810
M,925,901,917,831,876,824,873,837,909,809
M,931,903,916,831,878,824,872,833,912,810
M,918,899,917,829,879,826,873,837,912,809
M,917,900,917,831,878,825,873,836,910,809
M,922,902,917,832,877,825,873,838,911,810
M,922,904,917,831,877,825,872,837,910,808
M,923,901,917,829,876,824,872,837,911,810
M,920,901,916,830,877,824,873,835,908,809
M,922,899,917,831,877,824,872,835,906,809
M,920,899,918,829,878,825,873,836,909,809
M,923,903,918,831,877,823,873,838,909,808
M,920,904,918,829,876,824,871,836,911,810
M,921,901,916,830,876,824,872,836,912,810
M,916,906,916,833,877,824,874,836,912,811
M,931,906,916,831,879,824,871,837,912,811
M,917,904,916,830,879,825,871,838,909,809
M,921,903,915,830,877,825,873,837,912,808
M,923,903,915,831,878,825,872,835,911,811
M,926,901,917,830,877,824,872,838,912,808
M,919,901,917,829,875,824,873,835,910,810
M,926,900,917,829,878,824,873,836,911,809
M,919,902,915,831,876,825,873,835,907,810
M,927,902,915,830,878,825,873,836,910,809
M,925,902,917,829,879,826,870,837,910,808
M,926,904,916,831,876,825,872,838,910,810
M,919,902,917,831,877,825,874,836,909,809
M,921,902,915,832,876,825,872,838,910,809
M,924,903,915,830,877,824,873,838,912,809
M,928,898,916,830,876,825,872,835,912,809
M,921,899,917,830,877,824,872,838,908,810
M,925,901,916,830,878,825,872,836,908,810
M,931,903,916,829,878,824,872,838,908,808
M,917,906,915,826,877,825,873,835,911,810
M,927,898,916,830,878,824,872,838,910,806
M,924,900,916,828,879,823,873,839,907,807
M,915,899,918,829,879,824,872,836,911,810
M,922,899,917,828,877,825,871,836,912,810
M,922,899,916,829,876,825,872,836,911,809
M,927,902,916,830,876,824,873,834,909,808
M,928,905,918,829,879,825,871,834,911,810
M,925,901,917,829,875,825,872,838,908,810
M,925,905,916,830,878,825,873,838,910,807
M,925,902,915,829,880,824,874,841,908,810
M,922,903,915,830,877,824,872,837,908,810
M,931,900,916,831,877,824,872,837,912,809
M,921,904,918,831,878,826,873,834,911,808
M,925,903,917,830,878,825,872,838,911,808
M,917,901,915,830,880,826,872,837,914,811
M,917,900,918,831,878,826,871,835,912,810
M,924,901,915,829,878,823,873,837,913,807
M,925,904,917,831,877,825,873,836,913,808
M,936,901,915,830,877,824,872,837,910,808
M,919,905,916,831,882,825,873,834,912,810
M,918,898,916,829,878,824,873,838,909,809
M,922,904,914,828,878,823,872,836,909,809
M,920,900,915,830,878,823,873,835,913,809
M,924,902,916,829,877,824,874,835,911,807
M,917,898,917,830,878,824,873,838,909,809
M,924,902,917,829,877,824,873,835,911,809
M,921,901,917,829,878,825,872,834,911,809
M,927,904,917,831,879,824,873,836,905,812
M,927,903,916,829,877,825,873,836,911,810
M,927,903,918,831,879,825,872,837,909,808
M,929,902,917,831,877,824,871,836,908,808
M,922,900,916,830,879,825,873,836,911,808
M,923,902,917,831,877,824,873,837,909,810
M,919,902,917,831,879,825,872,835,910,810
M,924,903,918,832,880,824,874,837,912,811
M,925,903,917,828,878,823,872,837,912,808
M,927,903,918,830,878,824,873,838,913,808
M,921,899,916,830,877,823,873,837,913,810
M,925,902,916,829,878,822,872,835,911,810
M,923,900,917,828,878,823,873,837,907,810
M,922,899,916,829,880,825,872,836,910,807
M,925,904,917,829,880,824,873,836,908,809
M,921,904,916,829,882,825,874,838,909,808
M,916,904,916,827,881,825,871,835,913,808
M,921,903,917,831,880,823,871,834,911,809
M,923,900,914,829,880,823,872,837,910,807
M,924,903,917,831,880,823,872,837,911,809
M,922,903,916,829,877,824,871,837,912,810
M,925,902,915,831,879,825,871,836,909,808
M,920,900,916,830,880,824,872,839,911,809
M,923,900,917,830,878,825,872,836,911,810
M,918,903,917,831,877,825,871,835,912,809
M,925,901,916,830,880,825,873,837,910,809
M,922,901,915,828,878,823,873,836,911,809
M,927,901,915,830,879,825,874,835,912,809
M,927,900,916,831,881,825,871,838,911,807
M,920,897,915,828,879,824,872,836,910,810
M,923,899,919,828,883,824,871,833,910,808
M,920,900,916,829,882,824,873,835,908,809
M,918,902,917,831,879,824,872,836,912,811
M,920,902,917,830,878,824,872,836,911,809
M,928,900,915,832,878,825,872,836,908,808
M,918,900,916,830,879,824,872,836,911,810
M,924,902,917,831,878,825,872,835,912,809
M,917,901,917,831,878,823,873,837,912,809
M,921,903,918,829,878,824,872,837,911,809
M,928,901,917,832,878,824,872,835,910,810
M,926,901,914,831,877,824,872,837,910,808
M,923,900,916,830,878,824,873,837,911,807
M,919,902,916,829,880,824,872,837,911,810
M,919,903,917,830,878,825,872,835,912,809
M,926,901,916,829,878,825,872,836,911,810
M,924,903,916,830,880,826,869,839,912,809
M,924,899,917,831,879,824,873,834,910,807
M,934,908,917,831,879,824,873,836,910,810
M,928,902,916,831,880,826,872,837,910,809
M,921,908,916,832,880,825,873,836,910,809
M,926,901,916,830,882,824,873,837,913,809
M,924,903,916,829,879,823,873,838,908,808
M,928,904,917,831,881,825,873,838,909,808
M,922,904,916,829,880,825,872,836,912,810
M,924,903,916,830,882,824,871,840,914,810
M,927,904,915,829,880,824,872,835,909,809
M,920,901,917,831,880,824,872,835,909,807
M,924,900,917,830,880,826,874,835,912,810
M,923,901,915,831,879,823,873,836,910,810
M,924,900,917,830,879,824,872,838,912,807
M,915,898,915,829,878,823,871,838,908,808
M,926,902,917,830,880,825,873,836,911,810
M,921,900,916,830,879,824,872,838,911,810
M,921,900,917,830,879,825,872,836,910,809
M,919,902,917,831,878,824,872,836,912,807
M,923,901,915,831,877,824,872,837,911,810
M,916,904,916,829,877,824,872,837,912,809
M,918,902,915,829,878,824,872,838,909,809
M,916,902,917,830,877,824,872,837,912,808
M,923,900,916,830,878,824,872,838,912,807
M,925,901,917,831,878,825,872,834,912,810
M,925,898,916,831,879,824,872,836,908,809
M,923,904,917,830,878,823,872,836,909,809
M,921,902,917,830,879,825,873,837,911,808
M,923,899,916,828,878,825,872,835,907,809
M,921,904,917,829,879,825,872,838,911,810
M,923,901,916,829,877,825,872,835,910,809
M,924,904,918,830,879,824,872,836,911,808
M,919,900,916,830,877,824,874,835,910,807
M,921,904,915,830,879,824,873,836,912,810
M,926,902,915,829,877,825,872,838,910,807
M,923,901,916,831,877,825,872,838,906,809
M,914,905,916,831,879,825,871,835,910,810
M,922,901,918,829,877,824,873,836,912,808
M,926,901,917,830,879,823,872,834,911,810
M,923,898,915,829,880,824,873,836,910,809
M,923,901,916,829,879,824,872,837,913,809
M,921,899,916,828,878,823,874,835,912,810
M,916,904,917,830,878,824,872,838,912,807
M,921,903,918,829,879,825,872,837,909,809
M,929,899,916,829,877,824,872,838,910,810
M,927,902,918,831,878,824,872,836,911,810
M,919,903,915,830,878,825,874,837,909,810
M,918,900,917,828,877,825,873,836,908,810
M,920,900,916,830,878,824,872,837,910,808
M,925,902,915,829,876,824,874,835,911,810
M,925,899,917,828,876,825,872,837,910,808
M,918,901,915,831,878,824,872,836,911,808
M,918,899,914,830,877,824,871,835,909,808
M,921,902,916,829,878,824,873,836,915,811
M,927,899,917,829,880,824,872,837,908,807
M,925,899,917,830,877,825,874,839,912,808
M,925,904,916,830,877,824,872,836,912,810
M,924,905,916,829,878,824,872,836,913,808
M,922,905,917,828,877,825,872,837,909,807
M,920,902,914,833,879,825,873,837,910,809
M,925,903,916,829,880,825,873,835,911,809
M,925,901,917,830,880,825,871,835,908,809
M,920,904,916,829,878,823,873,835,911,808
M,913,897,917,832,877,824,873,837,911,807
M,923,902,917,830,878,825,873,837,911,807
M,924,900,916,829,879,825,872,834,912,807
M,919,904,917,831,877,824,872,836,907,810
M,922,900,916,830,878,825,873,836,908,810
M,921,899,917,829,876,825,874,835,910,809
M,927,894,917,827,878,824,873,837,909,809
M,923,900,916,831,878,823,871,835,911,810
M,921,903,916,831,879,825,871,835,911,808
M,919,899,917,830,878,823,873,837,909,808
M,914,899,914,831,876,823,873,837,910,809
M,924,903,917,829,876,824,873,838,909,807
M,917,902,916,832,881,823,871,836,913,809
M,925,899,915,829,879,825,872,837,912,809
M,923,899,918,830,877,824,872,837,911,810
M,923,900,916,829,878,824,872,837,908,808
M,922,903,918,828,878,823,872,835,910,809
M,926,902,916,829,879,825,872,837,913,808
M,917,901,916,829,879,824,873,836,911,808
M,921,901,916,831,878,824,873,838,907,810
M,916,900,915,830,880,824,873,838,911,810
M,927,899,916,831,878,825,871,837,912,810
M,924,902,916,830,880,823,872,836,911,809
M,924,902,916,831,878,824,873,836,912,808
M,917,901,915,830,878,826,873,834,910,807
M,917,902,918,830,878,823,872,837,912,813
M,929,899,916,827,877,824,873,835,909,809
M,927,901,916,831,880,825,872,836,911,809
M,920,902,915,830,879,823,872,837,912,806
M,921,901,916,829,878,824,871,835,910,808
M,925,902,914,830,880,825,872,834,910,810
M,910,901,917,829,876,824,872,837,909,809
M,925,901,917,830,877,824,871,835,910,809
M,915,901,915,831,877,824,873,836,909,810
M,924,900,917,830,879,824,872,837,908,809
M,923,903,917,831,879,826,873,836,909,809
M,919,899,916,830,879,825,873,834,912,809
M,925,903,916,830,880,825,874,835,908,809
M,925,899,916,829,880,825,872,835,911,808
M,923,901,917,829,879,824,873,839,912,806
M,921,901,917,829,878,823,873,835,908,809
M,919,902,916,829,879,824,873,837,912,808
M,925,902,916,829,879,825,872,834,910,808
M,917,900,918,830,879,824,873,837,916,811
M,923,899,915,829,879,825,871,835,909,807
M,920,903,917,830,881,824,872,835,909,807
M,917,899,917,828,879,825,873,836,910,808
M,916,903,915,829,878,824,872,837,911,808
M,924,901,917,829,879,824,872,836,913,807
M,928,905,914,831,882,825,873,838,910,808
M,918,902,915,830,880,824,872,836,911,809
M,925,901,917,827,883,824,871,836,911,808
M,922,899,915,829,879,825,872,835,912,808
M,925,898,915,830,878,824,873,837,912,808
M,922,900,920,830,878,825,873,837,911,810
M,927,901,918,831,880,824,871,835,912,809
M,919,902,917,830,880,825,873,837,911,809
M,920,899,916,829,880,823,870,834,909,807
M,918,899,916,827,879,825,873,836,911,807
M,924,897,915,830,879,825,873,834,910,810
M,929,899,915,830,880,824,872,836,910,810
M,927,903,915,830,879,823,873,836,910,809
M,913,901,916,831,880,824,871,838,910,808
M,925,899,917,830,878,824,872,836,908,809
M,926,898,916,829,878,823,872,835,911,809
M,927,904,915,827,878,823,873,837,910,808
M,927,903,916,828,880,825,872,835,911,807
M,921,900,916,828,880,825,872,838,902,806
M,922,902,916,830,878,824,871,836,908,809
M,919,900,916,830,879,824,872,836,911,808
M,915,899,917,830,879,825,873,838,908,810
M,928,900,918,830,879,825,872,837,909,809
M,927,901,917,829,880,824,871,836,909,808
M,924,899,916,830,879,825,873,838,910,809
M,924,901,915,831,879,823,870,835,908,810
M,922,904,916,831,880,825,873,836,908,809
M,927,902,917,829,880,824,871,838,907,809
M,921,902,917,830,881,825,873,835,912,807
M,922,899,917,830,880,825,871,834,910,807
M,925,901,916,830,878,824,872,836,909,810
M,918,899,916,831,879,823,873,835,908,809
M,924,903,917,830,879,824,872,837,909,807
M,922,904,916,828,879,824,873,835,909,808
M,926,901,916,829,880,824,872,835,906,810
M,924,900,917,829,879,825,871,836,908,810
M,922,898,914,829,879,822,872,835,911,808
M,925,898,915,830,880,824,872,837,910,808
M,922,899,915,829,879,824,872,836,910,809
M,922,899,917,828,881,827,873,835,909,810
M,921,900,916,830,880,824,872,835,911,809
M,925,900,915,828,881,823,871,835,909,807
M,920,901,917,829,881,824,871,836,908,807
M,924,898,914,831,881,824,873,839,912,810
M,923,902,915,829,880,824,873,838,912,807
M,924,901,916,832,880,825,872,837,910,809
M,925,901,915,829,880,825,873,836,911,808
M,926,896,917,827,880,823,873,838,909,809
M,921,899,916,829,880,824,872,835,908,807
M,922,896,918,829,881,824,873,837,911,809
M,922,902,916,829,879,825,872,838,908,808
M,924,902,916,830,879,824,872,838,912,810
M,924,901,917,831,880,825,871,838,912,807
M,924,900,914,831,879,825,872,836,910,807
M,922,900,917,827,879,824,871,835,910,806
M,922,900,915,829,877,823,873,835,907,809
M,928,900,917,830,877,824,872,837,909,808
M,917,902,916,829,877,823,871,834,911,810
M,931,899,915,825,879,825,871,838,908,808
M,919,900,915,830,876,824,873,836,908,807
M,922,901,915,830,875,823,873,835,910,810
M,915,899,917,830,879,823,873,835,908,807
M,925,903,915,830,878,823,874,837,911,807
M,921,901,915,830,876,823,873,835,907,809
M,927,902,915,828,876,825,872,836,908,808
M,922,898,915,829,876,825,873,838,912,808
M,927,898,918,830,878,824,870,837,911,810
M,917,897,916,828,878,824,872,834,909,808
M,921,898,916,828,876,825,873,835,908,810
M,928,898,916,828,879,825,872,834,908,809
M,926,900,917,829,880,824,871,835,911,807
M,919,899,914,827,881,825,872,838,911,808
M,925,900,915,828,879,827,873,837,909,809
M,923,902,915,830,877,823,873,838,909,809
M,927,902,916,828,877,824,873,834,908,809
M,924,901,915,831,878,824,872,839,914,806
M,922,899,916,829,875,823,873,836,910,809
M,922,899,915,829,878,824,873,837,908,810
M,921,900,917,829,877,823,872,833,911,810
M,926,907,911,828,878,823,871,838,909,808
M,925,900,916,830,879,824,872,836,910,809
M,924,900,916,829,876,825,875,836,908,807
M,923,899,916,829,878,823,872,834,910,809
M,924,900,914,829,876,823,872,838,907,807
M,925,900,915,831,879,824,873,834,912,808
M,920,901,916,830,879,824,872,837,909,809
M,918,900,916,830,880,824,873,834,911,807
M,918,902,915,829,878,824,872,834,908,809
M,927,902,916,830,877,824,871,834,911,808
M,919,904,915,827,877,825,871,835,912,809
M,920,901,917,830,878,823,873,838,911,809
M,918,897,914,832,878,823,871,836,910,808
M,932,900,916,829,878,823,871,835,910,807
M,925,902,916,830,879,825,872,835,912,810
M,920,898,916,829,880,824,872,837,909,807
M,919,902,917,829,879,824,872,836,909,807
M,922,899,915,828,877,823,872,837,908,809
M,924,900,916,831,879,823,873,837,908,809
M,917,901,918,827,880,825,871,837,911,808
M,924,902,916,830,879,823,872,837,909,808
M,920,903,916,828,877,826,873,836,910,810
M,911,896,917,831,877,823,871,835,907,808
M,920,899,917,829,879,824,872,834,908,809
M,924,901,914,830,878,825,872,836,909,809
M,923,902,916,829,878,824,873,836,911,809
M,927,903,916,828,879,823,873,838,908,810
M,925,901,916,829,877,824,873,836,911,807
M,919,903,916,830,878,824,872,838,912,807
M,923,901,915,830,878,825,873,836,911,807
M,919,897,916,828,878,824,872,836,908,808
M,921,901,915,830,876,825,873,837,912,808
M,916,898,917,830,879,824,872,836,912,810
M,922,900,915,828,877,825,872,834,911,807
M,919,900,915,830,877,823,873,836,910,808
M,921,902,916,831,877,825,873,837,909,807
M,921,899,915,828,879,825,873,837,909,808
M,922,897,914,828,879,825,872,834,908,808
M,927,901,917,825,879,823,872,836,912,809
M,923,898,916,828,878,824,872,837,908,808
M,918,901,916,831,880,824,872,834,913,808
M,925,900,916,830,879,824,872,836,912,808
M,923,897,916,833,882,822,873,835,908,809
M,922,897,915,830,878,823,872,835,910,809
M,925,900,915,831,878,823,871,837,912,809
M,925,903,916,828,877,824,873,835,908,808
M,917,902,915,830,877,825,871,837,910,808
M,925,901,915,828,878,825,873,837,911,808
M,918,899,915,828,877,824,872,835,911,809
M,928,898,916,830,878,823,872,836,908,807
M,924,903,916,828,877,824,872,836,909,808
M,927,898,915,828,877,824,873,836,911,809
M,917,898,915,830,879,823,872,833,912,807
M,927,898,916,829,878,824,873,837,911,810
M,925,901,915,829,879,823,872,835,912,807
M,918,898,917,830,880,823,872,836,910,810
M,920,898,914,830,880,824,872,836,910,809
M,921,901,915,830,878,824,873,836,911,809
M,923,899,917,826,878,824,873,835,911,809
M,920,899,915,830,879,825,873,838,909,809
M,925,900,916,830,877,824,872,837,907,807
M,919,903,917,830,878,825,873,835,908,807
M,924,900,915,829,878,825,872,835,912,808
M,922,899,917,831,879,824,871,836,910,808
M,919,903,916,829,877,824,870,833,908,807
M,925,898,915,828,878,824,873,838,911,809
M,919,902,915,827,878,823,872,838,910,808
M,921,896,915,829,879,825,872,836,909,808
M,918,901,915,828,878,823,871,835,909,809
M,919,896,917,829,880,824,872,836,907,807
M,923,899,913,829,879,825,872,837,908,808
M,926,900,916,830,878,823,870,839,909,808
M,923,898,915,828,878,823,872,837,910,809
M,920,901,916,828,878,824,874,838,911,807
M,919,904,915,829,880,824,871,836,910,807
M,921,900,915,828,878,824,873,837,908,808
M,923,901,916,828,878,823,872,835,911,808
M,928,901,916,829,878,824,873,838,909,807
M,918,900,916,828,878,825,873,836,911,810
M,920,897,917,829,880,823,872,837,910,810
M,921,903,916,830,879,825,872,838,910,810
M,925,902,915,827,878,824,871,835,910,809
M,925,899,915,829,877,825,872,836,909,809
M,927,900,916,830,876,823,872,837,910,809
M,917,902,915,828,878,824,872,836,908,808
M,926,901,915,831,879,825,872,834,907,809
M,922,901,916,829,877,824,872,837,910,809
M,907,899,915,828,879,824,872,835,911,807
M,927,900,918,828,878,824,872,836,908,809
M,924,898,914,829,878,824,872,836,907,807
M,917,899,914,827,877,823,872,836,909,809
M,914,902,917,830,879,825,872,834,909,807
M,925,900,917,828,877,823,874,834,909,810
M,925,900,917,829,878,824,872,834,910,809
M,917,899,916,828,879,824,872,835,908,809
M,920,902,915,830,879,823,873,837,911,810
M,928,898,915,829,877,824,872,834,907,808
M,926,903,916,828,878,825,872,838,910,810
M,926,899,915,830,879,823,872,838,907,808
M,923,898,914,829,880,824,873,836,907,808
M,919,899,916,829,879,824,873,835,912,807
M,919,898,914,828,878,825,874,837,912,807
M,919,899,915,827,879,825,872,835,908,808
M,920,902,916,828,878,826,874,836,908,807
M,916,897,919,828,877,824,873,837,908,810
M,924,901,916,829,880,825,872,838,910,808
M,925,901,916,828,879,824,872,838,909,808
M,916,899,916,829,880,823,871,835,913,808
M,920,901,915,828,878,823,872,837,907,809
M,927,899,915,828,881,823,872,835,911,809
M,921,898,914,828,881,824,872,836,910,810
M,922,900,915,829,880,824,873,836,908,808
M,925,900,915,830,879,823,872,835,909,809
M,913,895,916,830,879,823,872,835,908,807
M,919,897,916,830,880,824,872,836,908,809
M,921,900,915,830,880,825,872,834,911,809
M,920,898,915,828,881,825,874,839,908,809
M,926,897,915,829,878,824,873,837,908,809
M,922,901,915,828,877,825,872,838,907,808
M,919,903,916,829,879,824,873,835,911,810
M,923,903,916,827,878,824,873,835,908,809
M,929,904,919,828,878,822,872,836,909,808
M,924,902,913,830,877,824,872,835,909,808
M,916,902,915,829,879,825,873,836,911,811
M,923,899,915,829,879,825,873,836,907,808
M,920,903,915,830,877,822,874,835,909,809
M,919,897,915,827,879,824,872,835,910,808
M,925,900,915,828,881,824,872,836,908,807
M,922,898,916,830,878,825,871,836,911,809
M,923,902,915,827,877,825,873,836,908,810
M,918,898,916,828,879,824,872,836,912,808
M,927,901,916,829,879,824,873,835,911,810
M,919,899,916,829,879,823,872,836,909,807
M,927,902,915,829,878,824,871,837,909,808
M,920,902,916,830,877,823,872,836,910,807
M,927,902,916,828,879,824,872,836,907,809
M,919,898,916,829,878,822,871,835,908,807
M,924,903,916,828,879,824,872,837,910,808
M,927,900,916,831,880,823,871,837,910,808
M,914,901,915,827,879,823,872,837,908,810
M,913,901,917,830,879,824,873,837,912,807
M,921,902,915,829,878,823,872,836,912,807
M,926,902,916,828,880,824,873,836,909,807
M,919,900,916,828,878,825,872,835,908,807
M,915,901,916,829,879,823,872,833,908,807
M,921,899,916,828,878,825,871,836,909,808
M,920,897,916,828,879,824,873,836,910,807
M,915,898,917,828,880,825,873,837,907,808
M,925,899,915,829,880,823,873,834,910,808
M,921,901,916,828,877,824,873,835,911,809
M,925,900,916,828,878,824,872,837,912,810
M,920,902,917,828,877,824,873,836,911,808
M,919,902,916,828,878,822,872,838,910,810
M,926,903,913,830,874,823,871,836,913,809
M,915,900,916,830,874,823,871,835,908,806
M,919,899,916,828,876,824,872,836,910,808
M,926,900,914,830,874,824,871,835,909,809
M,922,898,914,828,875,825,871,837,909,809
M,919,900,915,828,875,824,873,835,911,807
M,921,899,915,830,876,824,872,836,911,809
M,916,898,914,828,875,822,872,835,908,808
M,924,900,916,830,877,824,874,838,908,810
M,917,898,916,828,876,824,874,835,913,807
M,922,900,914,828,875,824,873,836,909,808
M,917,898,914,829,876,824,872,836,907,808
M,922,899,916,827,875,825,872,834,908,808
M,923,900,916,829,875,824,871,837,910,806
M,923,900,915,828,875,824,872,836,911,809
M,918,902,916,829,874,824,872,837,908,808
M,919,899,914,829,875,824,871,837,911,809
M,923,902,916,830,875,824,871,837,911,809
M,923,900,914,827,876,826,872,837,908,810
M,923,902,916,827,875,825,873,837,907,807
M,922,901,916,831,878,824,872,838,910,809
M,917,901,915,829,875,824,872,837,910,806
M,924,901,916,828,875,825,871,837,911,809
M,925,899,915,829,877,825,873,836,905,808
M,926,901,914,828,874,824,873,836,910,810
M,919,900,916,829,874,824,872,837,911,808
M,924,901,914,828,874,824,872,838,911,808
M,926,902,916,827,875,823,872,838,910,808
M,918,902,915,829,875,825,872,836,910,807
M,927,898,916,828,878,823,872,834,908,807
M,927,899,915,827,874,823,872,834,912,809
M,924,901,915,827,874,825,871,834,912,808
M,918,899,915,829,874,823,872,836,910,809
M,926,902,915,828,873,823,873,836,910,808
M,926,901,916,827,874,823,873,837,909,808
M,917,901,916,830,876,824,873,837,908,809
M,918,899,912,828,875,825,871,837,910,807
M,924,900,915,828,874,823,873,835,911,810
M,920,900,915,828,874,824,872,836,910,807
M,923,899,916,829,874,823,873,835,910,809
M,914,903,917,830,875,823,872,834,911,807
M,922,901,916,829,876,824,873,837,908,809
M,924,901,915,828,874,823,872,837,910,807
M,920,898,915,828,874,824,873,834,907,809
M,921,903,915,827,876,823,873,836,910,808
M,924,900,914,828,874,822,872,836,908,807
M,923,901,915,829,875,824,873,835,910,809
M,924,901,913,827,874,823,874,835,908,808
M,920,899,916,830,873,825,872,834,909,807
M,919,902,915,828,874,825,870,835,910,808
M,926,901,916,830,876,825,872,836,909,808
M,922,900,915,830,876,825,873,837,910,807
M,923,902,915,827,875,823,873,836,911,808
M,924,901,914,830,874,825,873,836,911,808
M,918,898,915,830,873,824,873,835,910,807
M,917,896,913,827,875,824,873,838,909,807
M,914,903,916,831,877,824,873,835,912,808
M,925,902,914,828,875,823,873,836,908,809
M,922,899,916,828,875,823,872,837,909,807
M,921,900,917,829,876,825,872,837,912,808
M,921,901,917,829,874,824,869,835,907,810
M,923,901,916,828,874,823,873,837,909,809
M,926,900,916,830,875,823,873,838,908,809
M,923,898,916,828,874,824,872,834,910,809
M,926,900,915,827,875,823,872,836,911,809
M,923,899,916,828,875,824,871,835,908,807
M,927,898,914,828,874,824,872,836,909,807
M,923,901,915,829,874,824,872,835,910,808
M,921,900,914,830,873,825,874,837,908,807
M,920,901,916,829,875,824,874,839,908,806
M,920,901,916,828,874,824,872,836,910,809
M,919,901,916,828,877,826,872,835,909,809
M,924,898,915,830,874,824,872,837,910,807
M,920,901,915,828,875,824,873,835,907,807
M,929,902,915,830,874,823,873,835,907,808
M,924,899,915,829,876,824,872,834,908,809
M,924,901,915,830,874,824,871,838,910,809
M,924,898,915,829,875,823,872,830,910,808
M,923,898,915,828,874,823,871,837,911,807
M,920,897,915,828,873,824,872,837,909,808
M,925,898,917,828,876,824,873,836,909,810
M,922,900,916,830,876,825,874,837,909,808
M,919,897,916,828,873,824,872,835,908,808
M,921,898,915,827,874,823,874,834,908,808
M,922,903,916,828,875,824,873,835,911,810
M,927,897,916,829,876,824,872,836,909,807
M,924,901,916,829,873,824,873,835,911,808
M,920,902,915,830,873,824,871,838,908,806
M,925,897,915,829,875,824,872,837,911,807
M,920,899,915,829,876,824,872,835,910,808
M,921,899,915,830,874,823,873,833,909,808
M,917,899,915,828,875,824,872,836,908,807
M,926,901,916,828,873,825,874,836,910,809
M,922,900,915,829,876,824,873,838,908,807
M,919,900,915,830,873,824,873,837,909,810
M,923,902,917,829,873,825,873,835,911,805
M,920,899,914,830,875,825,873,838,910,809
M,921,900,915,827,876,824,872,835,908,809
M,922,899,913,828,873,824,871,835,912,808
M,918,900,913,830,874,824,872,835,909,808
M,924,901,916,830,875,823,873,838,911,807
M,925,898,914,827,873,824,871,835,911,810
M,924,899,914,828,872,826,873,837,908,807
M,918,899,915,830,875,823,871,834,908,809
M,926,901,916,829,875,823,873,836,910,808
M,925,900,916,828,876,824,872,838,911,810
M,927,901,916,829,874,824,873,835,909,809
M,918,900,916,829,875,824,873,834,910,809
M,925,901,916,828,875,825,872,834,912,807
M,925,898,916,828,875,824,873,835,910,810
M,926,898,915,829,875,824,872,835,910,809
M,921,899,914,828,874,824,873,836,909,806
M,924,902,915,829,874,824,872,831,907,807
M,920,898,914,831,874,824,871,836,909,808
M,924,900,915,827,874,823,873,837,909,808
M,924,901,916,827,874,825,872,836,910,807
M,919,901,916,829,874,824,873,836,910,809
M,924,901,916,830,876,824,873,838,907,807
M,917,896,915,827,874,823,873,835,907,810
M,916,898,916,830,876,825,872,838,910,808
M,915,898,914,830,876,824,872,836,911,807
M,923,899,915,829,875,824,872,836,908,809
