P,918,854,820,801,812,832,878,859,880,817
P,911,853,819,800,812,833,879,863,882,819
P,913,853,819,799,812,833,879,863,881,818
P,916,853,820,799,813,834,880,862,882,817
P,912,853,819,801,811,834,878,863,881,818
P,918,850,820,800,813,831,878,862,883,818
P,922,852,818,799,812,832,880,863,881,817
P,910,852,819,799,813,831,879,863,883,817
P,912,851,820,801,812,833,879,863,881,819
P,911,854,820,800,812,833,879,860,880,819
P,908,853,820,801,813,832,879,861,883,819
P,918,852,820,801,812,833,878,861,883,818
P,909,851,820,800,813,833,878,861,881,818
P,916,854,820,799,814,831,879,865,881,818
P,912,853,820,799,812,832,878,863,882,816
P,911,851,820,800,811,832,879,861,882,818
P,910,853,818,800,812,834,880,860,880,819
P,915,854,819,799,811,833,879,863,880,817
P,915,853,820,800,813,832,879,861,881,817
P,914,851,820,800,812,832,878,860,881,816
P,912,852,820,800,812,832,879,861,881,816
P,918,851,819,798,813,832,879,862,880,817
P,913,855,819,800,812,833,879,862,882,816
P,914,852,820,797,811,833,879,862,881,818
P,925,854,820,798,811,832,879,862,879,816
P,908,853,819,800,812,833,880,862,882,817
P,915,853,820,800,812,833,879,862,881,817
P,915,853,819,797,811,834,877,862,881,818
P,913,853,819,800,810,833,879,860,880,816
P,920,853,820,798,810,833,879,861,881,818
P,916,852,820,800,809,832,878,860,883,815
P,915,851,818,800,811,832,880,862,881,816
P,914,853,819,799,810,833,880,860,882,817
P,911,851,819,797,810,832,878,861,880,818
P,914,853,820,800,809,832,877,862,881,816
P,911,852,820,800,811,830,877,860,881,818
P,913,853,820,799,809,833,879,859,881,817
P,918,852,819,799,810,831,879,863,882,816
P,915,851,820,798,809,833,877,861,882,816
P,917,853,819,799,810,832,878,862,880,817
P,918,854,820,798,812,833,878,862,882,817
P,908,851,819,798,811,833,879,860,881,816
P,910,851,820,798,810,832,881,857,882,818
P,913,851,818,799,810,833,880,861,881,815
P,911,853,818,800,810,833,879,861,881,816
P,913,852,820,798,809,831,878,859,882,816
P,913,854,821,798,809,832,879,862,880,816
P,909,851,820,798,811,832,878,861,881,817
P,914,853,818,798,810,831,879,861,881,817
P,915,852,818,800,810,831,880,862,881,818
P,917,852,819,799,811,833,879,863,881,816
P,910,851,820,799,810,832,880,862,880,814
P,913,851,819,798,810,832,879,861,881,817
P,919,852,820,798,812,832,879,862,882,816
P,911,851,819,798,812,832,879,859,880,817
P,911,854,818,799,807,833,880,857,883,818
P,915,852,820,799,811,831,878,862,879,815
P,916,853,820,799,810,831,879,863,883,817
P,916,851,818,797,810,833,879,863,882,815
P,917,854,820,798,808,832,878,859,880,816
P,919,851,821,799,810,832,878,862,882,818
P,916,852,819,798,809,831,879,862,880,817
P,914,853,820,799,810,831,879,861,879,817
P,922,849,819,799,809,832,880,860,881,815
P,912,853,820,799,810,832,879,860,881,814
P,913,854,820,798,809,831,878,860,879,815
P,913,852,819,797,809,831,878,860,881,815
P,915,853,818,799,810,831,878,861,881,817
P,917,854,820,800,809,833,880,862,883,816
P,916,851,820,798,810,832,878,862,880,816
P,920,851,817,799,810,831,877,858,881,816
P,916,855,820,797,809,832,878,860,881,815
P,914,854,820,798,810,833,879,861,881,817
P,919,856,820,800,810,832,880,858,881,814
P,917,853,820,799,809,832,879,860,880,816
P,913,852,820,799,811,831,880,860,881,814
P,911,857,820,798,810,832,877,860,881,817
P,910,852,819,800,812,831,876,862,879,816
P,910,853,820,799,809,832,878,861,880,817
P,910,852,821,799,810,831,880,862,880,815
P,911,853,821,800,810,832,878,861,880,816
P,912,852,820,799,810,832,879,861,881,816
P,916,853,821,800,810,833,877,858,879,815
P,917,854,819,799,811,832,877,861,880,817
P,911,853,821,799,809,832,879,860,881,816
P,916,853,820,798,810,831,880,860,881,817
P,912,855,820,797,811,833,878,857,881,815
P,911,854,821,799,810,831,878,859,882,817
P,914,852,820,799,811,831,878,862,880,816
P,916,854,819,797,810,833,877,863,878,816
P,917,848,819,799,812,831,879,861,880,814
P,916,853,819,799,809,832,879,861,880,815
P,911,854,820,796,810,831,878,861,880,817
P,917,856,821,799,810,832,878,861,880,816
P,909,853,821,797,811,831,878,858,880,814
P,911,853,820,798,811,832,879,859,882,815
P,914,854,821,796,812,832,879,859,879,816
P,917,853,820,799,812,832,879,858,882,815
P,909,855,820,796,812,831,878,858,881,817
P,919,855,821,798,812,831,879,861,881,816
P,919,852,821,798,811,831,879,861,881,815
P,912,854,820,797,811,831,878,861,879,817
P,911,853,820,799,812,831,878,860,879,816
P,919,852,820,798,810,831,878,860,880,817
P,914,852,820,799,810,832,879,862,878,816
P,911,854,819,797,810,831,878,858,879,816
P,911,854,819,798,810,831,879,861,881,816
P,911,852,820,797,811,832,879,861,881,817
P,915,853,820,799,811,830,878,860,881,816
P,913,853,820,798,811,831,878,857,882,815
P,915,854,820,797,811,831,879,860,880,816
P,912,855,821,796,811,832,878,859,882,815
P,915,854,820,798,810,831,878,860,880,815
P,913,852,821,799,810,832,879,860,880,817
P,912,852,821,798,811,832,879,862,880,816
P,914,855,821,797,809,831,879,859,879,815
P,914,854,821,798,810,832,879,861,881,815
P,911,857,820,797,811,831,880,861,881,814
P,917,855,821,798,811,831,878,860,881,812
P,914,853,822,799,810,829,878,860,878,817
P,916,853,820,796,812,831,880,859,880,815
P,913,854,820,798,811,830,877,861,879,814
P,912,853,821,795,812,831,879,859,880,814
P,913,853,819,799,812,830,878,859,879,818
P,911,859,817,801,811,832,879,858,879,816
P,913,851,819,798,811,831,880,861,881,812
P,919,856,820,798,812,831,879,858,879,816
P,912,854,820,798,811,830,878,861,881,815
P,919,854,820,799,811,831,879,860,881,816
P,916,853,820,799,815,831,880,861,882,814
P,916,854,819,798,811,831,879,859,880,816
P,918,854,821,799,812,831,879,859,880,816
P,917,855,819,798,813,829,879,860,879,814
P,920,855,820,799,813,831,879,860,881,815
P,916,853,820,797,811,830,878,859,879,814
P,919,853,821,798,813,830,878,859,878,816
P,916,854,822,799,812,830,879,858,878,815
P,916,855,820,797,811,831,879,859,879,814
P,913,853,820,797,813,830,879,859,879,816
P,920,852,820,799,813,831,880,861,879,816
P,918,853,820,797,814,830,880,859,882,814
P,920,854,820,799,813,831,878,860,879,814
P,916,854,821,798,813,830,878,860,882,814
P,920,853,819,799,813,830,879,859,880,814
P,919,856,822,798,813,831,878,860,880,814
P,910,856,820,797,812,830,879,861,877,815
P,916,853,820,797,813,830,878,859,880,814
P,914,850,821,796,811,830,879,859,881,813
P,916,855,821,799,812,830,880,858,879,815
P,912,854,821,798,811,832,878,859,878,814
P,920,856,821,798,813,829,879,861,878,816
P,914,853,820,797,814,831,880,856,879,815
P,913,853,820,798,811,831,878,859,880,816
P,916,855,820,798,812,831,878,860,879,817
P,919,854,820,798,813,830,879,861,881,814
P,920,853,821,798,812,829,877,861,879,815
P,914,855,822,797,814,830,879,859,879,815
P,919,854,822,797,814,831,879,860,878,815
P,918,854,821,799,813,831,879,860,877,815
P,912,852,821,798,810,830,878,858,880,814
P,916,854,820,798,813,830,879,858,880,814
P,914,854,821,799,811,830,878,857,880,816
P,917,854,821,797,812,831,878,861,880,815
P,915,853,821,800,811,830,878,858,878,814
P,917,855,821,797,813,830,878,860,877,813
P,918,855,820,797,813,829,879,858,881,816
P,914,853,821,798,811,830,879,860,879,815
P,917,855,821,797,812,829,880,856,879,814
P,924,853,822,796,811,830,878,859,881,814
P,915,853,822,796,813,830,879,859,879,816
P,909,858,822,800,814,831,877,859,880,815
P,912,855,822,797,812,829,879,858,879,816
P,912,855,820,797,812,830,877,859,879,816
P,918,853,821,797,813,830,878,858,878,816
P,917,853,821,798,810,830,878,859,879,814
P,921,854,821,797,812,829,878,861,881,816
P,913,856,820,799,811,829,878,861,881,816
P,915,854,823,797,811,830,878,860,881,815
P,922,856,821,799,811,831,879,859,881,816
P,920,851,823,800,811,831,879,860,880,816
P,910,853,820,796,811,830,879,860,878,815
P,917,853,822,796,816,828,879,861,878,816
P,920,855,822,798,812,830,879,860,880,816
P,918,853,821,798,812,829,878,860,880,815
P,911,851,821,796,813,829,879,859,877,816
P,921,854,820,799,810,830,877,861,880,816
P,915,856,821,797,810,829,880,858,880,815
P,913,854,821,797,811,829,877,858,882,814
P,916,851,822,797,811,829,879,857,881,816
P,919,853,820,797,810,830,879,858,880,813
P,920,853,820,798,811,829,878,861,879,815
P,916,854,820,798,811,831,879,860,880,814
P,917,855,822,798,811,831,878,857,882,813
P,922,854,822,798,811,831,878,860,879,814
P,917,856,822,797,811,829,878,860,878,814
P,925,854,821,797,810,831,877,860,881,814
P,920,854,821,799,810,830,878,860,877,814
P,917,854,822,797,811,831,879,858,880,815
P,915,856,821,796,812,830,878,860,878,816
P,918,854,819,798,811,831,879,858,880,816
P,920,854,822,797,811,830,880,859,879,814
P,917,855,821,797,810,829,878,858,879,813
P,910,852,821,799,811,829,876,860,879,816
P,918,856,821,797,811,831,878,862,876,817
P,915,853,820,796,811,830,878,858,880,813
P,918,856,822,797,812,830,878,860,880,816
P,919,854,821,797,812,830,879,859,878,816
P,922,855,822,798,812,830,880,858,878,813
P,913,855,822,796,815,830,878,862,879,815
P,916,856,822,795,813,830,878,859,879,816
P,914,855,822,796,812,830,877,858,881,814
P,918,851,820,795,811,830,877,858,879,815
P,914,854,822,797,811,831,879,859,877,814
P,921,855,821,797,811,829,879,859,879,816
P,915,855,822,798,812,831,877,859,879,817
P,917,857,822,797,810,830,878,860,878,815
P,920,853,822,798,810,830,879,857,879,815
P,919,856,821,797,811,830,879,860,878,814
P,920,857,821,796,811,831,877,860,879,815
P,921,855,821,795,812,833,878,858,880,816
P,920,856,821,797,812,829,878,859,879,816
P,917,853,822,797,811,829,879,856,877,815
P,919,852,821,797,812,831,878,858,880,813
P,920,854,820,798,812,830,878,859,880,815
P,917,855,821,797,810,830,879,859,879,815
P,914,855,821,796,812,831,878,860,879,816
P,912,855,822,798,812,831,879,859,879,815
P,914,855,821,796,809,831,878,860,880,815
P,919,853,820,799,812,830,878,857,880,814
P,911,853,822,798,811,830,878,861,880,815
P,919,854,821,797,811,830,878,859,879,815
P,917,856,822,797,811,830,880,857,878,813
P,920,856,821,797,811,831,879,860,879,814
P,915,856,822,797,811,831,879,860,880,816
P,917,855,821,796,813,830,878,861,878,812
P,912,855,821,797,812,829,879,858,881,815
P,920,854,821,796,813,830,878,860,880,816
P,918,857,821,795,815,831,878,860,879,815
P,913,855,821,797,815,830,878,858,881,815
P,912,856,820,798,815,831,877,859,880,815
P,913,855,821,797,814,830,877,858,879,814
P,916,855,821,795,811,831,879,857,877,815
P,914,855,821,798,812,830,879,860,879,815
P,923,855,821,797,812,831,879,861,881,817
P,917,855,822,798,810,831,878,859,880,814
P,916,855,821,795,810,830,878,860,878,814
P,922,856,821,798,810,830,878,858,878,815
P,913,856,820,797,809,833,876,863,884,814
P,914,856,820,795,811,830,875,858,879,814
P,919,855,820,798,811,829,878,859,879,813
P,913,857,821,796,810,832,878,858,878,814
P,916,856,821,797,810,831,878,859,880,814
P,919,857,820,798,811,830,879,860,881,814
P,922,856,821,797,810,830,878,857,877,815
P,920,857,821,798,813,830,877,859,879,816
P,915,853,824,796,812,830,878,858,878,813
P,919,854,822,797,813,830,878,857,879,814
P,919,859,819,795,809,834,878,858,878,813
P,915,855,821,797,811,829,877,858,880,815
P,918,857,820,796,812,830,879,858,879,816
P,916,856,821,796,812,830,878,859,878,816
P,918,854,821,798,809,831,877,859,879,815
P,915,855,822,798,811,830,878,860,879,815
P,911,853,821,795,812,831,878,859,880,814
P,914,854,821,796,810,829,878,858,879,814
P,911,857,822,798,811,830,878,859,879,815
P,917,854,821,797,811,831,879,858,877,817
P,917,854,822,798,811,832,879,860,880,814
P,918,851,822,795,811,829,877,859,880,814
P,918,854,821,796,810,831,877,858,880,814
P,919,856,821,795,809,828,878,861,879,812
P,914,855,822,798,810,830,878,858,882,815
P,914,855,821,796,811,830,878,860,878,815
P,913,856,821,795,810,830,878,861,879,816
P,907,857,821,796,810,830,878,859,877,814
P,913,857,823,795,811,831,878,858,877,815
P,913,855,822,797,811,831,877,860,880,814
P,921,852,820,796,811,830,877,859,879,815
P,914,857,821,796,812,831,878,860,881,816
P,920,854,822,798,811,831,877,858,879,816
P,914,859,822,796,812,830,877,856,878,814
P,920,855,821,798,812,831,878,859,880,815
P,922,857,822,797,812,830,879,858,880,813
P,916,855,820,798,811,830,879,859,879,813
P,904,853,819,794,811,829,878,859,881,813
P,914,857,821,796,810,830,878,858,880,815
P,913,854,821,796,810,831,878,859,880,814
P,917,857,821,796,810,830,877,857,880,814
P,913,853,821,796,810,830,878,858,880,814
P,920,855,822,794,809,829,879,859,881,816
P,914,854,820,795,810,830,876,859,878,815
P,921,857,822,795,810,831,878,858,879,815
P,919,856,820,797,810,831,880,861,880,814
P,914,855,820,797,811,831,876,860,880,813
P,915,856,821,798,812,830,878,858,879,814
P,916,854,822,795,810,830,877,858,881,813
P,917,855,820,797,811,832,877,859,878,814
P,919,855,821,796,809,830,878,857,879,813
P,921,853,823,799,811,829,878,855,879,815
P,911,854,821,796,810,830,877,858,879,814
P,917,853,822,797,811,830,878,859,878,813
P,921,853,821,795,810,829,878,858,880,815
P,922,854,821,798,810,829,878,859,880,813
P,920,855,821,796,810,830,877,858,879,815
P,910,855,821,798,810,831,877,857,880,815
P,913,857,821,798,811,831,877,857,879,815
P,918,855,821,796,810,831,877,859,879,815
P,919,857,820,797,810,831,878,857,879,815
P,918,855,821,797,811,831,879,858,879,813
P,920,856,821,797,812,831,878,860,879,816
P,926,859,823,797,813,830,877,859,879,814
P,918,854,822,796,813,830,877,859,881,814
P,905,853,820,796,813,830,878,858,879,814
P,913,854,821,797,813,831,879,859,880,815
P,916,856,820,795,812,832,879,857,881,815
P,918,856,822,797,811,831,877,857,879,813
P,925,854,821,797,812,829,878,858,879,814
P,918,856,821,795,815,831,877,857,878,813
P,916,854,821,797,815,829,878,859,881,814
P,915,856,822,797,812,829,877,858,879,815
P,915,854,821,796,812,830,878,857,880,815
P,919,854,822,797,813,829,878,859,878,815
P,914,856,821,796,811,831,879,859,877,814
P,918,857,823,797,814,830,878,859,880,814
P,919,855,821,797,813,830,878,857,877,815
P,920,855,822,798,812,829,877,860,881,816
P,918,856,821,796,812,829,877,859,880,815
P,918,853,823,795,814,829,877,860,878,815
P,919,854,821,798,813,830,876,859,875,814
P,920,857,821,798,812,830,878,859,878,814
P,914,855,820,797,813,830,877,858,879,814
P,917,854,821,796,812,830,878,859,879,813
P,912,856,821,798,813,830,878,856,878,814
P,909,857,822,796,813,830,876,856,878,813
P,911,855,822,797,814,831,877,857,879,813
P,913,854,821,796,813,830,878,859,878,814
P,912,855,822,797,814,830,878,857,878,816
P,916,854,822,797,813,830,877,858,878,815
P,918,857,820,796,814,830,878,859,879,815
P,915,856,822,796,813,831,877,856,879,815
P,914,855,821,795,813,830,877,858,881,813
P,914,857,823,795,813,828,877,857,878,815
P,916,856,821,797,811,831,876,857,879,816
P,919,857,822,794,813,828,877,859,876,815
P,919,856,822,796,812,829,878,855,879,815
P,911,855,820,797,813,829,877,858,878,813
P,915,853,821,796,812,831,879,860,880,814
P,915,853,821,795,811,831,876,860,881,814
P,916,854,819,797,813,829,876,853,882,816
P,921,854,822,797,810,830,878,859,879,816
P,915,853,822,799,810,829,878,858,879,816
P,915,857,822,798,813,831,878,857,878,813
P,910,858,820,797,810,829,878,859,878,813
P,918,855,822,794,813,829,878,861,878,815
P,913,854,823,797,812,831,879,858,877,815
P,918,856,823,798,815,830,878,858,880,816
P,915,857,822,796,812,829,878,858,876,816
P,919,857,822,796,813,830,877,859,879,815
P,918,856,823,798,812,830,878,858,881,816
P,912,853,821,796,813,830,878,859,880,814
P,916,855,821,794,815,830,877,860,880,815
P,917,855,821,795,814,830,876,857,878,815
P,916,857,820,797,813,831,878,859,880,814
P,915,856,821,796,812,830,877,857,879,814
P,915,856,821,795,811,828,878,858,880,816
P,918,857,820,795,812,830,878,858,880,816
P,912,855,821,797,812,828,877,858,880,815
P,915,856,822,795,811,828,876,857,879,813
P,916,856,822,797,812,830,877,859,880,814
P,918,855,822,796,813,830,879,860,879,814
P,917,857,821,798,812,829,879,858,881,813
P,914,857,821,796,812,831,878,860,880,814
P,918,854,821,795,812,830,877,857,880,814
P,917,856,820,795,812,829,876,861,878,814
P,914,856,822,797,812,830,878,859,877,814
P,916,857,821,796,812,830,878,858,880,814
P,923,856,820,795,814,830,877,859,879,813
P,921,855,822,795,813,831,877,859,880,812
P,918,855,822,795,811,829,877,857,877,816
P,920,855,822,796,811,829,878,856,880,816
P,914,854,821,795,812,829,878,857,881,814
P,919,854,820,795,810,831,876,856,879,816
P,918,857,822,797,811,831,878,859,880,814
P,913,856,822,796,812,830,877,858,878,815
P,913,853,821,796,811,830,878,859,879,814
P,912,856,821,797,812,831,878,858,880,816
P,916,856,822,796,812,830,878,858,879,814
P,917,853,822,797,810,829,878,859,878,816
P,921,855,821,796,811,830,876,859,880,815
P,917,855,822,797,810,831,875,858,880,815
P,921,855,822,797,810,829,877,857,880,815
P,914,856,821,796,810,829,877,857,877,812
P,919,854,823,797,811,830,878,858,879,816
P,919,857,822,795,810,830,878,858,881,816
P,919,855,822,797,810,830,877,858,877,814
P,912,858,823,794,811,829,878,856,877,815
P,915,854,822,795,810,830,878,857,878,815
P,914,856,823,797,811,831,879,857,880,816
P,918,857,822,795,812,830,878,856,881,814
P,919,855,822,795,811,830,878,858,878,813
P,910,853,821,795,810,831,877,858,878,813
P,911,854,821,796,812,830,878,860,881,814
P,918,857,822,796,812,830,877,857,877,813
P,917,857,822,796,811,830,877,858,879,813
P,911,856,821,796,812,831,877,855,876,812
P,917,855,822,797,810,830,878,857,878,817
P,914,855,820,795,810,830,877,861,879,813
P,918,854,823,794,811,829,877,857,880,815
P,920,855,822,796,811,829,876,858,879,815
P,911,858,822,797,808,830,876,858,878,814
P,914,853,824,798,810,830,876,860,878,815
P,918,854,822,796,811,830,878,857,880,813
P,918,855,822,795,811,830,877,860,878,814
P,910,857,821,795,811,829,877,857,879,814
P,918,857,823,795,812,831,878,861,880,814
P,916,855,822,796,809,829,878,856,875,815
P,918,854,823,794,811,830,878,857,878,816
P,920,857,822,797,809,831,875,859,879,813
P,919,854,822,795,811,830,876,857,879,814
P,914,857,822,797,812,831,877,857,881,815
P,918,857,823,797,810,829,878,857,879,814
P,920,855,822,797,811,830,877,858,878,812
P,920,854,822,795,812,830,878,859,881,815
P,916,855,821,794,812,829,878,856,878,814
P,914,856,821,795,812,830,876,858,879,814
P,912,853,822,797,810,831,877,858,880,816
P,921,854,822,796,815,829,877,857,879,814
P,919,854,822,796,814,829,877,855,880,816
P,920,853,822,797,814,831,876,859,879,815
P,916,855,822,795,812,831,877,857,880,814
P,912,854,822,797,813,830,877,859,879,812
P,917,853,821,795,814,830,877,858,879,813
P,914,855,824,795,812,828,878,858,880,815
P,919,856,822,797,812,829,877,856,880,814
P,916,853,821,796,815,830,877,859,877,813
P,912,856,821,797,815,830,878,857,878,815
P,914,855,821,796,812,831,876,857,878,815
P,918,856,822,797,812,830,878,856,880,815
P,913,855,822,796,812,830,875,857,879,815
P,918,855,821,796,813,829,878,859,879,814
P,913,854,821,795,811,829,878,858,879,813
P,920,854,823,796,813,830,876,856,879,814
P,918,854,822,795,814,829,877,856,877,814
P,910,852,822,797,815,829,878,857,880,812
P,916,855,822,796,812,830,877,857,878,814
P,918,855,822,796,813,829,877,860,877,812
P,912,854,822,795,814,829,878,857,881,813
P,911,857,820,792,813,829,879,856,878,813
P,917,856,822,797,812,829,876,858,879,814
P,917,856,821,795,812,831,877,860,880,815
P,912,854,822,795,812,829,876,857,881,814
P,919,857,821,796,815,829,877,859,881,814
P,917,855,821,795,813,830,878,859,882,812
P,917,853,822,797,814,830,878,857,880,813
P,911,855,823,795,815,829,878,859,880,814
P,913,857,822,796,816,830,878,854,878,814
P,919,855,821,795,814,827,878,857,881,813
P,913,856,821,797,813,829,877,856,880,816
P,916,855,822,796,812,829,877,858,879,813
P,915,857,821,794,814,831,878,860,877,813
P,915,856,823,795,815,830,877,858,878,814
P,915,855,822,796,813,830,876,861,879,813
P,913,854,821,795,812,829,878,858,877,814
P,914,856,822,795,812,829,877,858,880,813
P,915,853,821,797,812,830,876,857,877,814
P,920,853,824,797,813,830,875,858,880,814
P,918,857,821,794,813,830,877,858,879,815
P,914,857,822,795,812,829,877,859,877,813
P,913,854,823,796,812,830,878,857,877,814
P,912,854,821,795,811,829,876,855,878,814
P,914,856,822,795,813,830,876,859,880,815
P,917,854,821,795,813,830,878,858,879,815
P,913,858,822,796,813,830,878,859,879,812
P,919,855,823,794,813,830,877,858,878,815
P,915,854,822,796,815,829,879,860,877,815
P,916,854,822,795,813,829,877,858,878,813
P,921,854,823,797,812,830,878,857,879,812
P,912,854,823,796,812,830,877,859,880,815
P,911,857,821,796,814,829,878,856,879,811
P,916,856,824,797,813,830,878,858,880,814
P,920,854,823,796,813,830,878,856,878,814
P,916,856,822,796,814,830,878,858,878,813
P,915,857,823,797,816,830,877,859,879,813
P,917,856,822,795,816,829,877,857,879,815
P,917,855,821,794,816,829,876,856,877,814
P,916,854,822,798,814,830,878,857,881,814
P,920,856,823,796,816,830,877,856,880,814
P,909,854,823,797,816,831,877,856,878,814
P,914,854,823,796,814,828,878,861,879,815
P,919,857,821,796,815,830,878,858,880,812
P,920,857,823,796,817,831,878,857,879,814
P,915,856,823,796,816,829,877,859,880,813
P,917,854,822,797,816,831,877,857,879,813
P,917,854,822,796,815,829,878,858,879,813
P,911,854,822,796,813,829,878,856,879,813
P,916,855,823,795,814,829,877,857,878,814
P,916,855,822,797,812,830,876,856,878,814
P,917,856,824,797,813,831,878,857,880,812
P,917,855,823,795,813,830,877,857,882,815
P,913,858,822,796,813,830,877,858,878,815
P,913,855,821,796,814,829,878,857,879,813
P,918,855,822,796,812,831,878,856,880,813
P,918,857,821,795,814,829,876,859,878,815
P,920,855,819,795,812,829,878,857,880,814
P,917,856,822,795,814,829,878,858,879,814
P,915,855,823,798,813,829,876,855,880,814
P,911,856,824,796,813,828,877,856,878,814
P,912,854,822,795,813,829,876,856,880,813
P,912,856,822,797,815,830,877,857,878,812
P,919,854,822,795,815,829,877,857,879,813
P,913,856,822,797,816,830,876,859,877,814
P,916,854,822,796,815,828,877,859,878,814
P,914,854,822,797,815,830,878,857,879,814
P,916,855,821,795,812,829,877,857,881,815
P,916,857,822,796,813,830,877,858,879,816
P,914,854,823,794,814,829,876,858,877,812
P,917,858,823,794,813,829,877,857,879,814
P,919,856,823,795,814,829,876,858,879,813
P,914,857,824,798,815,829,877,857,877,813
P,921,854,820,793,814,830,878,856,878,814
P,915,857,822,796,814,828,876,859,880,814
P,913,856,822,796,815,830,876,857,876,813
P,915,855,821,795,812,830,878,856,880,814
P,917,856,821,796,814,830,878,858,880,813
P,916,857,823,795,816,831,877,861,880,814
P,917,855,822,796,814,828,878,853,880,814
P,918,856,822,796,816,830,876,858,878,812
P,917,858,822,795,815,830,876,856,880,814
P,914,855,823,795,815,829,877,857,879,813
P,910,853,823,796,817,830,878,859,878,811
P,911,856,822,796,816,829,878,858,879,814
P,916,856,822,797,816,828,877,857,879,812
P,908,854,822,796,815,831,877,858,881,813
P,916,855,823,794,816,829,877,856,880,812
P,916,854,822,797,816,829,878,856,877,814
P,913,858,823,797,814,831,878,857,880,811
P,909,854,823,795,816,830,878,856,878,814
P,915,855,823,795,814,829,878,857,879,813
P,916,855,824,795,816,829,877,858,879,812
P,911,857,823,795,813,829,877,856,877,815
P,912,855,822,796,815,830,876,859,878,812
P,919,854,823,796,814,829,877,858,877,813
P,922,855,823,797,815,830,877,855,880,814
P,918,857,823,796,817,829,876,857,877,815
P,910,855,823,796,816,830,878,858,879,815
P,916,855,822,794,817,829,878,859,877,813
P,913,853,822,797,817,829,877,855,878,814
P,918,857,823,794,816,830,878,856,879,814
P,921,854,824,794,816,831,876,858,878,813
P,918,854,822,796,816,832,875,851,876,812
P,917,857,824,796,814,830,878,857,880,813
P,912,856,822,795,815,829,877,855,876,815
P,917,855,824,795,812,831,876,858,877,814
P,910,854,822,796,814,829,877,856,879,815
P,920,855,823,796,813,829,876,857,878,814
P,913,855,824,795,814,829,876,857,878,812
P,912,853,820,795,815,828,878,858,878,812
P,907,854,823,795,815,830,876,858,877,814
P,910,856,821,794,815,830,878,858,877,813
P,911,853,822,797,819,829,877,857,877,813
P,917,856,822,795,817,830,877,858,879,814
P,911,854,821,795,816,829,876,858,880,813
P,913,855,823,794,817,829,876,856,879,814
P,912,856,823,795,815,828,877,858,880,814
P,912,857,823,796,817,830,877,858,880,813
P,916,856,823,795,817,827,875,856,878,814
P,915,857,823,795,817,830,878,855,879,814
P,911,856,823,795,816,830,876,856,879,812
P,912,856,823,796,815,830,877,857,877,812
P,911,854,824,795,815,829,877,858,878,814
P,915,855,822,796,816,829,877,857,879,814
P,919,855,822,796,815,829,877,857,879,814
P,915,854,823,796,816,828,878,859,878,814
P,917,854,823,797,813,831,876,859,879,814
P,918,855,823,795,814,829,876,856,879,812
P,912,855,822,796,814,831,877,856,880,812
P,918,855,823,794,815,830,877,857,878,813
P,910,855,822,796,814,829,876,854,878,813
P,913,856,822,796,815,830,877,858,881,815
P,911,853,823,795,816,829,877,858,878,813
P,913,854,823,795,816,830,876,857,879,813
P,919,854,822,796,814,831,877,856,880,811
P,913,856,823,794,815,831,875,858,879,814
P,919,855,822,793,816,828,877,855,879,816
P,912,855,821,795,815,831,876,856,879,814
P,910,856,822,796,815,829,876,857,878,813
P,910,856,824,795,815,829,877,855,877,813
P,914,853,823,794,814,829,877,855,879,813
P,909,856,822,796,816,830,878,859,880,815
P,916,856,823,796,816,829,878,859,879,811
P,915,856,823,794,813,828,876,857,879,814
P,914,854,821,794,815,830,876,859,883,812
P,917,858,823,796,815,829,877,857,880,813
P,916,857,823,795,816,830,877,857,878,814
P,912,853,824,796,814,829,876,858,877,813
P,917,857,821,795,816,830,876,858,879,813
P,916,855,823,795,816,829,878,855,879,815
P,916,855,824,798,818,828,874,855,879,812
P,911,853,823,794,814,829,877,857,878,815
P,913,854,824,794,814,831,878,859,880,813
P,911,856,823,796,815,829,877,857,878,813
P,916,856,824,796,815,830,877,855,879,813
P,916,855,823,793,815,829,875,857,879,814
P,917,857,823,795,817,829,877,856,880,812
P,915,854,824,795,815,829,877,858,879,813
P,915,853,824,797,815,829,877,857,878,815
P,910,856,823,796,817,829,877,858,880,814
P,916,855,821,794,816,830,877,856,879,814
P,916,857,823,795,818,829,876,856,879,814
P,918,857,823,798,816,829,876,857,879,813
P,909,855,823,794,819,828,876,855,879,814
P,920,856,823,795,817,829,877,858,878,814
P,915,856,822,794,820,830,876,856,878,813
P,915,855,823,795,819,830,876,854,879,815
P,919,857,822,795,821,829,878,857,879,815
P,914,855,824,795,819,829,877,858,876,812
P,909,856,823,795,815,828,877,858,880,813
P,915,853,823,796,815,829,876,855,880,814
P,918,856,823,795,819,829,877,859,879,813
P,910,857,824,795,818,829,876,857,879,813
P,915,857,823,795,818,827,877,856,880,814
P,912,854,824,796,818,830,878,856,879,814
P,916,856,823,795,817,830,878,857,877,815
P,916,856,824,795,815,830,877,856,878,815
P,913,857,824,794,816,830,878,858,877,814
P,912,860,824,795,814,828,878,856,880,814
P,917,858,828,794,816,830,876,856,878,813
P,915,856,825,795,815,829,874,853,881,818
P,919,857,826,794,816,830,877,857,881,813
P,924,854,824,797,815,830,875,857,879,815
P,916,856,823,793,816,829,876,856,878,815
P,913,854,825,795,816,830,877,860,879,812
P,911,857,825,796,816,828,877,858,880,814
P,916,855,825,796,820,830,877,857,878,815
P,913,855,825,795,818,827,876,856,879,815
P,920,853,823,795,817,829,877,857,877,813
P,927,859,824,797,816,828,877,858,879,813
P,912,856,825,796,816,828,877,858,879,813
P,916,854,826,795,816,829,876,859,881,814
P,912,854,824,796,816,829,878,856,878,816
P,913,855,825,793,816,829,876,856,879,813
P,919,856,826,795,817,831,877,857,879,816
P,915,857,825,794,815,830,876,857,880,812
P,911,857,824,795,817,830,877,858,880,814
P,912,856,825,793,816,829,875,858,879,814
P,917,855,823,795,817,831,876,858,880,813
P,914,858,824,796,817,829,876,856,880,813
P,911,856,825,794,817,830,876,857,879,814
P,911,855,825,796,818,829,877,855,881,812
P,916,857,824,796,820,831,876,857,879,814
P,917,855,823,796,819,829,876,856,879,814
P,916,857,823,796,819,829,875,858,881,815
P,917,856,822,795,818,829,875,859,881,814
P,917,854,821,794,820,828,876,856,881,814
P,914,855,824,793,815,828,877,858,880,814
P,921,856,823,795,817,829,877,858,879,813
P,907,854,824,796,816,828,877,856,880,815
P,914,855,824,795,816,830,876,858,881,815
P,913,855,823,794,815,829,875,858,879,813
P,919,857,822,795,817,829,876,858,880,813
P,916,855,823,797,815,830,876,857,880,813
P,911,854,823,796,816,829,877,857,880,813
P,914,856,822,794,814,829,877,857,879,815
P,918,855,822,794,815,830,876,856,880,816
P,921,854,823,795,815,829,876,857,880,814
P,917,854,824,796,815,829,876,856,880,813
P,916,857,823,796,815,830,875,857,879,812
P,914,852,822,797,816,829,875,854,881,815
P,912,855,823,797,816,829,875,858,879,814
P,915,855,823,791,813,829,877,860,880,815
P,915,857,824,795,816,830,876,856,879,814
P,912,854,823,794,815,830,875,857,879,815
P,921,855,823,793,816,829,875,856,878,815
P,915,855,823,796,815,831,876,855,881,816
P,912,857,823,794,813,830,876,854,879,816
P,909,855,823,795,817,829,874,856,882,815
P,919,856,823,796,816,829,876,858,878,815
P,918,854,824,796,816,829,876,857,879,814
P,912,856,822,796,815,830,877,855,880,814
P,915,854,823,794,814,829,875,856,881,814
P,912,856,822,798,817,831,878,856,881,814
P,915,858,822,795,816,829,875,856,880,814
P,915,856,823,797,818,830,875,857,879,816
P,914,855,823,796,816,831,876,857,878,814
P,915,856,824,795,816,830,876,857,879,815
P,918,857,823,795,817,829,876,857,879,814
P,911,856,823,795,817,830,875,857,878,813
P,912,853,824,796,817,830,875,855,880,815
P,913,855,822,794,818,828,876,855,877,814
P,911,858,824,795,820,829,875,858,880,814
P,916,855,823,795,819,830,875,857,880,813
P,917,856,823,796,815,829,875,859,882,813
P,912,857,824,795,816,830,876,857,880,815
P,921,858,823,794,815,830,874,855,879,815
P,918,853,823,796,817,830,876,857,880,815
P,914,856,823,795,816,829,875,857,879,815
P,908,855,824,795,816,831,877,858,878,813
P,910,857,822,797,814,831,877,856,881,814
P,914,855,823,794,816,830,874,855,880,816
P,913,855,823,794,816,829,876,857,879,814
P,921,855,824,796,815,829,875,857,880,813
P,911,854,825,793,814,830,876,856,880,814
P,912,852,823,795,816,829,875,857,881,813
P,914,858,823,793,818,830,875,858,879,815
P,913,856,823,795,815,829,875,856,879,814
P,912,855,824,794,816,829,876,856,881,815
P,911,857,825,796,817,831,875,856,880,814
P,917,856,824,796,816,829,875,857,880,813
P,917,854,823,795,816,830,875,856,880,815
P,912,857,824,794,817,830,875,855,879,813
P,914,854,824,796,817,830,875,858,879,815
P,918,854,823,795,817,830,875,856,879,816
P,914,856,823,793,817,830,875,855,881,814
P,913,857,824,796,817,830,875,858,879,816
P,919,857,823,797,819,830,875,854,879,816
P,912,855,823,794,816,830,875,857,879,815
P,917,857,824,795,817,830,875,857,880,816
P,913,855,824,794,818,830,876,856,880,817
P,918,856,823,794,818,829,875,852,882,816
P,918,856,823,796,816,830,875,855,878,816
P,919,856,823,794,818,830,876,858,879,816
P,917,857,823,795,816,829,876,857,879,814
P,911,856,823,794,818,830,874,860,879,816
P,914,857,824,795,817,829,876,857,880,814
P,919,854,822,796,818,830,874,857,879,815
P,918,857,823,792,817,829,876,856,879,814
P,916,855,824,795,817,829,875,856,879,814
P,914,854,823,794,816,830,875,857,880,814
P,919,856,824,797,818,828,876,855,880,815
P,908,856,824,795,818,830,876,857,881,815
P,918,851,821,795,815,830,875,856,880,813
P,912,855,824,795,815,830,874,855,878,813
P,920,856,824,794,817,829,875,855,880,813
P,916,855,824,794,817,830,875,857,879,813
P,913,854,824,795,816,828,876,858,880,814
P,918,858,822,795,817,828,876,856,880,815
P,916,855,823,796,818,829,875,856,880,814
P,912,855,823,796,820,829,875,854,880,815
P,924,859,823,794,818,830,875,857,880,815
P,916,856,824,794,816,829,875,856,881,812
P,913,851,825,795,815,829,876,858,877,815
P,913,853,823,796,816,829,874,858,879,815
P,917,854,823,796,816,829,876,858,881,813
P,919,851,822,794,815,829,873,855,880,813
P,911,855,823,794,817,828,876,857,880,813
P,913,857,824,794,817,829,874,855,879,816
P,912,857,823,795,816,829,874,856,879,816
P,912,855,824,795,815,829,875,856,880,815
P,912,852,825,796,817,830,875,855,880,815
P,918,856,825,796,817,829,875,859,881,816
P,917,857,823,795,816,830,877,858,879,813
P,912,856,825,795,816,829,875,854,879,815
P,915,856,823,797,816,829,875,857,878,812
P,918,853,824,795,816,829,874,858,878,815
P,910,855,821,792,818,829,874,857,880,813
P,910,857,825,794,818,830,876,858,880,813
P,918,856,823,796,818,830,876,855,878,813
P,912,855,823,796,819,828,876,858,879,812
P,918,857,822,796,819,830,875,857,878,815
P,911,856,823,796,819,829,876,855,878,812
P,918,855,824,794,817,829,876,854,879,810
P,904,856,824,794,816,829,875,855,880,813
P,919,855,824,795,815,830,875,856,878,814
P,918,856,824,795,815,830,876,860,879,817
P,914,856,824,795,816,829,876,856,879,814
P,913,856,824,795,816,828,875,855,878,816
P,919,856,823,795,817,830,875,857,880,813
P,910,857,823,794,816,830,875,855,879,814
P,917,858,823,794,816,828,874,856,880,815
P,913,854,824,795,817,829,876,857,880,814
P,911,857,825,796,815,830,875,857,879,815
P,917,854,823,793,816,829,873,858,880,814
P,918,857,822,795,815,829,874,857,879,815
P,910,857,823,794,816,830,875,858,879,815
P,914,856,824,794,816,829,874,857,879,815
P,920,857,822,795,817,829,875,855,878,816
P,911,855,824,794,817,828,875,857,880,813
P,914,857,824,796,816,830,874,857,881,814
P,917,854,823,796,817,830,875,855,878,813
P,912,856,824,795,817,829,874,857,880,815
P,913,854,824,795,818,829,874,858,878,815
P,917,855,823,794,817,829,876,857,879,812
P,916,854,822,793,814,830,875,856,880,813
P,914,854,824,794,816,830,875,855,879,812
P,917,857,824,796,816,829,873,855,879,812
P,918,855,824,795,815,830,873,858,877,812
P,918,857,824,794,816,830,874,855,877,812
P,917,856,823,795,816,829,875,856,879,813
P,913,855,824,794,818,830,876,855,880,812
P,917,856,823,796,818,830,874,857,879,813
P,908,855,823,796,819,829,875,858,878,814
P,913,855,823,795,821,829,875,856,878,812
P,915,857,823,794,818,829,876,856,881,815
P,914,854,825,795,819,828,874,859,879,813
P,915,858,823,797,821,829,876,858,878,814
P,918,858,823,796,817,827,876,856,882,812
P,915,856,825,794,820,830,876,856,880,813
P,916,855,823,796,821,829,875,857,878,811
P,914,856,825,795,820,830,875,857,879,813
P,914,858,822,795,818,830,876,858,879,813
P,916,856,824,794,819,830,875,858,879,813
P,914,854,825,793,819,830,875,856,878,813
P,909,854,824,796,817,828,876,855,880,813
P,919,855,823,796,819,829,876,857,880,811
P,916,857,823,795,818,830,875,855,880,813
P,908,855,823,793,819,828,875,854,879,813
P,916,858,823,797,817,829,876,857,879,814
P,913,860,824,797,817,829,875,856,879,811
P,915,858,824,794,818,830,875,857,881,812
P,918,853,823,794,816,829,874,857,880,812
P,902,855,823,795,817,829,876,857,879,813
P,911,856,824,794,817,829,875,857,877,811
P,916,856,823,796,816,829,874,857,880,812
P,920,852,823,796,816,828,875,857,880,814
P,913,855,823,796,814,830,874,857,880,813
P,910,856,825,796,816,830,877,855,879,812
P,916,857,823,792,814,829,873,855,879,813
P,918,857,823,795,815,829,875,857,878,813
P,914,856,824,796,814,829,874,856,877,814
P,915,856,824,794,816,829,876,856,879,813
P,913,856,823,796,816,830,875,857,879,813
P,913,855,825,794,816,830,876,856,880,813
P,911,855,824,795,815,830,875,855,879,813
P,915,855,824,795,814,829,875,856,878,813
P,920,855,823,794,815,829,874,857,878,814
P,916,856,824,796,815,830,875,856,880,811
P,911,859,824,795,816,829,875,855,879,813
P,913,856,824,794,815,830,875,857,880,813
P,910,857,823,795,815,829,876,856,880,810
P,914,856,824,794,814,830,873,858,880,812
P,914,854,823,794,816,830,875,858,881,813
P,916,854,823,795,814,828,874,855,879,812
P,908,859,822,795,816,829,874,857,878,814
P,912,856,825,793,815,828,876,854,880,812
P,917,854,824,795,814,829,876,855,879,814
P,912,856,824,795,816,830,876,853,878,811
P,916,856,823,795,815,829,875,855,877,814
P,919,856,824,796,817,831,876,854,880,813
P,912,857,824,795,817,830,876,855,880,813
P,912,857,824,795,816,829,875,856,880,812
P,917,855,825,795,816,829,876,857,878,813
P,911,857,825,794,813,830,876,855,879,812
P,915,853,825,794,816,828,876,856,880,812
P,912,858,824,796,816,830,876,855,879,814
P,915,856,823,795,815,829,874,857,878,812
P,918,856,824,794,814,829,875,856,879,812
P,920,854,826,794,813,831,874,858,880,812
P,918,857,825,796,813,829,874,857,879,814
P,920,858,825,793,816,830,875,857,880,813
P,918,856,824,795,815,829,875,856,878,811
P,916,856,824,795,815,830,875,857,878,812
P,919,854,824,794,813,829,874,856,880,812
P,912,857,824,796,815,828,876,857,879,814
P,911,856,823,794,812,829,876,857,882,813
P,918,857,823,795,815,830,874,860,881,813
P,911,854,823,795,815,828,874,858,879,814
P,914,855,824,795,814,829,874,855,877,812
P,917,855,825,796,813,829,876,855,878,813
P,915,857,824,791,811,828,876,858,876,813
P,913,856,824,794,814,830,875,856,880,811
P,912,855,822,795,814,829,874,855,877,811
P,920,855,824,795,813,830,875,856,880,811
P,912,856,825,795,814,828,874,858,880,815
P,916,855,825,796,814,830,875,856,879,811
P,914,860,822,795,813,830,874,854,878,812
P,918,857,825,795,814,830,874,858,878,812
P,918,856,824,796,814,830,874,856,882,812
P,914,856,825,794,813,830,874,857,880,814
P,918,856,823,796,814,829,874,857,881,814
P,910,858,824,797,814,830,874,857,879,812
P,919,855,825,793,810,829,875,855,878,813
P,911,856,824,795,814,830,874,858,879,813
P,917,856,825,795,814,829,874,856,880,813
P,917,852,823,796,814,829,873,856,879,813
P,918,857,824,795,814,829,875,857,879,813
P,910,854,824,796,815,828,875,856,878,814
P,919,856,825,796,812,830,874,855,879,814
P,910,857,826,796,814,828,875,856,878,812
P,919,855,824,796,812,828,875,856,878,814
P,917,854,825,795,814,829,875,856,880,812
P,916,857,825,794,812,829,875,857,879,812
P,915,855,824,795,813,829,875,857,879,814
P,913,856,824,793,813,829,874,856,880,813
P,916,855,824,797,815,831,873,859,879,813
P,916,854,825,796,813,828,873,857,880,811
P,912,854,825,793,813,829,873,854,879,812
P,918,857,823,794,814,828,875,855,879,810
P,917,857,825,796,814,830,875,856,880,814
P,924,857,823,795,812,829,874,854,878,814
P,914,856,824,795,813,829,874,857,878,813
P,912,855,825,794,814,829,875,859,879,813
P,916,855,823,795,814,829,875,857,879,814
P,913,855,825,796,814,829,874,854,879,811
P,913,855,823,796,813,829,874,858,880,812
P,915,855,823,796,813,828,875,857,880,811
P,913,855,825,795,812,829,874,856,878,814
P,915,855,825,794,813,829,875,856,881,812
P,911,856,824,793,811,829,875,856,878,813
P,917,854,824,794,812,831,874,858,878,813
P,915,857,823,794,812,829,874,856,877,812
P,914,853,826,795,815,830,876,858,880,811
P,915,855,824,795,813,830,874,856,880,814
P,911,854,824,796,814,829,874,855,880,813
P,911,855,823,794,814,829,874,857,880,813
P,917,854,824,798,812,830,874,853,878,812
P,918,858,824,795,813,830,875,855,879,814
P,916,857,825,795,812,830,875,858,878,813
P,913,855,826,794,812,830,874,856,877,814
P,912,855,824,795,813,830,874,860,878,813
P,916,857,824,793,813,830,873,852,878,812
P,913,855,824,796,812,830,874,856,879,813
P,912,857,825,794,812,830,874,858,877,812
P,905,853,824,796,812,829,874,856,880,812
P,917,854,824,795,813,829,874,855,879,811
P,919,858,823,796,812,829,875,858,879,812
P,917,856,823,794,812,830,874,856,878,814
P,913,854,824,795,812,829,873,860,877,812
P,919,858,824,796,812,829,874,855,878,812
P,918,855,825,794,813,830,874,858,878,814
P,917,857,825,796,813,829,874,857,879,814
P,919,857,825,796,812,829,873,857,881,809
P,922,855,824,795,813,830,875,855,878,812
P,918,857,825,794,812,828,875,856,878,812
P,920,853,824,797,812,830,874,859,880,814
P,911,853,824,794,813,829,875,854,879,814
P,913,855,824,796,813,826,873,856,878,812
P,909,857,824,794,811,829,875,857,879,812
P,913,853,825,792,814,829,874,855,880,814
P,911,856,824,795,811,829,874,856,880,813
P,911,855,825,795,813,828,874,856,878,813
P,920,855,826,793,811,828,874,858,879,814
P,911,855,823,795,813,829,876,855,878,814
P,916,857,824,793,813,830,874,854,879,813
P,914,856,825,794,812,828,874,855,879,814
P,913,855,824,795,814,828,874,857,877,813
P,919,856,824,794,812,831,875,856,877,813
P,918,857,825,794,813,830,874,855,880,813
P,915,857,823,795,812,829,875,856,878,811
P,930,854,823,795,812,829,875,856,880,814
P,911,856,825,796,813,830,874,855,877,813
P,916,854,823,797,811,828,874,855,880,813
P,917,853,824,795,814,829,874,855,880,814
P,912,854,824,794,811,829,875,858,879,810
P,914,855,824,794,812,830,875,855,879,813
P,910,857,825,795,814,829,874,858,879,813
P,917,856,826,794,812,827,874,858,879,814
P,912,856,825,796,812,828,875,857,879,812
P,911,854,825,795,813,829,874,857,879,812
P,915,856,825,794,813,829,873,858,878,813
P,915,857,824,796,813,829,875,858,877,812
P,919,857,825,795,813,830,875,854,880,812
P,912,852,823,796,812,828,875,857,878,813
P,914,853,826,793,815,828,875,854,880,811
P,909,855,824,795,813,829,875,856,879,813
P,918,856,826,793,812,827,874,857,878,812
P,915,854,827,795,812,828,876,854,878,813
P,914,856,823,796,812,830,875,856,879,813
P,917,855,823,795,812,830,876,855,880,812
P,917,857,825,794,811,828,873,854,877,811
P,912,855,825,796,813,829,874,856,880,811
P,911,853,823,793,814,830,875,857,878,812
P,910,855,825,796,813,830,874,857,880,812
P,921,854,828,798,812,830,875,854,878,814
P,914,855,824,794,813,829,874,855,879,812
P,917,857,824,796,812,828,874,855,877,814
P,903,852,823,794,812,828,875,854,878,811
P,916,856,826,794,812,829,875,856,878,813
P,912,855,825,793,813,828,876,857,879,811
P,916,857,826,794,812,828,874,849,880,815
P,913,855,825,794,812,828,875,856,878,811
P,907,856,826,795,812,829,875,856,881,812
P,912,856,824,795,813,829,874,853,880,812
P,910,856,826,796,812,829,875,856,878,811
P,921,856,825,793,810,828,875,855,878,812
P,908,857,826,796,811,829,875,854,879,812
P,913,855,825,795,812,828,874,856,877,812
P,914,858,826,796,813,829,874,857,879,812
P,921,856,823,791,812,830,874,857,880,812
P,912,856,826,794,812,828,875,856,879,811
P,918,854,825,794,812,830,876,856,878,814
P,916,854,825,794,813,828,875,855,882,814
P,914,856,825,796,812,829,875,857,878,813
P,919,853,826,795,811,829,874,856,880,813
P,918,856,825,794,813,829,875,857,879,813
P,917,857,825,795,813,828,874,855,879,811
P,913,856,825,794,811,828,874,856,880,813
P,921,857,825,795,811,828,874,856,877,812
P,915,856,826,797,812,829,875,858,878,813
P,917,854,825,794,814,830,875,858,878,811
P,918,855,826,793,811,829,874,855,879,811
P,921,858,826,793,810,830,874,857,878,813
P,916,857,827,794,811,828,874,855,879,812
P,912,857,828,793,811,829,875,857,878,814
P,919,856,828,793,814,830,876,856,878,813
P,914,855,827,794,812,829,874,854,879,813
P,919,858,825,794,812,829,876,855,879,810
P,917,856,825,795,812,829,875,855,881,811
P,914,856,826,794,811,828,875,857,878,812
P,913,856,824,795,812,828,874,856,880,811
P,911,856,826,796,813,830,876,857,880,812
