Y,946,886,892,787,905,830,888,849,850,803
Y,883,844,923,803,891,805,891,819,770,752
Y,885,845,924,803,892,806,891,816,770,751
Y,884,842,924,802,892,806,891,817,768,752
Y,882,843,924,803,892,804,892,818,771,753
Y,882,845,924,804,893,805,892,818,768,751
Y,882,843,924,802,892,804,892,819,769,753
Y,880,846,924,802,892,805,891,818,769,751
Y,883,846,925,804,893,805,893,818,770,753
Y,883,845,924,802,892,804,892,819,771,752
Y,880,846,925,802,890,805,891,817,769,752
Y,881,845,924,804,892,803,891,817,769,753
Y,883,844,923,805,892,805,892,818,770,751
Y,886,845,924,805,891,805,892,818,769,752
Y,881,843,924,803,891,806,892,818,771,752
Y,884,847,925,804,892,804,892,819,771,753
Y,879,845,924,802,891,805,891,817,771,753
Y,880,845,925,803,891,804,892,817,769,751
Y,883,847,925,803,892,806,892,817,770,753
Y,881,843,923,803,890,804,892,819,770,753
Y,881,844,924,804,891,806,893,816,770,752
Y,879,846,923,804,892,803,892,817,771,753
Y,879,845,924,803,893,806,892,819,770,752
Y,883,845,924,803,892,803,891,817,772,752
Y,881,847,924,804,891,805,892,818,771,752
Y,883,845,925,803,891,805,892,817,770,752
Y,888,841,925,804,891,804,892,816,770,751
Y,877,844,924,802,891,804,892,817,770,754
Y,879,846,924,804,893,805,892,817,770,751
Y,884,844,924,804,892,805,892,818,772,753
Y,883,845,926,802,894,806,891,818,770,752
Y,880,847,924,803,891,806,890,818,769,752
Y,878,846,924,804,892,805,892,818,771,752
Y,878,843,923,802,891,803,890,817,771,752
Y,881,847,925,803,893,803,891,816,770,753
Y,882,844,924,804,890,805,890,816,770,752
Y,884,846,924,803,892,805,891,817,771,753
Y,886,848,925,804,891,805,892,817,772,752
Y,881,845,923,804,891,805,890,818,770,752
Y,881,846,924,803,892,805,891,817,770,754
Y,875,844,925,802,891,804,890,816,772,754
Y,880,845,925,804,891,805,892,818,771,753
Y,880,846,924,804,890,805,892,818,770,754
Y,881,847,923,801,893,806,891,818,771,755
Y,880,846,923,804,891,805,890,819,772,755
Y,884,846,923,802,890,807,892,816,772,755
Y,885,846,923,804,892,806,891,817,771,755
Y,885,848,923,804,891,804,890,817,773,756
Y,884,844,923,804,891,805,891,817,771,754
Y,879,845,924,803,892,804,892,817,770,753
Y,880,846,923,803,891,804,891,817,770,754
Y,886,845,926,803,891,804,892,817,771,754
Y,882,845,924,804,891,803,893,815,769,753
Y,874,848,925,804,894,806,891,816,771,751
Y,878,844,923,804,891,805,891,816,770,753
Y,885,845,924,803,893,806,891,815,770,753
Y,882,844,923,804,892,805,892,817,769,755
Y,882,846,924,803,891,803,890,817,770,755
Y,885,847,923,802,892,806,892,818,772,754
Y,881,847,924,804,892,803,891,817,771,754
Y,883,849,923,803,896,804,890,818,770,753
Y,881,846,924,802,894,805,891,816,772,754
Y,878,846,922,802,891,804,892,816,770,754
Y,883,846,923,802,892,806,892,816,771,753
Y,885,847,923,803,893,805,891,818,771,754
Y,882,847,924,803,890,803,892,817,770,752
Y,883,848,924,803,892,803,891,817,771,753
Y,884,848,925,802,891,804,891,816,770,752
Y,880,846,923,803,892,805,891,816,771,754
Y,882,847,925,804,892,804,890,817,771,756
Y,881,847,923,803,892,805,891,818,770,754
Y,883,844,921,800,893,803,891,818,772,754
Y,882,845,923,801,891,805,891,817,771,755
Y,885,845,924,802,892,805,891,818,772,754
Y,881,846,923,804,892,804,891,817,771,752
Y,889,843,923,805,891,805,891,817,770,754
Y,882,848,924,806,891,805,890,814,770,753
Y,888,848,923,803,891,805,890,815,771,754
Y,885,847,923,804,891,805,890,816,770,753
Y,882,846,923,802,891,804,889,814,770,752
Y,885,847,924,803,890,805,891,817,771,754
Y,884,846,924,803,891,805,891,817,772,753
Y,882,846,923,804,892,805,892,816,770,754
Y,880,846,923,802,890,803,891,814,771,755
Y,886,848,925,803,890,805,890,817,772,754
Y,882,845,924,804,889,805,891,816,770,753
Y,881,846,924,803,889,803,890,817,770,754
Y,885,846,924,802,891,804,891,817,770,754
Y,884,845,926,804,893,806,892,815,771,755
Y,881,846,922,802,892,805,891,817,771,754
Y,884,847,923,802,892,803,892,816,771,753
Y,887,845,924,804,892,804,889,817,771,754
Y,885,846,924,800,891,804,890,817,769,754
Y,889,847,925,803,890,804,891,817,772,754
Y,884,845,923,803,892,805,892,816,771,754
Y,883,846,924,803,890,804,891,817,771,755
Y,881,844,922,803,892,804,889,816,771,754
Y,886,843,926,804,890,804,889,814,772,754
Y,886,847,923,801,890,805,892,817,771,755
Y,885,847,922,804,891,803,890,817,770,754
Y,883,845,923,803,892,803,890,815,770,754
Y,885,845,923,803,890,805,889,817,772,752
Y,885,848,924,804,892,806,891,817,770,753
Y,878,846,922,803,891,803,890,817,771,754
Y,885,848,924,802,889,805,891,815,771,754
Y,882,847,922,801,892,804,890,816,771,754
Y,885,846,923,803,892,803,889,817,771,755
Y,885,847,924,801,894,804,891,817,771,755
Y,884,846,923,802,893,805,891,815,770,754
Y,886,846,924,802,892,803,891,816,773,757
Y,884,847,923,802,893,804,890,816,770,753
Y,886,846,924,803,891,804,890,813,772,753
Y,883,846,923,801,892,804,890,816,772,753
Y,885,846,924,801,890,803,890,815,771,756
Y,887,846,924,803,890,805,891,816,771,755
Y,886,847,923,802,891,804,890,815,770,754
Y,883,844,920,801,892,804,891,816,771,754
Y,884,846,922,803,893,805,890,816,771,755
Y,883,848,923,800,891,803,890,817,771,753
Y,882,846,924,803,892,803,889,816,771,755
Y,883,846,924,802,893,804,891,815,770,755
Y,888,847,924,802,893,803,891,815,771,754
Y,883,846,923,801,892,805,890,814,772,755
Y,888,845,921,801,890,802,890,816,772,756
Y,886,848,922,803,891,804,891,816,771,753
Y,888,848,924,804,891,804,890,815,769,755
Y,888,846,921,803,890,804,890,815,772,754
Y,881,850,922,801,891,804,890,815,770,754
Y,884,848,923,803,891,804,890,815,772,755
Y,882,846,925,803,893,805,891,815,770,756
Y,887,847,923,804,889,803,891,814,772,755
Y,887,846,924,804,892,804,890,816,772,755
Y,886,848,923,802,892,805,890,816,775,754
Y,887,845,923,803,892,805,891,815,772,754
Y,884,848,922,803,892,805,890,814,770,755
Y,885,845,922,802,890,803,890,816,771,755
Y,888,844,924,802,891,805,888,814,772,756
Y,888,846,923,802,890,803,890,814,771,755
Y,888,845,924,803,889,804,889,815,771,755
Y,884,845,924,802,890,804,891,815,771,754
Y,888,847,924,802,889,804,890,815,769,754
Y,880,846,924,801,891,803,891,816,771,756
Y,887,847,924,802,890,804,891,815,772,755
Y,885,846,923,802,889,803,891,815,773,756
Y,882,845,923,801,890,804,891,815,771,755
Y,880,850,925,802,894,803,890,814,770,755
Y,884,847,923,803,890,805,892,814,771,754
Y,882,846,924,802,889,803,890,815,770,754
Y,884,848,922,802,891,804,891,815,771,754
Y,890,845,922,803,889,803,891,815,772,754
Y,887,848,924,802,889,804,889,814,772,755
Y,888,845,924,803,889,804,890,815,772,755
Y,884,845,923,801,889,804,889,814,771,756
Y,886,846,921,803,891,805,890,815,772,754
Y,882,848,922,802,891,803,889,815,771,752
Y,883,845,923,801,889,804,890,816,772,755
Y,887,845,923,803,891,804,892,816,771,754
Y,887,846,923,803,891,804,889,815,771,756
Y,887,848,922,803,891,805,890,814,772,755
Y,880,846,922,803,891,805,890,815,772,756
Y,882,848,921,802,891,803,890,816,771,753
Y,886,848,922,802,890,804,889,816,774,757
Y,883,845,923,801,891,804,890,814,771,754
Y,882,847,922,802,891,804,891,816,771,755
Y,886,846,922,801,892,803,890,816,772,753
Y,883,844,922,802,887,802,890,814,771,755
Y,884,845,923,801,890,803,888,816,770,756
Y,889,848,923,800,890,805,891,816,772,754
Y,882,848,924,803,891,804,891,815,772,755
Y,883,848,923,801,890,802,889,815,772,756
Y,880,846,922,800,891,804,890,816,771,753
Y,882,847,921,801,892,803,890,815,771,752
Y,885,846,923,801,891,805,891,814,771,753
Y,879,849,923,803,886,804,891,816,771,754
Y,883,849,922,802,889,803,890,816,773,755
Y,881,847,919,800,889,804,891,815,771,754
Y,885,846,923,801,891,804,889,815,770,754
Y,888,847,923,802,890,803,890,815,771,756
Y,886,846,923,803,889,803,889,813,773,754
Y,887,844,922,803,890,804,890,816,772,753
Y,887,847,924,801,891,803,891,814,771,756
Y,894,848,924,802,890,803,889,815,770,754
Y,883,845,921,801,893,802,889,816,772,756
Y,886,846,924,801,890,804,889,816,772,753
Y,886,846,924,803,891,803,890,816,769,755
Y,883,845,923,801,891,804,891,815,771,754
Y,881,845,923,802,890,803,891,816,771,755
Y,880,846,923,803,889,804,890,815,772,754
Y,882,848,923,803,890,805,891,816,770,753
Y,886,848,923,800,890,803,890,816,771,754
Y,886,847,923,800,890,803,889,816,772,755
Y,884,846,922,801,890,802,887,816,771,756
Y,884,846,924,801,890,803,890,815,771,754
Y,885,847,922,801,890,804,890,815,772,754
Y,883,848,922,802,890,804,889,816,772,754
Y,891,848,924,802,889,805,890,815,773,756
Y,886,847,924,801,891,803,890,816,771,756
Y,882,848,921,803,889,803,889,815,771,755
Y,887,848,922,803,891,803,890,815,772,755
Y,884,848,922,802,891,804,890,813,772,756
Y,889,847,923,802,891,804,888,816,772,755
Y,884,847,923,802,893,804,890,815,771,755
Y,887,848,922,803,891,805,889,816,771,756
Y,891,849,923,800,891,803,890,814,772,756
Y,889,849,923,801,889,801,890,815,773,755
Y,882,844,922,803,891,804,891,815,771,755
Y,883,845,924,802,891,803,890,815,772,756
Y,886,848,922,799,891,805,888,816,771,756
Y,881,847,923,801,889,804,890,816,771,755
Y,887,844,923,802,889,803,889,815,773,755
Y,883,846,922,800,889,805,890,815,772,755
Y,883,847,923,801,889,804,890,815,772,754
Y,883,849,924,801,888,804,890,816,773,757
Y,887,846,924,800,890,805,891,815,772,754
Y,884,846,923,802,888,803,890,817,771,755
Y,886,847,921,802,888,803,889,815,772,756
Y,888,846,923,802,890,803,890,815,772,754
Y,888,845,921,802,888,804,891,814,772,756
Y,887,847,924,804,888,805,890,814,771,754
Y,885,847,923,802,888,803,890,815,773,755
Y,884,846,922,802,889,803,889,816,773,755
Y,888,848,922,800,888,803,890,816,772,753
Y,883,846,923,802,888,804,891,815,772,756
Y,888,844,922,803,889,803,890,815,772,755
Y,880,846,924,801,888,803,889,814,772,755
Y,890,848,923,801,889,803,889,815,771,755
Y,885,846,922,802,890,804,891,815,773,757
Y,883,845,923,801,891,803,889,815,772,755
Y,881,848,923,802,888,803,890,814,772,756
Y,884,847,924,800,890,802,892,814,772,756
Y,880,849,922,802,888,803,889,816,773,756
Y,882,848,924,800,889,804,888,816,772,756
Y,888,847,922,801,889,804,890,816,774,755
Y,879,845,922,800,889,803,890,815,772,756
Y,882,846,923,801,889,803,890,815,773,756
Y,887,846,922,801,889,802,890,814,772,755
Y,887,847,922,800,888,803,890,815,772,755
Y,886,849,923,804,889,802,890,816,773,756
Y,887,847,922,800,889,804,890,816,772,756
Y,886,845,922,801,888,803,891,816,772,755
Y,884,846,921,803,891,805,890,815,771,755
Y,886,847,921,801,890,804,890,815,772,755
Y,886,846,923,802,889,802,890,815,772,754
Y,887,847,922,801,890,804,889,814,773,753
Y,887,846,921,800,890,804,889,817,770,758
Y,884,847,922,801,887,804,889,816,772,756
Y,888,844,921,802,890,803,889,813,773,755
Y,879,849,923,801,890,802,890,815,773,756
Y,888,846,922,802,889,804,890,815,773,757
Y,887,845,924,802,891,804,890,815,773,757
Y,883,847,922,802,890,804,890,816,772,755
Y,886,847,921,800,891,803,890,815,771,756
Y,882,847,921,802,891,804,890,815,772,755
Y,888,845,922,802,890,804,890,817,773,757
Y,884,848,921,800,888,803,891,815,774,755
Y,883,848,923,800,891,804,889,813,774,754
Y,884,847,923,801,888,803,890,816,772,755
Y,879,844,925,803,888,804,889,815,772,757
Y,889,845,922,802,889,804,889,815,773,756
Y,881,850,924,800,888,804,890,816,771,756
Y,882,846,923,801,890,804,889,816,773,756
Y,884,845,921,802,889,804,889,815,772,758
Y,880,845,921,802,890,804,891,815,771,755
Y,885,846,922,803,888,804,890,814,772,756
Y,886,846,922,801,889,803,889,817,773,755
Y,879,846,924,802,888,803,890,816,771,756
Y,885,848,923,800,889,803,890,816,772,757
Y,887,848,922,800,888,803,889,814,771,756
Y,881,845,922,801,890,804,889,816,772,758
Y,893,850,923,801,889,804,890,815,773,756
Y,885,847,923,803,889,802,889,815,774,756
Y,885,848,922,803,890,804,889,816,772,756
Y,883,847,923,801,889,804,890,814,773,758
Y,889,847,924,801,889,803,889,815,773,755
Y,883,847,923,800,889,804,889,816,773,757
Y,885,847,923,802,887,802,889,814,773,756
Y,883,848,923,802,889,803,889,815,773,758
Y,887,847,923,803,887,803,889,815,772,757
Y,886,848,924,799,887,802,891,814,774,756
Y,888,845,922,801,888,803,889,815,775,758
Y,884,846,923,801,889,803,889,814,773,757
Y,888,848,922,801,889,802,889,815,773,757
Y,881,848,921,802,890,804,890,816,772,756
Y,884,846,923,799,886,802,889,816,773,756
Y,884,846,923,802,887,804,888,816,774,758
Y,880,844,923,800,887,802,889,815,773,757
Y,888,845,923,800,887,804,890,814,772,758
Y,883,846,923,802,889,803,890,815,773,756
Y,885,847,921,802,887,805,889,816,774,757
Y,885,848,923,800,889,804,889,814,773,756
Y,884,846,921,800,889,803,889,814,772,756
Y,883,847,922,800,889,804,889,815,773,756
Y,884,846,921,802,888,803,889,814,774,757
Y,885,847,923,802,887,803,889,815,772,756
Y,884,849,923,799,889,804,888,815,773,757
Y,887,846,922,801,889,803,890,815,773,758
Y,879,847,922,803,887,803,890,816,773,757
Y,884,847,922,800,888,803,890,814,773,755
Y,887,846,923,801,888,803,890,814,774,758
Y,886,848,922,801,888,803,890,814,772,757
Y,888,848,921,802,888,803,890,815,773,756
Y,882,846,922,801,888,804,890,816,770,757
Y,885,845,922,800,889,803,890,816,772,756
Y,885,845,922,800,888,804,889,815,774,756
Y,886,847,920,800,890,803,889,815,774,757
Y,886,848,922,800,889,803,888,814,774,756
Y,884,846,921,800,890,804,889,815,774,756
Y,885,844,922,803,892,804,889,815,773,758
Y,887,846,923,801,887,803,890,816,773,758
Y,886,846,922,800,886,802,888,814,774,758
Y,883,847,922,801,887,802,890,815,772,758
Y,888,845,923,800,889,803,892,816,771,754
Y,876,848,922,801,889,803,890,815,774,756
Y,882,845,923,802,888,802,889,816,775,758
Y,892,846,921,800,889,804,891,815,773,758
Y,888,848,922,802,889,804,890,816,774,756
Y,887,848,921,800,889,804,890,816,774,758
Y,885,847,923,802,888,802,890,816,773,758
Y,884,846,922,801,887,803,889,816,775,758
Y,887,848,923,800,888,804,890,815,774,758
Y,884,846,922,801,887,804,889,816,774,759
Y,884,847,922,802,890,802,891,816,774,755
Y,885,847,922,801,889,804,891,814,773,757
Y,883,847,921,801,888,803,889,815,774,757
Y,886,847,923,801,887,802,890,816,773,758
Y,887,847,922,801,888,803,889,815,773,758
Y,883,848,921,801,888,803,888,815,773,757
Y,888,848,921,802,888,803,890,815,774,757
Y,891,845,923,800,891,804,890,815,773,758
Y,888,847,921,801,887,804,889,815,774,755
Y,886,847,922,799,886,804,889,814,774,757
Y,884,845,922,799,887,804,889,815,774,757
Y,887,847,920,802,889,804,890,816,774,758
Y,889,842,922,800,887,804,888,816,774,756
Y,885,846,923,800,888,803,890,815,773,757
Y,883,847,922,800,888,804,890,816,773,758
Y,886,848,920,800,889,804,889,815,773,759
Y,879,849,922,800,889,803,890,816,773,757
Y,884,847,922,800,889,802,890,817,775,756
Y,888,847,922,800,888,803,890,817,773,757
Y,889,848,922,801,888,803,890,816,774,757
Y,885,845,926,803,885,805,892,815,774,758
Y,884,847,922,801,887,803,890,816,774,757
Y,886,844,923,800,888,803,890,814,775,758
Y,884,845,921,802,886,803,890,815,774,758
Y,887,847,921,802,887,802,890,817,774,758
Y,883,846,921,800,887,804,890,814,772,757
Y,886,848,923,800,888,804,889,814,773,758
Y,886,845,921,802,888,803,889,815,774,758
Y,884,848,922,802,889,802,890,817,774,757
Y,886,846,922,800,888,803,890,815,774,758
Y,887,846,922,801,887,803,889,816,772,756
Y,887,846,921,802,889,804,889,815,774,759
Y,887,849,922,803,889,804,889,816,774,758
Y,887,847,922,801,889,804,889,815,774,759
Y,891,847,920,800,889,803,889,817,774,758
Y,888,846,921,801,888,802,890,816,774,758
Y,886,845,924,799,886,805,891,816,774,757
Y,887,847,921,800,889,803,891,815,775,759
Y,880,845,920,802,889,802,889,815,773,758
Y,887,846,921,802,887,803,890,814,774,758
Y,887,848,920,801,888,803,890,816,773,757
Y,886,847,922,799,889,803,890,816,774,759
Y,885,846,920,802,889,804,890,816,774,758
Y,883,848,921,800,887,804,889,815,775,759
Y,885,847,921,801,888,804,890,817,772,758
Y,884,845,921,800,890,804,889,816,775,758
Y,884,847,922,802,889,803,888,816,774,757
Y,876,850,921,801,885,804,889,816,774,758
Y,888,845,921,801,886,803,889,817,775,757
Y,887,846,921,798,888,802,890,816,775,758
Y,884,847,922,800,887,802,890,817,774,759
Y,883,848,922,800,887,802,889,816,773,756
Y,889,848,923,802,887,803,889,815,772,757
Y,887,845,921,801,889,803,889,816,775,758
Y,886,848,920,801,888,803,890,816,774,757
Y,887,845,922,800,889,803,890,816,774,758
Y,890,847,923,799,890,805,891,816,775,758
Y,889,847,921,802,888,804,889,815,774,758
Y,888,847,920,801,890,803,890,816,773,757
Y,882,847,923,799,885,802,890,816,773,758
Y,887,847,922,799,889,803,890,815,776,758
Y,887,840,923,800,887,803,889,815,775,758
Y,886,846,921,801,888,804,889,816,773,758
Y,884,845,922,801,889,803,890,814,775,759
Y,888,846,923,799,888,803,890,815,774,757
Y,888,849,922,801,888,804,890,816,775,757
Y,888,847,922,800,886,802,888,816,775,759
Y,884,846,920,801,885,803,888,817,772,758
Y,889,845,922,802,887,802,890,815,773,759
Y,889,848,921,801,887,803,889,816,774,758
Y,888,846,922,801,888,804,890,815,774,759
Y,888,848,922,801,888,803,890,816,774,760
Y,885,845,921,800,887,804,888,817,775,758
Y,889,848,923,802,888,803,889,816,774,759
Y,880,845,922,800,886,803,890,816,774,758
Y,888,847,920,801,890,802,888,817,774,759
Y,885,847,921,801,889,803,888,816,775,759
Y,883,847,922,800,889,804,889,816,774,757
Y,887,845,922,800,886,802,889,816,773,759
Y,883,845,922,800,888,803,890,815,774,759
Y,884,847,922,802,887,802,891,816,775,757
Y,889,848,921,799,889,803,888,816,773,757
Y,886,848,922,801,888,803,890,817,774,758
Y,887,846,921,800,888,803,889,816,773,758
Y,880,848,923,800,887,802,890,815,775,758
Y,890,847,923,801,889,803,888,814,775,759
Y,887,847,921,802,888,803,890,816,774,756
Y,890,847,922,802,888,804,890,815,774,759
Y,886,845,920,801,889,804,890,817,774,759
Y,891,849,923,802,888,804,890,816,774,758
Y,889,848,923,802,887,803,890,817,774,758
Y,884,848,921,801,887,804,889,817,774,758
Y,891,845,923,799,890,803,889,817,774,758
Y,889,846,922,801,888,803,889,817,774,758
Y,884,846,922,801,888,804,890,817,774,760
Y,880,845,922,801,887,802,890,815,775,758
Y,889,848,922,800,888,803,889,817,775,759
Y,884,849,921,800,888,803,890,815,774,759
Y,888,847,922,800,889,804,889,817,775,759
Y,890,846,921,802,888,803,890,816,774,758
Y,885,848,922,800,888,803,891,816,775,758
Y,885,848,923,802,888,804,890,815,775,760
Y,891,848,919,802,886,804,888,817,775,757
Y,888,845,922,800,888,802,889,816,774,759
Y,888,846,921,801,889,803,889,817,772,756
Y,886,846,923,799,889,803,890,817,775,758
Y,887,846,922,801,887,801,889,817,774,759
Y,889,847,923,800,886,805,888,816,775,757
Y,888,848,923,801,887,803,890,817,775,757
Y,891,845,922,800,887,804,889,817,775,759
Y,891,847,921,801,889,802,889,817,774,759
Y,890,848,922,802,889,802,887,816,775,759
Y,890,845,922,802,889,803,889,815,774,758
Y,886,847,922,801,888,803,889,815,773,758
Y,892,847,921,802,888,802,889,815,774,758
Y,888,848,920,799,889,804,890,816,774,758
Y,890,847,922,800,886,803,890,814,774,758
Y,892,849,921,801,887,803,890,817,774,760
Y,888,847,922,801,888,803,889,816,775,759
Y,885,846,921,800,887,803,890,816,774,758
Y,883,846,921,801,889,804,890,816,775,759
Y,889,848,922,801,889,804,890,815,774,759
Y,890,847,922,800,888,803,890,815,775,757
Y,886,848,920,800,888,804,889,815,774,758
Y,888,846,920,801,888,803,889,817,775,759
Y,890,846,922,802,890,803,890,815,776,760
Y,890,849,921,799,888,804,890,816,776,760
Y,890,848,922,802,887,802,890,815,775,759
Y,890,847,920,801,889,803,889,817,775,760
Y,881,848,922,802,889,803,890,816,774,759
Y,882,847,919,801,890,803,890,816,774,760
Y,890,848,921,800,888,802,890,816,775,759
Y,887,845,922,800,888,804,889,816,775,759
Y,890,848,920,800,887,803,889,814,772,760
Y,884,847,922,799,887,803,889,817,772,762
Y,889,845,920,799,889,802,889,816,776,758
Y,888,844,920,799,886,802,890,816,774,759
Y,886,849,922,802,890,801,889,817,775,760
Y,889,847,922,801,887,802,890,816,774,760
Y,890,848,922,802,888,804,890,815,774,759
Y,889,847,921,799,890,801,890,818,775,761
Y,882,846,922,800,886,803,889,818,774,761
Y,887,847,921,801,888,803,890,815,775,759
Y,884,846,920,802,888,803,890,816,775,760
Y,886,846,922,800,886,804,891,816,773,760
Y,884,847,921,802,889,804,890,817,775,760
Y,888,847,921,801,889,802,889,815,774,759
Y,889,846,921,802,887,803,890,816,776,759
Y,885,844,922,801,888,804,888,817,774,759
Y,890,847,920,801,888,802,888,816,776,761
Y,885,846,920,801,888,803,889,818,774,760
Y,886,847,922,800,890,803,890,816,773,759
Y,885,846,920,800,887,802,889,816,775,759
Y,891,845,921,799,888,803,889,818,775,760
Y,890,845,919,801,888,803,890,818,773,759
Y,889,848,922,801,887,804,889,817,774,760
Y,889,848,922,801,888,804,890,816,776,760
Y,886,846,921,800,890,805,889,817,776,759
Y,890,846,922,799,888,803,890,816,775,759
Y,883,846,921,800,888,802,889,815,774,760
Y,891,846,922,800,887,803,888,816,776,761
Y,888,849,922,799,890,803,890,817,775,758
Y,886,847,922,802,888,804,890,815,774,761
Y,890,847,919,800,888,804,890,818,775,758
Y,880,846,920,801,885,802,888,817,775,759
Y,889,847,921,800,889,803,890,818,774,760
Y,885,845,921,801,888,803,889,818,774,758
Y,884,849,919,802,890,803,888,816,776,760
Y,888,848,922,802,887,804,890,817,775,760
Y,885,847,919,800,888,801,889,816,775,761
Y,886,846,921,801,889,804,889,818,774,759
Y,896,846,922,800,887,804,890,816,774,758
Y,887,846,921,801,888,804,890,817,775,759
Y,890,848,921,799,888,803,889,816,774,759
Y,890,848,921,802,887,802,889,816,774,760
Y,888,845,921,800,887,803,889,817,775,759
Y,885,848,920,800,889,803,889,818,775,759
Y,888,848,922,799,887,803,889,816,774,761
Y,885,848,922,801,887,802,889,816,776,759
Y,886,845,921,800,889,803,889,817,775,760
Y,889,849,922,800,889,804,890,814,774,760
Y,889,848,921,801,887,803,890,816,774,760
Y,888,848,923,801,889,804,890,816,774,761
Y,886,847,922,800,888,802,888,816,776,760
Y,885,845,922,801,889,803,890,816,775,761
Y,885,846,921,800,887,803,890,817,776,759
Y,890,846,921,800,887,804,891,816,775,761
Y,891,847,920,801,887,803,890,817,775,761
Y,893,848,922,799,890,803,889,816,776,760
Y,885,845,922,800,889,804,890,816,774,760
Y,886,846,921,800,887,802,889,818,775,761
Y,883,847,920,799,887,803,890,818,775,761
Y,885,848,921,801,887,803,889,816,773,760
Y,891,846,920,801,888,802,889,816,775,760
Y,888,848,921,800,888,803,888,816,774,761
Y,884,847,922,800,887,803,890,817,776,760
Y,884,846,922,801,887,802,889,816,774,759
Y,887,846,920,801,890,804,890,815,774,760
Y,885,847,920,800,888,804,889,815,774,759
Y,888,847,919,798,885,801,888,816,775,760
Y,888,847,922,801,889,803,890,817,775,760
Y,888,848,920,801,889,804,890,817,776,759
Y,889,846,921,801,888,803,890,817,775,760
Y,884,845,921,801,889,802,889,818,776,759
Y,890,849,921,800,889,804,889,816,774,760
Y,890,845,921,801,888,801,890,816,775,761
Y,887,848,920,800,886,804,888,819,773,762
Y,883,845,922,800,887,804,889,817,775,762
Y,887,847,921,800,889,804,888,816,774,761
Y,886,845,921,800,887,803,890,816,775,760
Y,888,847,921,800,888,802,889,819,777,760
Y,891,847,920,802,886,804,889,817,776,760
Y,889,848,921,799,888,802,890,816,776,760
Y,889,845,921,801,887,803,889,817,776,760
Y,882,845,920,801,887,804,890,818,775,759
Y,889,845,922,801,887,803,889,817,776,762
Y,888,848,921,799,889,804,890,816,775,760
Y,884,847,923,799,887,803,890,816,774,760
Y,892,847,921,800,888,803,890,816,775,758
Y,892,846,922,802,886,803,889,816,775,761
Y,888,845,920,800,888,804,889,816,775,760
Y,885,847,921,800,888,802,888,815,776,759
Y,893,847,922,801,887,804,889,816,775,759
Y,892,848,922,802,888,803,889,816,774,762
Y,892,846,922,800,888,803,889,817,775,761
Y,883,845,921,799,888,802,889,817,776,762
Y,891,846,920,803,887,802,890,817,774,760
Y,886,848,920,801,889,802,889,818,776,760
Y,892,846,921,799,887,803,889,817,777,762
Y,886,848,921,801,887,802,890,818,775,762
Y,886,848,920,801,889,802,890,816,775,760
Y,883,847,921,801,887,803,888,817,775,762
Y,887,847,919,800,887,802,889,816,775,759
Y,890,846,921,801,889,803,889,816,775,760
Y,889,846,920,801,889,802,888,815,777,761
Y,891,845,920,800,889,804,889,818,775,761
Y,887,844,924,803,889,801,888,816,775,760
Y,888,845,919,802,889,802,889,816,776,759
Y,888,847,921,800,888,803,888,817,775,761
Y,890,848,920,799,887,804,890,817,776,761
Y,887,847,921,800,888,803,889,817,776,760
Y,896,845,922,800,889,803,889,816,775,760
Y,891,846,920,801,889,803,890,816,775,761
Y,887,848,921,800,888,801,890,817,776,758
Y,889,848,920,800,889,803,889,817,776,761
Y,887,846,922,799,887,803,890,815,777,759
Y,886,848,921,799,889,803,890,817,774,761
Y,887,848,919,800,888,803,889,815,776,759
Y,890,848,922,800,886,804,889,816,774,762
Y,887,845,921,801,887,801,889,815,775,761
Y,889,847,921,800,888,804,890,815,777,757
Y,886,847,920,800,889,803,888,817,777,759
Y,890,846,920,801,887,802,889,817,775,760
Y,895,844,922,799,888,803,890,817,776,761
Y,887,848,922,800,887,803,890,818,774,761
Y,894,846,921,800,888,801,889,815,775,760
Y,888,848,923,801,890,800,890,816,773,761
Y,893,846,922,801,888,804,889,817,776,761
Y,888,847,921,800,889,803,890,817,776,760
Y,886,847,920,799,889,803,889,816,777,761
Y,886,845,919,800,889,803,889,816,777,759
Y,891,848,921,800,886,802,889,817,776,761
Y,890,846,921,800,888,801,891,816,777,761
Y,884,847,920,800,888,803,890,817,775,761
Y,887,846,921,799,888,803,890,817,776,762
Y,887,847,920,799,887,802,888,818,776,761
Y,885,845,921,800,888,802,889,817,776,761
Y,889,847,920,799,887,803,890,818,774,759
Y,885,845,921,801,889,803,892,819,776,762
Y,886,847,919,801,888,804,891,817,776,761
Y,884,846,921,799,886,804,890,818,775,761
Y,885,847,920,801,888,803,887,816,776,760
Y,889,848,922,801,888,804,890,816,775,760
Y,892,847,920,800,887,802,891,817,777,758
Y,891,846,920,802,889,803,888,818,777,758
Y,887,850,920,804,887,803,890,816,776,760
Y,886,846,920,801,887,802,890,817,775,761
Y,885,846,920,800,888,803,889,818,776,762
Y,875,846,922,800,889,803,888,816,775,760
Y,891,847,920,801,889,802,889,816,775,759
Y,893,848,920,799,887,803,888,817,776,760
Y,887,846,920,801,887,802,890,817,777,761
Y,888,847,920,800,889,802,889,815,776,762
Y,884,846,921,801,887,802,889,815,775,760
Y,887,849,922,801,888,802,888,815,775,760
Y,884,848,921,800,887,803,888,817,776,761
Y,892,845,920,801,887,802,890,817,776,761
Y,887,847,921,801,888,803,890,818,774,761
Y,885,848,921,799,886,802,889,816,777,760
Y,889,845,919,800,886,804,890,817,776,759
Y,892,848,920,799,886,800,889,816,775,762
Y,882,847,922,800,889,803,889,817,777,762
Y,885,845,920,801,885,801,889,817,775,760
Y,889,848,919,800,887,801,889,815,776,760
Y,893,846,921,801,887,804,890,817,775,762
Y,892,849,922,800,888,802,888,818,775,762
Y,893,845,921,801,887,804,889,815,776,761
Y,889,849,920,799,888,804,890,816,775,762
Y,886,846,919,801,887,802,889,817,775,760
Y,883,845,920,800,889,803,889,818,776,760
Y,890,845,921,801,887,803,890,818,777,761
Y,893,847,921,801,888,804,889,818,776,761
Y,885,851,917,803,887,804,890,816,776,762
Y,888,848,920,800,888,802,889,816,775,762
Y,883,848,921,800,887,803,889,817,776,760
Y,890,849,918,800,888,803,890,817,776,762
Y,887,851,921,801,884,803,891,818,776,760
Y,890,846,919,799,887,803,890,817,775,761
Y,889,849,922,801,887,803,889,817,776,759
Y,893,845,921,802,887,803,890,817,777,759
Y,884,847,922,800,887,802,890,817,776,760
Y,891,851,919,799,885,802,890,816,777,760
Y,886,846,919,801,891,803,888,817,776,762
Y,885,846,920,801,888,803,889,817,776,762
Y,890,848,920,802,886,802,890,816,774,761
Y,890,847,921,799,889,802,890,816,775,761
Y,888,848,922,799,887,803,890,818,776,760
Y,889,846,920,800,888,803,889,816,776,761
Y,890,847,920,799,887,803,889,817,775,760
Y,887,847,920,799,887,802,890,817,776,760
Y,892,848,921,800,887,802,890,816,775,760
Y,890,846,921,800,888,803,890,815,776,760
Y,890,846,919,799,888,804,889,817,775,761
Y,884,843,921,799,888,803,889,816,775,761
Y,891,851,917,799,886,800,892,817,775,762
Y,889,847,921,799,888,800,890,818,775,761
Y,881,846,921,800,888,801,890,818,776,760
Y,890,845,920,800,887,804,888,817,775,761
Y,891,848,920,799,889,802,890,817,776,760
Y,888,848,920,799,888,802,889,816,775,760
Y,885,848,921,800,888,802,890,817,776,760
Y,889,847,921,799,887,803,889,817,776,760
Y,890,849,922,800,888,803,889,817,776,760
Y,891,849,920,801,885,805,885,816,774,760
Y,887,849,922,801,888,803,890,817,777,761
Y,891,845,920,800,886,802,889,817,775,761
Y,891,847,920,800,889,802,888,817,775,760
Y,882,846,920,801,888,803,888,815,776,762
Y,884,845,921,800,887,802,888,818,776,760
Y,886,847,921,800,888,803,890,817,777,759
Y,894,848,920,802,888,801,889,816,776,761
Y,891,846,921,800,886,803,890,816,774,762
Y,889,847,920,801,887,803,890,815,777,762
Y,886,847,921,799,888,803,889,815,776,762
Y,890,848,921,800,885,802,889,818,778,761
Y,886,846,920,799,888,803,889,816,776,761
Y,890,849,920,800,888,803,889,816,775,760
Y,888,845,921,799,888,802,890,816,777,761
Y,886,845,920,799,888,802,888,817,775,761
Y,885,848,921,800,886,803,889,817,776,760
Y,882,850,918,800,888,801,889,815,777,760
Y,884,847,920,800,887,802,890,816,777,760
Y,889,849,920,799,889,802,889,817,776,761
Y,888,845,920,799,886,802,888,816,776,761
Y,890,846,921,798,887,802,888,817,777,761
Y,886,846,920,800,888,803,890,817,776,762
Y,892,846,920,800,888,802,890,816,776,759
Y,891,848,921,800,887,803,888,816,776,762
Y,893,847,922,799,889,802,891,817,775,761
Y,887,847,919,801,886,803,889,817,776,761
Y,888,847,922,801,889,803,890,817,776,761
Y,887,848,920,799,888,802,889,819,776,760
Y,891,845,920,799,887,803,889,816,776,761
Y,890,848,921,800,886,802,889,817,776,761
Y,887,846,920,800,887,802,889,816,775,759
Y,890,849,920,798,888,802,889,818,777,760
Y,886,847,920,801,888,802,888,815,776,762
Y,892,848,921,800,889,802,889,816,777,761
Y,892,844,921,802,887,802,888,817,777,759
Y,890,847,921,800,888,803,889,816,777,760
Y,885,848,921,800,886,803,888,817,776,761
Y,892,849,920,801,888,802,889,817,777,760
Y,888,847,921,799,886,802,890,818,776,762
Y,886,847,921,799,887,803,889,815,775,761
Y,892,848,920,799,888,803,889,817,777,761
Y,888,846,919,801,888,803,890,817,776,761
Y,891,845,920,798,886,801,890,816,775,762
Y,888,846,919,798,889,803,890,817,775,762
Y,885,848,921,800,887,802,887,817,775,762
Y,887,846,921,799,887,802,889,816,776,762
Y,886,847,920,798,887,803,888,816,777,762
Y,892,846,921,801,885,803,889,817,777,762
Y,890,845,921,800,886,802,889,817,776,762
Y,891,848,921,800,887,802,890,818,776,760
Y,884,845,920,799,887,803,889,817,776,762
Y,894,848,920,799,888,803,889,817,776,761
Y,886,848,920,799,888,802,888,817,777,760
Y,891,845,922,798,888,802,889,817,777,761
Y,890,845,920,801,886,803,890,819,775,760
Y,886,846,919,801,888,803,889,818,776,762
Y,890,848,920,801,888,802,890,819,776,762
Y,892,848,922,798,886,802,889,816,775,760
Y,890,848,920,799,887,803,889,817,776,763
Y,888,846,922,800,887,802,890,818,774,761
Y,894,848,920,799,887,802,889,818,777,760
Y,893,847,921,798,886,802,890,817,776,763
Y,887,848,918,799,887,802,889,817,776,761
Y,889,845,920,800,888,803,889,818,778,760
Y,886,848,921,800,888,802,890,818,776,761
Y,892,846,922,801,887,802,888,818,775,761
Y,887,848,920,800,888,803,889,818,777,762
Y,889,848,920,802,887,801,892,815,774,761
Y,889,848,921,801,888,802,888,820,776,762
Y,890,848,919,799,887,801,889,818,777,761
Y,887,846,920,799,887,803,889,817,775,760
Y,895,843,918,802,887,803,889,818,775,760
Y,890,845,921,800,886,802,890,817,776,760
Y,892,847,920,799,886,803,888,818,777,760
Y,890,845,919,799,886,802,890,817,776,760
Y,895,847,921,798,888,801,888,818,775,760
Y,892,846,920,799,889,803,889,817,777,761
Y,890,848,921,798,886,803,889,816,775,762
Y,888,846,920,800,886,802,889,820,776,759
Y,890,850,920,802,887,801,889,816,775,762
Y,891,848,921,799,886,802,890,816,777,760
Y,889,845,921,799,886,802,890,817,775,761
Y,891,847,920,804,887,803,890,819,775,760
Y,889,847,920,799,887,803,887,818,775,761
Y,889,846,919,799,885,803,889,817,776,760
Y,897,848,920,801,886,804,889,818,776,760
Y,889,846,921,800,888,803,890,816,776,760
Y,886,848,920,799,887,803,889,817,776,761
Y,894,846,920,801,887,802,889,818,777,761
Y,887,846,919,799,886,802,888,817,776,760
Y,890,850,921,798,886,802,889,816,777,762
Y,884,849,922,800,887,803,889,819,776,759
Y,885,847,919,799,887,803,890,818,776,760
Y,893,848,922,801,885,802,891,819,775,762
Y,892,847,919,799,888,803,890,818,776,760
Y,886,846,919,799,887,801,889,818,775,762
Y,890,848,921,799,887,803,889,817,775,760
Y,891,846,919,800,886,801,889,819,777,762
Y,891,846,920,801,886,802,889,818,777,760
Y,886,846,919,799,888,801,890,818,776,760
Y,891,846,921,797,888,803,890,817,776,762
Y,893,845,921,800,888,803,890,819,777,761
Y,891,848,920,801,887,801,888,818,775,759
Y,887,846,919,800,887,802,889,818,776,760
Y,891,846,922,802,887,801,889,816,777,760
Y,890,845,920,800,887,802,890,817,774,761
Y,885,847,921,800,888,802,890,820,776,760
Y,888,845,920,799,886,801,890,817,776,759
Y,885,847,921,799,886,803,889,818,775,760
Y,895,850,920,801,886,802,889,817,775,760
Y,888,848,920,801,888,802,890,816,775,760
Y,888,847,919,799,886,802,889,818,775,760
Y,888,845,921,800,885,802,889,816,776,762
Y,887,847,921,799,887,803,889,817,776,761
Y,893,846,920,797,889,802,889,819,777,760
Y,889,847,921,799,887,801,888,817,775,762
Y,891,845,922,800,889,802,891,816,777,760
Y,893,845,919,799,887,803,890,816,775,759
Y,891,847,920,800,886,803,889,819,776,761
Y,891,848,920,800,886,802,889,818,775,760
Y,893,846,921,800,885,803,888,817,778,760
Y,886,847,919,801,887,802,889,817,777,761
Y,886,849,920,800,889,803,890,817,776,761
Y,888,846,918,800,886,803,890,819,775,762
Y,889,846,920,798,889,801,888,817,777,760
Y,887,846,918,798,886,803,891,817,775,762
Y,885,848,920,799,887,801,890,816,776,760
Y,890,846,919,799,888,802,889,817,777,762
Y,893,847,921,798,886,803,889,818,776,760
Y,891,848,920,799,887,803,889,818,775,760
Y,885,848,919,799,886,802,890,817,776,761
Y,892,848,920,800,885,801,890,817,776,760
Y,888,846,918,799,886,802,889,818,776,761
Y,892,848,920,800,887,802,889,819,777,761
Y,885,846,919,800,887,802,890,818,776,762
Y,891,848,920,800,887,801,888,819,775,761
Y,887,848,920,799,887,802,889,818,776,761
Y,886,846,919,799,888,801,887,817,776,761
Y,892,848,919,799,886,802,889,817,775,761
Y,889,846,920,800,887,801,888,818,776,759
Y,885,846,921,798,886,803,890,817,776,761
Y,894,846,921,800,888,802,888,819,776,761
Y,893,848,920,799,885,802,890,818,775,759
Y,890,848,921,800,886,802,888,818,776,761
Y,895,849,920,797,889,803,889,819,776,760
Y,889,848,920,799,888,801,890,819,777,761
Y,889,847,920,799,887,802,889,819,777,761
Y,891,847,919,797,888,802,888,817,776,759
Y,887,847,921,799,888,802,889,818,777,761
Y,890,847,919,801,886,803,888,817,776,761
Y,890,848,920,799,888,803,890,816,777,760
Y,891,846,919,800,888,802,890,818,777,762
Y,889,845,919,798,887,801,889,818,775,760
Y,887,848,920,800,887,802,889,816,776,760
Y,888,848,920,798,890,802,889,818,777,760
Y,895,850,920,800,885,803,888,817,775,761
Y,891,848,922,798,888,801,890,819,776,760
Y,894,845,920,800,886,801,890,817,777,760
Y,888,846,918,801,885,801,890,818,777,760
Y,885,846,920,800,886,802,889,816,778,760
Y,889,847,920,799,887,801,889,819,778,762
Y,892,847,921,799,888,802,889,818,777,760
Y,893,849,921,800,886,801,888,815,778,761
Y,884,847,919,798,886,802,889,817,776,759
Y,891,845,920,800,887,803,889,819,777,760
Y,887,845,922,797,888,802,890,818,776,760
Y,890,847,920,800,886,803,889,817,775,761
Y,888,846,921,801,888,801,888,817,776,760
Y,891,847,919,798,887,803,889,817,777,760
Y,892,844,922,800,889,800,889,817,775,760
Y,887,847,919,799,886,801,890,817,776,760
Y,889,847,919,800,886,801,888,817,776,762
Y,891,848,920,799,886,801,890,817,774,763
Y,887,847,919,800,885,803,889,818,776,761
Y,892,848,919,798,888,803,890,817,776,762
Y,888,848,920,800,887,803,889,817,778,761
Y,892,845,919,799,888,802,889,817,777,762
Y,891,847,919,799,886,801,889,817,777,761
Y,895,843,921,799,888,802,891,817,776,761
Y,883,847,919,800,885,800,889,817,778,762
Y,892,846,920,801,887,803,890,818,777,762
Y,888,847,921,801,889,802,888,818,777,761
Y,888,847,920,799,887,801,888,818,776,761
Y,884,845,922,801,886,801,889,818,777,761
Y,892,846,920,800,886,802,890,817,777,762
Y,887,846,920,800,886,803,890,819,778,762
Y,890,846,920,800,887,801,890,816,778,763
Y,892,846,919,799,886,801,889,817,778,762
Y,893,847,919,799,886,803,890,818,777,762
Y,889,848,920,799,886,802,889,815,776,760
Y,886,847,919,800,887,802,889,819,777,761
Y,888,846,920,799,886,803,889,818,777,761
Y,885,844,917,797,886,800,889,816,776,761
Y,887,845,920,799,887,802,889,818,777,761
Y,886,847,921,799,890,803,890,818,777,760
Y,892,847,920,801,886,803,889,818,777,762
Y,889,848,920,800,888,802,890,818,778,763
Y,888,845,918,799,887,802,887,817,776,762
Y,885,846,919,798,887,801,888,816,777,762
Y,886,845,920,799,886,803,890,817,778,761
Y,885,849,920,798,886,802,890,817,777,760
Y,892,845,921,798,886,802,888,817,777,759
Y,886,844,919,799,886,803,890,818,777,760
Y,891,846,920,800,886,802,889,818,776,760
Y,886,850,918,799,886,801,889,818,777,762
Y,887,846,919,800,886,802,888,818,776,762
Y,890,845,919,799,887,803,890,818,777,762
Y,892,846,919,798,888,802,890,817,776,762
Y,889,846,921,798,886,802,889,817,776,763
Y,891,849,919,800,888,802,889,818,777,761
Y,894,847,919,799,886,802,890,816,778,761
Y,885,846,919,800,888,802,889,816,778,761
Y,888,846,920,801,887,803,890,818,777,761
Y,890,847,921,799,885,801,890,817,777,762
Y,887,847,918,798,884,802,888,815,777,763
Y,891,848,921,800,887,802,889,818,777,762
Y,888,847,920,799,885,801,888,816,776,761
Y,890,846,920,799,887,802,887,816,777,759
Y,899,849,919,798,888,802,890,816,778,762
Y,892,846,919,798,886,802,889,816,777,761
Y,894,847,920,797,887,802,888,818,777,760
Y,887,848,920,799,887,802,890,817,776,763
Y,894,848,920,798,887,802,890,818,777,762
Y,891,844,920,797,885,801,887,817,777,761
Y,892,845,920,798,887,801,889,816,777,760
Y,892,847,920,799,885,800,889,818,778,762
Y,892,848,919,798,888,801,889,816,776,760
Y,890,849,920,800,887,801,888,818,777,761
Y,891,846,920,799,886,803,890,817,779,762
Y,893,850,919,798,885,803,890,817,777,760
Y,889,848,920,800,883,800,887,814,777,762
Y,892,848,919,799,887,802,889,816,777,761
Y,892,848,921,800,887,802,888,816,779,763
Y,889,847,918,798,887,801,889,817,777,759
Y,895,844,917,800,890,802,887,816,776,761
Y,891,848,918,798,887,801,887,815,777,761
Y,893,846,919,800,887,801,888,816,777,761
Y,884,845,919,799,885,801,888,816,777,761
Y,888,845,920,800,887,802,888,816,776,762
Y,892,848,921,799,888,801,889,817,777,762
Y,885,848,919,799,887,802,889,816,779,761
Y,895,848,920,799,887,802,890,816,776,763
Y,891,848,919,799,887,802,889,816,778,761
Y,881,842,920,794,891,800,890,817,778,763
Y,890,848,920,799,887,802,889,816,775,761
Y,887,848,921,798,886,801,889,818,779,761
Y,895,845,920,800,886,800,890,818,778,763
Y,887,848,920,799,885,802,889,816,776,762
Y,892,845,918,799,885,803,888,817,778,762
Y,889,846,920,799,886,801,889,816,777,762
Y,893,848,919,799,889,801,887,817,778,762
Y,888,847,919,799,887,801,890,816,777,761
Y,896,843,918,798,885,801,887,815,776,761
Y,890,845,920,799,886,802,889,817,777,762
Y,890,845,919,798,888,803,890,816,776,759
Y,886,846,919,798,885,801,889,817,776,762
Y,891,847,920,801,888,802,889,817,777,763
Y,892,847,920,799,886,803,889,816,778,762
Y,888,847,921,800,887,802,890,817,777,761
Y,890,846,918,798,886,801,890,816,778,761
Y,892,847,919,798,887,801,889,816,778,761
Y,894,846,919,798,888,802,890,818,777,761
Y,888,846,919,799,888,802,890,817,777,760
Y,895,849,921,799,886,802,890,818,777,762
Y,889,845,919,797,887,801,889,816,777,761
Y,894,849,918,799,887,801,889,817,778,761
Y,888,846,921,798,887,801,889,818,778,763
Y,894,846,920,797,888,802,889,817,777,762
Y,885,845,920,800,886,801,889,817,778,762
Y,887,846,920,799,887,800,889,817,778,763
Y,892,846,920,799,887,802,888,817,777,762
Y,892,847,921,798,886,801,889,816,778,761
Y,888,848,920,800,887,802,888,815,778,761
Y,891,848,919,798,887,802,890,817,779,763
Y,892,848,920,800,887,800,890,816,778,762
Y,893,848,918,798,887,802,889,817,778,762
Y,890,848,920,798,886,802,889,815,777,761
Y,894,849,921,800,887,802,890,816,778,761
Y,886,847,919,799,886,801,888,818,777,761
Y,890,849,919,799,887,802,889,817,776,761
Y,897,845,919,799,888,801,889,816,778,763
Y,894,848,920,800,886,801,889,815,777,762
Y,892,845,921,798,887,801,889,816,779,762
Y,890,846,920,797,888,801,889,816,778,760
Y,892,846,919,799,887,802,889,817,778,764
Y,893,848,919,800,885,801,889,817,777,763
Y,894,845,920,800,888,801,889,818,778,763
Y,890,846,920,800,886,801,887,817,778,762
Y,886,847,921,800,885,802,889,816,777,760
Y,891,848,919,799,886,802,889,817,778,762
Y,891,847,919,799,888,801,888,817,778,760
Y,886,849,919,800,885,802,888,817,778,761
Y,889,846,920,799,888,801,888,817,776,761
Y,887,845,919,799,888,801,889,816,778,762
Y,891,846,919,799,888,802,890,816,776,761
Y,887,846,919,800,886,801,889,818,779,762
Y,883,846,922,798,886,801,888,818,778,760
Y,886,846,919,799,888,802,889,817,778,762
Y,890,849,920,798,886,804,889,817,776,761
Y,890,848,919,799,886,802,889,815,776,762
Y,888,848,920,798,886,803,889,815,779,761
Y,893,848,919,799,884,802,889,817,778,762
Y,887,846,921,800,889,801,889,817,778,762
Y,891,848,920,800,887,802,888,815,779,763
Y,888,848,918,800,887,800,889,815,778,761
Y,892,849,919,800,887,802,889,817,778,761
Y,893,849,920,798,884,803,889,816,778,762
Y,892,847,919,798,887,801,889,816,778,762
Y,890,846,919,797,885,801,888,815,777,761
Y,890,845,920,799,887,802,889,816,777,762
Y,888,846,920,799,886,801,888,818,778,763
Y,890,847,919,799,887,801,889,818,778,762
Y,886,850,917,797,885,802,888,817,778,762
Y,892,846,919,798,888,802,889,816,779,761
Y,891,849,918,799,887,801,889,816,778,762
Y,892,847,919,799,889,801,889,816,778,761
Y,893,846,921,797,885,801,888,816,777,762
Y,892,849,919,799,889,801,887,815,779,762
Y,890,847,919,798,887,800,888,817,778,761
Y,891,847,919,799,888,801,889,816,778,762
Y,894,848,921,799,888,801,889,818,777,760
Y,892,847,920,800,888,801,889,816,778,761
Y,894,848,920,798,887,801,888,817,777,763
Y,890,847,919,797,888,801,889,817,778,763
Y,893,848,920,798,886,801,888,817,777,760
Y,890,849,919,798,885,800,888,816,778,761
Y,891,846,920,799,887,802,889,816,778,762
Y,894,847,918,798,888,801,888,816,777,762
Y,890,847,918,799,886,801,889,816,778,763
Y,890,845,920,799,888,801,888,816,779,761
Y,895,848,921,799,885,801,889,817,777,762
Y,891,847,920,798,886,802,889,818,778,762
Y,890,846,919,801,889,803,888,816,779,760
Y,893,847,920,798,886,801,889,816,777,762
Y,890,848,920,799,886,801,888,818,777,761
Y,890,849,919,799,887,801,889,816,778,759
Y,889,846,919,797,888,802,889,817,778,762
Y,890,849,921,800,887,802,889,817,778,763
Y,890,847,920,800,886,802,889,817,777,762
Y,894,849,921,799,890,800,889,817,778,761
Y,892,849,920,797,887,801,890,817,777,762
Y,892,847,920,798,886,801,891,816,777,763
Y,892,846,920,799,886,801,889,818,778,759
Y,890,846,918,798,887,801,889,817,777,761
Y,893,847,920,797,889,802,889,817,777,762
