B,919,853,818,725,769,769,746,769,740,719
B,918,856,819,726,768,769,746,769,740,718
B,913,853,817,724,768,769,745,768,740,718
B,914,854,819,726,769,769,745,767,741,718
B,918,856,818,726,768,770,745,767,741,719
B,920,857,819,726,769,770,745,768,741,718
B,918,854,819,725,769,768,744,769,740,718
B,919,855,820,725,768,769,744,769,739,719
B,917,856,820,727,769,770,745,768,739,718
B,918,855,819,726,767,770,746,768,741,717
B,918,855,821,727,766,771,746,769,739,718
B,917,853,818,725,768,768,745,768,742,717
B,918,855,820,726,769,770,746,768,740,719
B,916,855,819,725,768,770,746,768,741,719
B,915,854,819,727,769,770,745,769,740,719
B,917,855,819,727,767,769,744,767,742,719
B,915,856,819,726,769,769,745,768,740,717
B,917,852,820,726,766,769,744,768,742,718
B,916,854,819,727,768,769,745,770,738,717
B,918,856,819,728,768,769,745,768,740,717
B,913,854,818,726,766,769,745,768,743,718
B,914,853,817,726,769,770,745,770,741,718
B,914,855,818,727,770,770,746,769,740,716
B,916,851,820,725,770,770,744,767,741,717
B,916,854,817,726,769,769,745,769,742,718
B,916,857,819,725,769,769,745,768,738,718
B,916,856,818,726,767,768,745,767,740,718
B,919,855,819,724,769,771,744,768,740,719
B,916,856,817,725,770,769,744,768,742,718
B,918,853,818,727,768,770,745,767,742,716
B,916,855,818,725,768,770,745,769,741,720
B,918,853,819,726,768,768,746,767,742,718
B,917,856,818,726,770,769,745,770,741,718
B,916,855,819,726,768,770,745,766,743,716
B,919,852,817,725,768,771,746,767,741,717
B,919,853,819,728,770,770,745,769,741,719
B,918,856,818,726,767,770,745,768,740,718
B,917,854,818,725,767,769,744,769,742,718
B,915,853,819,727,770,769,745,767,741,718
B,914,853,819,727,768,770,743,769,739,719
B,912,855,820,727,768,770,745,769,741,717
B,920,853,819,728,767,765,745,769,740,719
B,915,856,819,727,768,770,745,770,743,718
B,917,853,820,725,768,768,745,770,743,717
B,917,852,820,725,768,770,745,768,742,718
B,919,856,819,727,768,769,746,766,742,719
B,919,854,820,727,768,769,745,769,739,718
B,916,853,819,726,769,769,745,767,741,719
B,914,854,820,725,769,769,745,768,740,719
B,918,853,819,726,767,770,745,768,741,717
B,915,855,819,725,768,769,745,767,741,717
B,914,855,820,727,770,768,745,768,743,719
B,919,852,820,727,769,770,746,769,742,717
B,912,852,820,725,768,769,746,767,741,718
B,915,855,818,727,769,770,746,769,741,719
B,914,855,819,727,768,769,745,768,739,719
B,913,853,819,727,769,769,745,768,742,718
B,913,852,819,725,769,770,745,767,741,717
B,918,854,820,727,768,770,745,767,740,718
B,916,854,819,728,769,768,746,770,740,720
B,918,855,820,725,768,771,743,768,740,717
B,914,854,820,726,769,769,745,768,741,720
B,913,853,820,725,771,770,744,767,740,717
B,914,853,820,726,768,769,745,767,740,719
B,916,852,819,726,769,768,744,767,740,718
B,914,850,817,727,769,768,745,768,742,717
B,911,852,820,728,768,770,745,768,740,717
B,913,852,824,727,770,768,743,769,740,717
B,921,847,827,727,771,770,742,768,742,718
B,914,851,830,728,774,770,741,768,742,719
B,918,851,833,727,779,770,741,768,741,719
B,916,850,835,729,789,770,740,770,740,719
B,913,851,837,729,797,770,740,768,741,718
B,912,848,836,729,803,769,742,769,742,720
B,913,851,836,730,801,770,744,768,743,719
B,911,853,835,730,801,770,744,768,742,719
B,914,849,835,732,802,770,745,768,743,718
B,918,850,837,734,797,769,743,770,744,720
B,916,850,834,730,797,770,745,769,744,718
B,917,851,833,731,797,769,743,770,742,718
B,913,846,835,731,795,768,745,769,742,720
B,916,851,832,729,793,770,744,769,742,719
B,915,847,832,730,792,769,744,767,742,720
B,916,849,831,730,787,770,743,767,741,718
B,916,850,828,730,792,769,742,768,743,720
B,913,851,828,730,786,769,743,769,741,719
B,915,850,827,729,784,770,743,768,743,719
B,913,851,827,731,785,770,742,769,740,718
B,913,848,828,732,784,769,742,769,743,718
B,917,849,826,729,784,771,742,769,742,717
B,914,851,827,730,783,770,742,769,742,718
B,913,851,826,732,791,770,741,767,742,718
B,915,849,826,732,791,770,739,770,744,717
B,915,850,828,730,789,770,740,770,741,716
B,917,850,828,732,799,771,742,769,742,718
B,920,850,831,733,809,771,742,771,744,717
B,918,851,832,732,806,772,741,768,743,717
B,923,855,839,732,807,772,743,769,743,718
B,923,855,842,732,807,772,743,768,744,718
B,927,856,840,734,809,771,744,770,743,718
B,921,852,842,734,810,771,744,770,745,719
B,926,855,842,733,811,771,744,768,744,717
B,922,851,843,735,811,772,744,768,745,718
B,921,856,844,734,807,772,744,769,744,719
B,919,854,843,734,811,772,745,769,745,718
B,917,852,843,733,811,773,745,770,747,716
B,917,854,843,733,811,771,745,769,746,718
B,917,851,842,732,809,771,746,770,745,717
B,919,852,842,733,810,771,746,768,746,717
B,918,850,840,732,811,772,745,769,745,719
B,914,848,840,731,809,770,742,768,745,717
B,918,851,840,732,811,773,744,767,744,718
B,917,850,840,731,817,772,745,767,744,719
B,924,844,840,732,814,771,743,770,745,718
B,926,844,840,730,811,772,743,770,744,717
B,925,841,838,729,810,771,743,769,743,717
B,925,842,840,731,810,772,744,768,746,716
B,929,841,841,731,808,772,744,769,745,717
B,929,844,839,733,806,773,745,768,744,718
B,926,845,839,731,807,773,743,769,746,717
B,928,850,840,732,807,772,745,768,743,717
B,927,862,839,732,808,772,746,768,743,717
B,927,874,839,733,807,772,745,770,745,717
B,926,873,840,731,808,772,746,769,745,717
B,922,866,840,731,808,772,744,768,745,717
B,921,864,840,732,807,772,745,768,745,718
B,919,861,840,732,807,771,745,767,743,718
B,919,856,838,732,812,772,745,767,744,718
B,919,858,838,731,809,773,745,768,746,718
B,922,855,837,734,808,771,744,769,745,717
B,920,850,838,731,807,773,746,769,743,718
B,914,852,840,730,807,773,746,766,745,717
B,917,851,838,729,805,773,746,769,745,718
B,918,857,839,731,804,772,744,768,744,717
B,918,856,839,733,805,773,745,767,742,716
B,914,853,838,732,805,773,744,767,744,718
B,913,852,839,731,807,773,745,766,746,717
B,915,847,838,730,805,772,744,769,743,716
B,912,848,838,730,806,772,745,769,742,717
B,920,848,837,732,808,773,746,767,746,716
B,918,845,838,731,806,773,745,768,745,717
B,914,846,838,731,806,772,745,767,746,717
B,913,844,840,733,811,772,746,767,744,717
B,914,845,841,733,814,772,746,768,744,716
B,919,845,841,733,813,773,746,768,744,718
B,913,846,843,732,817,774,748,767,743,716
B,917,847,843,732,820,773,749,767,746,717
B,917,846,844,733,820,774,750,768,745,718
B,918,846,845,730,829,772,751,766,747,717
B,913,847,846,731,832,773,753,768,745,717
B,916,845,847,733,834,773,755,766,749,717
B,918,848,847,733,836,772,757,767,746,717
B,911,849,848,732,835,771,757,766,747,718
B,916,845,848,732,833,773,758,765,750,719
B,912,848,848,732,836,772,756,766,747,718
B,917,845,847,733,832,772,757,765,747,718
B,913,846,846,733,832,772,755,767,748,718
B,920,848,846,734,824,773,754,766,746,717
B,913,847,845,732,827,773,752,767,744,719
B,914,841,841,730,821,773,751,767,746,718
B,910,847,842,730,823,773,752,765,746,717
B,913,850,840,732,818,773,749,767,747,718
B,916,849,841,730,816,773,749,765,745,716
B,912,848,839,731,812,773,749,766,744,715
B,911,846,838,729,813,775,748,767,742,718
B,912,848,837,730,810,774,748,767,745,716
B,913,846,836,730,810,774,747,765,745,717
B,908,845,835,730,806,775,747,765,745,716
B,909,850,833,729,806,774,746,765,747,717
B,910,846,833,730,804,775,746,766,745,716
B,910,846,831,731,805,774,746,765,741,714
B,907,845,832,730,804,775,745,767,745,717
B,911,845,832,731,803,774,745,764,746,716
B,908,845,832,731,803,774,744,766,743,715
B,909,844,833,730,807,775,745,765,745,715
B,911,842,835,730,806,774,746,766,748,716
B,910,843,834,731,805,773,745,765,745,714
B,913,844,837,731,809,774,747,767,747,717
B,916,843,838,729,811,775,747,765,743,716
B,913,845,840,729,808,773,748,767,744,716
B,915,845,841,730,814,774,749,766,745,715
B,915,847,841,730,814,774,749,765,745,716
B,918,853,843,731,822,773,750,764,747,715
B,915,855,847,730,824,771,753,765,744,715
B,914,859,847,730,831,774,755,765,745,717
B,914,860,848,730,834,774,756,765,741,716
B,915,860,849,730,833,773,757,765,747,716
B,914,861,848,730,830,772,757,766,748,717
B,918,859,847,731,832,772,755,765,746,715
B,915,860,847,730,831,773,759,764,749,716
B,914,861,848,730,828,773,756,765,747,716
B,911,858,848,730,828,773,757,764,746,717
B,909,859,847,729,826,771,755,767,747,717
B,913,859,848,729,828,774,758,764,744,716
B,911,861,845,731,824,773,755,763,748,716
B,909,859,847,731,822,773,755,766,746,715
B,911,860,845,732,819,772,752,767,746,717
B,907,855,844,727,814,772,753,766,746,716
B,905,854,843,729,815,774,750,767,745,716
B,904,851,840,731,813,774,749,764,747,716
B,903,849,841,731,811,774,749,764,745,714
B,905,852,838,729,811,773,750,765,750,714
B,901,850,837,729,808,774,748,765,743,715
B,903,848,837,730,807,773,745,762,741,717
B,903,849,836,728,808,773,747,765,746,714
B,899,847,834,727,807,773,747,764,743,715
B,904,850,837,729,805,775,747,762,748,716
B,899,850,836,728,805,774,748,764,746,715
B,902,850,835,730,807,776,746,765,747,714
B,903,852,834,727,807,774,746,766,744,715
B,905,856,834,730,808,774,746,765,746,714
B,904,862,836,730,806,773,747,766,745,715
B,906,860,835,727,809,773,748,764,744,715
B,909,862,836,727,807,774,749,765,747,715
B,909,870,837,727,809,775,749,766,744,714
B,912,870,838,729,812,774,750,765,743,714
B,912,874,836,728,808,774,751,765,746,716
B,910,874,836,729,811,775,751,766,743,715
B,917,876,837,727,811,774,752,763,746,714
B,910,873,839,729,812,773,751,764,744,714
B,908,868,836,728,811,774,752,761,744,715
B,909,868,836,728,812,775,751,765,745,715
B,906,868,837,729,811,774,750,765,744,713
B,907,868,837,729,810,775,752,765,747,715
B,906,865,837,728,810,775,751,764,746,715
B,905,867,838,728,808,774,751,762,741,714
B,907,863,836,729,809,774,751,764,744,715
B,905,862,838,729,809,775,751,764,743,716
B,903,862,837,729,810,773,751,763,746,713
B,904,861,837,729,805,774,750,765,746,715
B,905,859,836,729,805,774,752,766,746,714
B,906,860,836,729,807,773,752,766,747,713
B,905,860,837,729,811,774,753,764,743,715
B,905,858,836,730,813,773,753,765,747,713
B,903,860,836,730,814,773,753,764,746,715
B,906,860,837,729,815,773,753,765,747,715
B,905,862,838,730,828,773,756,764,748,713
B,903,860,839,729,826,773,756,764,746,716
B,904,861,839,729,818,773,759,765,746,715
B,907,861,841,732,813,772,759,766,744,716
B,901,858,839,729,813,773,761,767,748,715
B,906,858,839,729,810,773,760,765,746,716
B,903,858,839,730,814,772,758,763,746,714
B,902,859,839,730,813,773,755,765,747,715
B,904,860,838,730,812,772,752,766,746,715
B,902,860,838,729,811,773,752,765,745,715
B,901,860,837,730,810,771,752,766,746,713
B,902,858,838,728,808,773,751,764,747,713
B,901,860,837,729,806,772,753,765,745,715
B,900,859,837,729,805,772,752,765,745,715
B,901,857,835,729,808,772,751,764,747,714
B,900,857,835,729,802,773,752,766,747,715
B,897,861,835,728,804,772,750,764,745,712
B,897,861,834,728,808,773,750,764,746,713
B,897,859,833,728,811,772,749,764,747,713
B,892,859,833,728,807,772,748,763,746,713
B,892,861,832,729,793,772,749,764,745,714
B,894,858,831,729,793,773,749,765,745,713
B,892,859,831,727,793,771,749,763,744,714
B,893,861,831,728,787,774,749,764,745,714
B,894,861,830,728,786,774,749,763,744,711
B,895,859,830,728,786,772,750,765,746,712
B,891,862,830,726,783,774,751,763,745,713
B,892,860,828,726,786,773,751,764,746,713
B,894,861,827,729,789,774,751,763,746,711
B,888,859,826,728,791,773,752,765,743,713
B,898,860,822,728,791,772,752,765,744,712
B,890,859,821,727,791,771,753,763,744,712
B,894,861,819,726,776,773,753,762,747,712
B,883,866,821,727,778,772,753,762,746,711
B,891,863,818,726,775,773,753,762,746,712
B,892,864,818,727,774,772,753,764,747,711
B,887,862,816,727,776,773,753,763,746,712
B,890,862,814,727,775,772,751,763,743,712
B,891,862,817,728,775,774,753,763,745,711
B,892,861,815,727,775,773,752,763,743,712
B,891,863,817,726,775,774,749,762,741,712
B,892,863,816,726,778,773,748,763,745,712
B,892,863,819,728,778,772,747,763,744,712
B,893,864,820,726,782,772,747,764,745,712
B,892,861,820,728,784,772,746,764,743,712
B,891,861,823,726,787,771,746,763,745,711
B,894,865,833,728,794,772,745,764,745,713
B,887,863,835,726,795,773,745,764,744,712
B,888,864,834,727,803,772,746,764,745,711
B,895,865,837,726,801,771,746,764,743,711
B,892,862,837,728,798,772,745,763,746,712
B,890,862,840,726,801,771,748,763,743,713
B,891,863,841,727,803,772,748,765,746,712
B,891,861,843,727,808,772,749,765,742,713
B,891,864,843,727,810,772,751,765,748,712
B,888,864,845,726,810,773,754,764,748,712
B,893,864,844,727,810,772,753,762,746,713
B,891,864,844,728,811,773,753,764,744,713
B,892,863,845,727,810,772,755,764,744,713
B,889,864,844,727,811,772,753,763,746,712
B,888,863,844,725,809,773,754,763,744,712
B,891,865,844,728,810,772,754,764,744,712
B,891,863,844,728,809,775,752,764,746,713
B,889,862,844,726,808,772,753,763,745,713
B,889,862,844,727,807,773,751,764,746,713
B,890,863,842,725,806,772,751,764,748,713
B,891,860,841,726,809,773,751,765,742,712
B,886,862,840,726,803,773,749,762,744,712
B,889,857,837,727,808,774,747,764,747,711
B,893,861,836,725,808,774,746,763,745,711
B,888,859,834,725,803,774,745,764,744,713
B,892,855,834,724,796,775,745,762,744,712
B,885,857,832,724,798,775,746,764,744,716
B,890,855,832,724,800,775,747,763,743,721
B,891,854,828,725,791,776,747,763,744,713
B,886,853,825,725,795,774,749,763,743,712
B,889,854,822,725,794,773,749,762,742,711
B,887,854,822,726,788,774,749,764,742,713
B,886,849,821,724,786,775,748,762,743,712
B,886,845,819,726,782,773,746,762,745,711
B,889,846,820,725,784,775,749,759,740,714
B,889,848,820,724,783,775,749,764,745,711
B,886,846,820,724,783,775,749,762,741,712
B,886,844,819,726,782,775,749,763,744,712
B,886,844,817,725,782,775,748,762,746,711
B,891,844,819,728,782,773,748,763,744,711
B,889,845,818,726,782,773,748,762,744,712
B,885,850,818,726,783,774,748,763,742,712
B,886,849,818,724,779,774,748,762,745,712
B,889,853,820,725,782,773,748,764,744,711
B,891,856,819,725,782,774,747,763,744,712
B,888,852,817,725,780,775,748,763,742,711
B,888,851,819,725,782,772,746,762,745,711
B,887,852,820,726,783,774,748,764,744,712
B,889,853,819,725,782,774,747,762,741,711
B,888,854,819,725,781,774,746,763,743,711
B,888,856,819,725,782,774,747,763,744,711
B,891,852,818,725,779,771,747,762,745,712
B,892,853,819,724,782,774,747,764,742,711
B,887,849,817,727,783,773,746,762,742,711
B,884,850,820,724,780,774,746,762,743,711
B,889,849,819,723,782,773,746,762,741,711
B,889,846,818,724,783,772,747,762,744,710
B,887,845,818,726,783,773,745,763,743,712
B,886,843,818,724,781,773,747,761,740,711
B,888,844,819,725,782,774,746,762,741,710
B,886,844,818,724,783,773,746,764,743,710
B,887,843,818,723,782,773,745,762,743,712
B,888,843,818,724,780,772,746,765,742,710
B,884,848,819,725,781,773,746,762,743,711
B,885,847,819,726,782,773,745,763,744,711
B,887,845,819,724,782,773,746,763,744,711
B,888,846,820,724,780,774,747,763,743,710
B,886,848,817,726,781,772,744,763,744,710
B,886,847,818,725,782,773,744,764,741,710
B,887,842,819,725,780,772,744,762,739,711
B,891,841,819,727,781,773,744,763,741,711
B,888,841,819,726,781,773,745,762,744,711
B,891,844,819,724,783,773,745,762,741,711
B,888,841,818,724,781,773,745,763,741,711
B,888,844,819,724,781,772,747,766,743,710
B,888,846,818,725,780,773,744,762,744,710
B,891,852,819,726,781,773,745,764,745,710
B,894,853,821,724,791,772,745,763,743,710
B,893,858,830,726,794,773,743,762,744,710
B,894,858,832,725,789,774,743,763,743,711
B,893,864,839,727,802,774,742,763,745,712
B,892,863,841,725,797,773,743,764,743,711
B,896,860,843,727,796,772,745,764,744,712
B,896,862,843,726,800,773,744,762,746,712
B,895,861,842,726,798,772,744,764,745,713
B,892,859,843,725,797,773,744,765,745,711
B,896,859,843,726,798,772,745,765,744,712
B,898,857,842,725,797,773,745,763,745,713
B,896,860,843,725,799,772,745,763,744,711
B,895,859,842,725,796,774,745,764,743,712
B,891,860,842,724,797,773,745,763,743,711
B,892,862,842,727,798,773,745,763,745,712
B,890,858,842,726,796,772,744,763,744,711
B,892,857,838,725,796,772,744,763,744,710
B,887,858,836,725,798,771,742,762,743,712
B,891,857,835,724,794,774,743,762,744,723
B,888,855,832,725,798,773,743,764,743,729
B,887,855,829,725,786,774,744,763,741,730
B,886,854,828,725,788,773,745,763,743,734
B,887,849,826,724,786,773,745,762,742,728
B,888,852,823,725,787,773,746,763,743,731
B,887,852,822,725,790,774,745,762,742,712
B,889,851,822,724,787,774,745,763,744,711
B,886,850,820,724,785,774,746,762,741,712
B,890,852,822,726,787,773,746,763,742,712
B,890,855,821,722,785,774,745,762,744,712
B,889,857,822,724,783,773,746,763,743,711
B,889,861,821,726,784,772,746,763,744,712
B,886,866,823,724,782,772,745,762,743,711
B,891,878,823,724,781,773,746,762,743,711
B,892,880,821,725,783,773,745,761,742,712
B,888,883,823,724,781,773,747,762,743,711
B,887,887,822,724,783,773,745,763,742,712
B,888,885,822,725,781,772,745,761,744,711
B,889,888,823,724,783,774,746,762,744,712
B,887,891,823,725,783,773,745,763,745,711
B,891,888,822,724,783,773,744,761,746,711
B,889,886,822,725,782,772,745,761,742,712
B,884,886,823,725,782,772,745,762,743,711
B,887,885,822,723,782,773,745,762,745,710
B,884,883,821,725,785,774,744,763,741,710
B,887,879,822,725,781,772,745,762,745,712
B,886,875,822,724,781,772,744,761,746,712
B,887,874,823,724,779,771,743,760,745,710
B,887,868,822,725,780,774,745,764,744,710
B,885,871,821,725,783,773,744,762,742,711
B,887,868,821,726,781,773,745,762,743,711
B,885,866,821,725,781,773,743,762,743,711
B,884,866,822,723,783,771,745,763,739,713
B,883,863,822,725,780,773,745,761,745,711
B,884,863,821,724,784,773,746,761,744,711
B,884,860,821,723,783,773,745,762,741,712
B,886,858,822,724,783,772,745,759,745,711
B,885,850,822,724,781,773,746,761,743,710
B,888,850,822,724,781,773,746,763,744,711
B,885,848,821,725,787,773,746,763,741,714
B,886,848,822,725,782,772,745,762,741,712
B,886,847,821,725,781,772,746,763,742,710
B,885,845,821,723,782,773,745,762,744,712
B,886,847,822,725,781,772,745,761,743,710
B,885,848,821,724,782,771,746,761,745,710
B,887,846,822,724,781,773,745,762,743,711
B,888,849,821,726,783,773,744,762,742,712
B,888,846,823,725,782,772,745,762,744,711
B,887,849,822,725,782,773,744,761,742,710
B,890,853,821,724,781,772,743,762,742,710
B,889,856,824,724,778,773,746,763,743,710
B,887,854,822,724,781,774,746,763,745,711
B,890,858,823,723,779,771,744,761,744,710
B,891,858,822,725,781,772,744,763,741,711
B,889,861,822,725,780,773,744,763,742,711
B,891,859,823,724,780,772,743,762,743,711
B,891,858,823,722,779,772,744,762,744,711
B,892,855,824,725,781,772,746,761,741,712
B,889,857,823,725,780,771,744,761,741,711
B,890,854,822,724,779,773,746,762,743,711
B,890,854,824,725,781,772,743,762,741,710
B,890,853,824,724,782,771,743,763,742,711
B,894,855,822,728,779,771,744,762,743,711
B,898,854,823,724,781,771,744,762,743,711
B,896,854,822,725,780,772,744,760,743,712
B,898,856,823,725,780,772,744,761,742,708
B,900,855,822,724,781,772,744,762,741,712
B,895,857,822,725,780,772,744,762,744,711
B,900,860,823,724,779,773,743,759,743,712
B,902,868,824,726,782,772,742,761,746,711
B,903,867,822,723,781,772,743,761,743,711
B,898,865,822,724,780,773,744,761,742,711
B,902,868,822,725,781,771,743,761,743,711
B,895,869,823,724,780,773,743,761,742,712
B,897,873,823,725,781,771,743,761,744,710
B,898,870,822,725,780,772,743,763,744,710
B,896,869,822,723,779,772,744,762,741,712
B,897,862,823,724,786,772,743,762,745,710
B,900,860,822,724,784,772,745,763,744,710
B,896,857,822,724,783,772,744,761,741,711
B,896,854,822,724,785,773,744,762,740,712
B,903,853,822,725,785,773,743,760,743,711
B,900,855,821,726,781,772,742,763,742,710
B,901,851,823,725,781,772,745,763,742,710
B,907,851,822,724,782,771,743,762,742,712
B,908,847,824,725,780,772,744,762,743,710
B,911,847,823,723,780,773,743,763,742,711
B,908,847,822,724,781,771,744,764,742,709
B,908,850,823,724,782,772,743,763,741,712
B,910,851,824,724,781,771,743,762,744,712
B,910,854,824,726,781,771,742,763,742,711
B,910,856,823,725,781,772,742,763,744,710
B,906,854,824,725,781,771,742,759,741,712
B,912,852,822,725,783,772,742,761,740,712
B,908,850,825,724,782,772,741,761,745,711
B,909,848,823,725,783,771,741,763,744,709
B,908,851,824,725,784,771,742,761,739,708
B,910,849,826,724,783,772,741,759,743,712
B,906,849,825,725,784,772,741,761,743,710
B,908,848,825,726,782,772,740,763,741,712
B,906,849,825,726,785,772,738,761,743,714
B,900,850,824,726,786,773,742,762,743,710
B,903,848,825,727,786,773,741,761,745,711
B,907,849,827,725,794,772,740,761,744,712
B,906,847,832,725,790,773,741,761,743,712
B,901,848,832,725,792,771,742,761,745,712
B,905,849,833,724,799,773,743,763,743,711
B,905,847,835,724,800,770,743,762,741,711
B,903,849,833,723,798,772,743,761,745,712
B,904,849,835,724,799,772,743,762,744,711
B,904,847,834,723,797,772,744,762,743,711
B,906,850,836,724,800,773,744,764,743,710
B,906,848,836,724,799,772,744,761,745,712
B,905,850,834,725,798,772,745,763,745,710
B,906,849,836,725,798,772,744,761,745,712
B,904,851,835,724,802,773,744,760,746,710
B,903,849,834,726,797,772,743,762,745,711
B,904,852,835,726,797,773,745,762,744,711
B,908,853,834,726,798,772,745,761,746,710
B,904,859,835,724,799,773,744,761,745,710
B,901,859,834,725,799,773,742,762,744,709
B,898,871,832,727,799,772,743,761,746,712
B,901,869,834,724,799,773,742,763,745,711
B,902,869,834,725,801,773,742,761,742,712
B,899,869,835,725,800,772,744,762,744,711
B,899,869,834,725,799,772,743,761,746,710
B,900,872,834,725,800,772,743,762,744,711
B,895,865,835,724,801,772,744,761,742,711
B,896,866,834,725,800,772,742,762,743,710
B,900,866,834,724,798,772,742,761,746,711
B,899,862,834,724,794,772,743,762,742,711
B,894,862,833,724,795,773,742,762,744,710
B,895,856,831,725,803,772,743,762,744,718
B,893,852,831,725,799,773,743,761,745,730
B,894,848,829,724,795,774,743,763,745,728
B,889,846,830,725,792,774,744,762,745,732
B,887,845,829,724,792,772,745,761,743,735
B,890,844,827,725,791,773,745,762,746,735
B,889,847,829,724,792,773,744,761,746,734
B,892,846,828,725,791,773,743,761,745,725
B,891,848,828,724,790,773,743,763,744,730
B,890,848,827,725,792,773,745,761,745,726
B,890,849,829,723,792,774,743,761,744,726
B,889,851,828,724,791,772,743,762,745,722
B,898,857,826,725,791,773,744,762,745,725
B,892,864,828,724,791,773,744,762,746,721
B,894,866,827,724,796,772,744,762,745,720
B,892,876,829,724,804,773,744,760,744,720
B,890,880,831,724,795,773,745,762,745,720
B,889,887,829,724,795,773,743,761,744,719
B,890,886,828,726,796,773,744,761,745,719
B,891,886,830,723,794,771,743,764,745,719
B,893,888,830,726,794,773,744,761,745,719
B,892,890,831,725,794,772,743,762,744,717
B,890,888,830,726,793,774,743,761,744,716
B,888,886,830,725,792,773,743,761,745,717
B,893,888,831,726,794,773,741,762,741,716
B,888,885,830,723,792,773,743,761,747,717
B,890,888,831,726,791,771,742,760,744,716
B,889,887,831,723,794,772,744,760,743,714
B,891,885,830,726,791,773,743,762,744,714
B,892,883,829,725,792,772,743,762,743,716
B,888,883,830,723,792,772,743,762,745,716
B,889,883,829,725,793,773,742,762,744,717
B,891,877,829,724,793,773,744,762,745,716
B,888,873,829,726,791,771,742,764,745,717
B,889,870,830,725,796,772,742,761,745,714
B,888,870,828,724,793,773,743,761,745,715
B,887,865,830,725,791,773,744,762,745,716
B,890,863,830,724,791,772,743,760,746,718
B,890,862,830,723,790,773,743,762,743,717
B,890,860,830,724,793,772,743,762,745,714
B,890,861,829,725,792,774,742,760,746,714
B,889,861,829,723,793,773,743,761,746,716
B,890,859,830,724,791,772,743,761,745,715
B,888,856,830,724,791,773,743,762,744,714
B,885,855,831,723,791,773,742,761,741,715
B,887,855,829,725,793,772,742,760,746,716
B,891,853,830,724,793,772,743,761,743,715
B,889,853,830,723,791,772,742,761,745,715
B,889,853,830,724,792,772,742,762,745,715
B,890,856,830,726,790,773,742,762,743,717
B,888,859,829,724,790,772,742,762,744,715
B,887,861,831,723,791,773,742,761,745,716
B,889,863,830,725,790,771,742,760,744,716
B,888,861,830,725,796,772,743,762,742,715
B,890,857,831,722,794,772,742,761,743,715
B,888,857,829,724,790,772,743,761,746,718
B,888,846,830,724,790,772,743,761,744,722
B,892,846,828,723,790,772,744,761,745,722
B,889,842,827,723,788,772,742,761,743,724
B,892,841,825,724,786,771,744,762,742,724
B,892,837,821,724,780,771,745,760,741,736
B,894,839,821,723,778,772,746,762,743,727
B,893,838,818,723,779,771,748,761,743,709
B,893,835,818,724,775,771,746,761,745,710
B,892,836,816,724,769,769,746,760,745,710
B,886,836,817,723,772,770,746,759,743,711
B,887,835,817,723,773,770,748,761,744,710
B,887,835,815,724,771,770,747,760,744,711
B,886,836,815,722,771,770,748,760,746,711
B,887,836,812,723,770,770,746,761,746,711
B,886,834,814,721,773,770,745,762,743,710
B,883,834,813,721,772,770,745,761,745,709
B,884,836,814,724,770,769,745,761,745,711
B,887,835,812,722,770,768,744,760,744,711
B,883,835,813,723,772,769,742,759,745,711
B,888,836,825,722,794,771,740,761,745,711
B,886,837,827,724,789,769,739,762,744,711
B,886,834,835,722,804,770,738,762,744,714
B,885,835,839,723,813,769,740,761,746,715
B,889,836,845,725,800,769,740,761,745,715
B,887,836,847,725,810,770,741,759,746,713
B,889,835,850,722,825,770,740,763,748,714
B,887,836,851,724,820,769,742,762,745,715
B,888,835,852,724,813,769,742,763,745,714
B,892,835,852,723,813,769,743,763,747,715
B,891,837,854,724,819,771,743,762,747,720
B,888,838,854,723,821,770,743,762,748,717
B,891,834,857,725,826,770,745,761,747,711
B,885,833,858,724,842,771,745,761,747,714
B,887,837,856,724,835,771,746,762,746,719
B,892,838,858,723,837,769,745,762,747,725
B,890,837,858,723,838,770,747,762,748,721
B,888,837,858,723,837,770,746,763,746,727
B,887,839,856,723,833,769,746,761,747,725
B,888,837,857,725,832,769,745,762,748,724
B,888,835,854,724,836,771,746,762,745,717
B,889,835,853,724,823,770,743,763,746,718
B,889,835,850,722,824,770,742,760,746,716
B,888,835,850,722,814,770,741,761,746,723
B,890,836,849,725,816,769,740,762,747,717
B,888,835,849,725,814,770,741,760,749,716
B,886,838,849,725,815,771,741,762,746,716
B,887,837,848,723,811,770,740,761,748,716
B,882,837,847,724,814,771,740,762,748,715
B,889,836,847,721,812,770,740,763,750,714
B,886,840,847,724,814,770,741,763,749,711
B,887,841,846,725,819,771,741,761,748,712
B,883,853,847,723,824,770,741,760,750,712
B,890,853,850,722,827,768,741,761,750,712
B,889,853,850,724,833,770,747,762,762,711
B,889,858,852,724,847,771,750,760,767,711
B,889,860,856,724,848,769,755,763,772,711
B,885,862,857,724,860,770,758,762,773,712
B,887,865,861,724,857,769,768,762,778,712
B,885,863,862,724,862,770,772,762,776,712
B,888,867,866,724,874,769,787,760,784,711
B,885,866,869,724,872,770,794,761,783,713
B,889,865,867,723,873,770,797,762,783,712
B,888,863,868,723,874,770,799,760,781,713
B,890,862,868,725,872,769,795,761,782,712
B,884,859,867,724,867,770,792,760,782,713
B,886,860,868,724,868,769,792,761,781,712
B,890,861,865,723,869,771,787,762,782,713
B,886,859,866,723,873,771,784,761,779,714
B,883,859,865,724,869,769,778,760,777,713
B,886,858,862,724,879,771,776,760,777,713
B,885,859,859,725,861,771,765,761,770,715
B,885,854,857,724,846,770,761,760,764,714
B,884,849,856,724,843,770,758,760,758,711
B,887,850,856,722,842,770,757,760,758,713
B,883,846,853,723,835,772,757,760,755,714
B,881,845,852,723,834,769,754,761,752,721
B,885,847,848,724,823,769,752,761,751,709
B,884,845,846,725,812,768,751,761,748,712
B,883,846,844,723,809,769,749,761,747,711
B,886,844,843,724,797,769,746,762,747,710
B,887,842,837,726,795,771,745,760,746,714
B,884,843,837,724,794,769,743,759,747,723
B,882,844,835,724,793,769,742,760,746,729
B,886,845,833,724,792,769,744,761,746,726
B,884,843,830,724,797,769,744,760,744,724
B,885,840,825,724,788,770,744,761,746,723
B,882,839,824,726,788,768,743,759,747,724
B,881,840,823,724,784,768,743,761,747,722
B,882,839,819,723,784,768,743,760,744,724
B,882,836,818,724,781,770,744,759,746,724
B,883,839,819,724,783,770,742,758,746,721
B,882,841,819,725,784,770,743,758,747,719
B,882,844,818,723,784,770,743,760,744,718
B,882,842,819,724,785,769,743,760,746,717
B,883,837,818,723,787,769,742,759,744,716
B,883,837,820,723,796,770,740,760,744,716
B,882,838,824,724,782,769,740,760,745,714
B,882,839,830,724,792,770,740,760,742,714
B,881,847,836,724,796,769,741,761,747,717
B,886,841,836,723,800,769,741,759,746,723
B,883,842,838,724,809,768,743,760,745,727
B,884,852,839,723,810,770,743,759,746,722
B,882,853,839,724,814,770,743,760,746,725
B,886,855,839,724,809,769,743,761,745,725
B,882,863,840,724,807,768,744,761,748,723
B,885,869,839,725,807,769,744,759,746,719
B,884,875,839,724,806,770,742,760,747,719
B,886,874,840,723,805,769,743,762,747,720
B,884,874,840,722,803,769,742,761,747,719
B,885,876,839,724,806,769,743,761,748,722
B,887,872,839,723,805,769,743,761,748,719
B,882,870,841,725,805,770,743,761,747,717
B,883,870,839,723,804,770,742,761,746,716
B,883,869,840,723,804,770,743,762,745,717
B,885,867,839,723,807,769,743,762,745,724
B,881,864,837,724,808,769,741,761,746,724
B,885,867,840,725,799,770,741,764,747,728
B,883,865,838,724,798,769,741,760,746,723
B,882,869,837,723,799,769,741,759,745,732
B,883,882,838,723,803,770,740,761,747,728
B,886,884,838,724,803,769,742,761,746,723
B,883,892,838,724,798,770,740,759,746,724
B,881,890,837,724,799,769,742,762,744,725
B,886,892,837,725,799,771,740,760,745,727
B,884,893,838,723,798,770,740,761,745,723
B,886,892,838,724,798,770,740,762,745,724
B,884,890,838,721,797,770,740,760,746,725
B,881,889,837,724,797,769,740,761,745,726
B,882,889,838,723,795,771,740,761,746,727
B,882,882,838,721,796,770,740,761,747,728
B,882,883,838,722,797,771,739,761,746,723
B,879,878,837,725,795,772,741,761,743,721
B,883,875,838,723,795,771,740,761,745,722
B,883,872,835,722,792,771,740,761,745,721
B,884,862,837,724,795,771,740,761,744,718
B,882,860,836,722,794,770,739,759,744,718
B,885,858,836,723,793,771,738,761,746,719
B,885,858,836,722,794,770,739,760,744,719
B,890,855,836,724,795,770,737,761,745,718
B,889,856,836,724,795,770,739,760,743,717
B,890,854,836,723,794,771,738,761,744,717
B,895,855,837,724,795,769,738,760,746,719
B,892,855,837,723,794,771,739,762,745,718
B,893,859,835,722,795,772,740,761,745,719
B,892,850,836,722,794,769,738,760,742,722
B,894,848,836,723,792,768,738,762,745,721
B,896,849,836,724,794,768,738,762,744,723
B,893,848,836,724,793,768,738,762,744,718
B,894,847,835,723,792,769,737,762,747,713
B,897,845,834,723,792,768,738,760,744,713
B,893,847,834,724,794,771,738,761,744,713
B,895,848,838,723,799,770,739,760,746,713
B,895,847,839,724,802,771,739,761,743,711
B,901,851,844,723,808,770,739,760,743,712
B,899,858,850,723,815,769,738,762,745,712
B,899,860,850,722,817,771,738,759,745,714
B,900,861,853,722,822,770,740,761,745,712
B,895,870,862,722,836,770,742,760,747,711
B,895,868,864,721,840,772,743,761,748,711
B,892,867,865,723,845,772,746,761,747,712
B,898,863,865,723,846,771,746,761,749,712
B,896,868,865,722,849,771,746,761,747,711
B,894,862,865,723,846,770,747,761,748,710
B,894,861,867,721,851,772,747,761,749,710
B,895,862,866,721,852,772,749,761,747,711
B,893,861,866,723,855,771,749,760,750,713
B,893,861,867,721,859,771,750,759,749,711
B,882,864,870,724,856,771,753,759,751,713
B,889,860,868,721,861,771,752,761,750,712
B,892,859,869,721,856,770,752,759,750,712
B,892,857,868,722,855,771,754,761,752,711
B,892,857,864,721,846,771,751,760,752,712
B,891,857,865,721,846,772,752,760,751,713
B,893,849,861,722,842,772,748,759,750,711
B,887,854,858,721,843,770,747,759,750,712
B,889,848,857,722,838,771,746,761,751,711
B,891,849,856,722,833,771,746,761,750,711
B,886,848,856,721,832,773,745,761,751,713
B,892,846,855,721,831,772,745,759,750,713
B,891,845,853,723,830,771,745,759,748,711
B,891,841,854,722,830,773,745,760,748,713
B,892,848,853,722,835,771,745,761,747,711
B,889,849,853,722,825,771,743,761,749,712
B,891,858,853,724,832,771,743,762,744,713
B,892,863,852,723,829,772,743,761,749,712
B,890,867,854,720,827,771,743,758,748,711
B,889,868,853,723,829,771,743,761,749,711
B,894,880,850,721,826,771,743,760,746,714
B,890,886,851,720,826,771,744,761,749,714
B,890,890,851,723,825,773,743,759,746,711
B,892,893,850,722,826,771,744,760,749,711
B,892,892,850,722,822,772,742,763,748,713
B,890,895,849,723,822,771,742,761,746,712
B,891,895,851,722,822,771,743,759,748,712
B,888,894,850,723,819,772,743,760,745,712
B,891,892,850,722,820,772,742,760,746,712
B,888,893,850,722,822,772,742,760,747,710
B,887,891,849,723,821,771,743,759,747,713
B,887,890,851,724,817,773,741,760,745,712
B,891,887,849,722,820,772,742,761,747,712
B,891,880,849,722,818,773,741,761,747,711
B,885,874,850,721,819,770,741,760,747,710
B,887,869,847,720,823,772,741,759,745,712
B,889,869,850,723,817,771,741,760,747,711
B,886,864,847,722,816,771,742,760,748,713
B,886,862,848,723,820,772,741,761,747,711
B,889,857,849,721,818,772,740,759,746,712
B,889,858,849,723,817,772,740,758,747,711
B,891,858,850,723,819,772,740,760,744,711
B,892,855,849,721,817,771,741,760,745,711
B,896,854,849,722,815,771,741,760,747,713
B,894,856,848,722,817,772,740,759,748,710
B,894,857,849,721,817,772,740,759,747,709
B,895,858,849,722,817,772,740,759,746,713
B,896,864,849,723,815,772,741,760,746,713
B,901,870,849,722,816,771,740,759,745,711
B,902,875,849,721,818,772,742,760,747,712
B,902,874,847,721,817,772,741,760,745,711
B,899,875,847,721,818,772,740,759,744,712
B,901,874,849,722,818,771,740,762,747,710
B,899,871,848,723,818,773,741,761,745,712
B,898,870,847,723,816,771,741,761,745,712
B,901,865,848,722,816,772,742,762,748,712
B,900,866,847,720,815,772,741,759,745,713
B,900,864,848,721,818,772,741,761,744,713
B,901,857,849,721,818,771,741,759,745,712
B,906,859,848,723,818,771,740,760,746,711
B,906,857,850,720,819,773,742,761,745,712
B,905,855,849,721,816,772,742,759,746,712
B,909,853,848,721,821,772,741,760,745,712
B,912,857,849,721,815,772,742,759,746,711
B,914,852,847,722,816,770,741,760,744,713
B,917,851,847,722,815,771,742,760,745,712
B,916,852,848,721,816,771,742,760,744,713
B,921,855,848,719,814,772,742,760,745,711
B,918,857,847,721,815,771,741,759,744,711
B,916,875,848,724,815,770,741,759,747,712
B,918,877,848,720,816,771,742,760,747,711
B,914,875,850,722,814,770,742,760,747,712
B,915,881,848,722,816,772,742,759,745,711
B,910,887,847,722,815,772,742,760,746,712
B,910,894,847,722,814,771,742,758,745,712
B,906,893,848,722,814,771,741,761,746,712
B,904,886,848,721,816,771,741,759,744,712
B,906,885,847,722,814,771,742,761,747,713
B,902,888,848,722,815,772,741,761,747,712
B,904,883,847,723,815,770,741,757,746,710
B,902,883,848,722,814,772,741,759,744,711
B,902,885,846,721,813,771,741,761,747,711
B,899,882,848,722,813,771,740,760,744,713
B,898,878,846,722,812,771,741,760,746,712
B,898,878,846,723,815,771,742,760,744,712
B,898,876,847,720,814,772,741,761,745,713
B,900,873,847,722,816,772,741,759,746,712
B,905,867,849,723,813,772,741,758,746,712
B,904,862,847,722,813,772,740,761,747,710
B,908,868,848,720,814,771,742,761,745,713
B,909,860,848,723,813,771,741,759,745,712
B,910,857,848,722,815,770,741,759,746,711
B,909,854,846,722,813,771,741,760,744,712
B,911,853,848,722,809,771,741,758,747,714
B,918,853,847,723,812,769,742,759,747,711
B,914,856,845,721,813,770,741,760,744,712
B,914,852,846,722,810,773,739,760,744,710
B,919,854,847,722,811,769,741,759,745,711
B,917,854,847,721,811,770,741,761,747,712
B,920,846,848,721,809,771,742,761,745,712
B,920,847,847,722,811,770,741,759,748,713
B,920,844,847,722,811,770,741,760,746,711
B,917,846,847,722,809,770,742,760,745,711
B,922,848,848,723,810,770,742,759,746,712
B,921,845,847,720,809,770,742,761,746,712
B,916,845,846,720,810,772,741,760,746,712
B,917,844,846,721,810,769,741,760,745,711
B,917,846,848,721,811,770,742,760,746,712
B,918,849,846,723,810,770,740,759,747,712
B,920,860,847,722,809,771,741,759,745,712
B,917,870,848,722,809,771,740,760,745,713
B,919,874,846,724,811,771,741,759,746,711
B,918,881,845,723,809,771,741,760,746,711
B,917,877,847,722,810,770,741,760,746,713
B,918,881,845,723,809,770,741,759,744,712
B,917,880,846,724,809,771,740,761,745,713
B,912,877,847,720,810,770,742,759,744,712
B,914,885,845,722,809,771,741,761,744,712
B,910,876,847,724,807,770,740,759,746,711
B,910,880,846,721,810,771,741,761,746,711
B,913,875,846,723,807,771,741,760,746,713
B,906,875,845,723,812,772,741,760,743,712
B,905,877,847,724,814,772,741,761,746,711
B,906,877,846,723,814,770,742,761,745,712
B,906,875,846,723,822,771,743,760,745,711
B,906,875,846,723,825,770,746,759,746,712
B,905,875,848,724,832,771,747,760,746,711
B,906,876,847,723,830,771,747,759,747,713
B,902,875,847,720,831,772,748,758,745,712
B,902,875,847,722,834,772,749,761,745,713
B,904,874,847,722,831,771,749,759,746,711
B,905,876,847,722,832,772,749,760,746,711
B,902,877,848,724,833,772,749,759,746,710
B,899,876,849,721,837,772,750,759,747,711
B,901,873,850,722,842,772,752,761,747,713
B,903,873,849,723,842,770,751,760,745,712
B,902,874,850,723,841,772,755,758,745,713
B,899,874,851,722,845,773,757,759,746,712
B,899,876,852,722,846,773,760,760,746,711
B,897,874,853,722,850,773,763,758,747,711
B,901,873,853,721,850,772,767,758,748,712
B,903,874,852,722,850,774,768,760,746,711
B,901,874,853,722,849,773,770,759,747,712
B,899,872,853,723,852,773,774,760,747,711
B,900,873,855,721,855,774,776,758,749,712
B,898,874,853,721,856,773,778,759,750,712
B,897,874,853,722,856,773,778,760,750,713
B,898,871,853,723,855,773,780,759,749,713
B,899,882,854,721,852,774,779,759,748,712
B,898,871,853,723,851,774,778,757,749,714
B,898,865,854,721,850,773,777,759,750,713
B,899,864,853,723,850,773,777,760,750,713
B,902,864,853,722,849,773,775,760,749,712
B,900,862,852,721,848,772,772,760,749,713
B,900,866,852,723,846,773,772,760,748,713
B,901,855,852,723,843,773,771,757,749,712
B,904,858,849,722,843,774,768,759,747,712
B,898,854,851,721,843,773,766,759,749,714
B,907,860,851,722,840,773,765,760,748,712
B,904,852,848,723,842,775,764,760,748,711
B,906,853,849,723,840,774,763,759,748,712
B,906,852,849,722,838,774,764,761,748,713
B,902,853,848,721,839,774,762,760,748,712
B,906,861,847,722,839,774,763,760,748,711
B,903,861,848,722,838,773,761,758,746,711
B,905,863,848,722,837,774,761,759,748,712
B,905,865,848,721,837,774,761,758,746,711
B,901,869,849,722,835,774,760,757,747,714
B,902,869,847,722,835,773,759,759,747,712
B,900,870,848,721,832,773,758,759,745,712
B,902,870,848,721,834,774,758,757,746,713
B,903,869,848,722,832,772,757,760,745,711
B,900,868,847,722,831,775,756,760,746,712
B,902,865,846,722,829,771,758,757,746,712
B,899,865,848,721,829,774,756,759,746,713
B,899,864,849,723,828,774,755,758,747,711
B,898,862,848,721,825,773,752,760,745,713
B,899,864,847,723,823,773,752,759,744,712
B,900,864,846,725,819,774,750,757,745,712
B,895,858,846,723,823,773,751,760,744,712
B,899,857,846,723,821,772,750,759,744,713
B,897,854,846,722,820,773,751,760,744,711
B,895,852,845,723,821,772,750,760,745,712
B,901,851,843,723,819,772,751,759,744,711
B,901,851,848,723,820,773,751,759,745,712
B,896,846,846,720,820,772,750,761,744,713
B,897,849,846,723,818,773,749,759,743,711
B,897,846,845,723,818,772,750,761,742,712
B,896,845,845,722,816,772,749,760,745,711
B,898,846,844,721,815,771,749,759,745,712
B,894,846,844,722,817,773,748,760,743,711
B,899,849,842,722,813,773,747,760,743,713
B,896,847,841,723,812,772,747,759,744,711
B,900,848,841,722,812,773,745,761,742,711
B,896,845,838,722,813,773,746,761,744,713
B,896,846,838,723,815,773,744,762,744,713
B,897,845,839,722,811,772,745,760,745,712
B,895,846,837,722,810,773,743,760,743,713
B,898,845,838,721,811,771,742,760,743,712
B,896,846,836,724,811,772,744,762,742,713
B,896,844,836,722,807,773,744,759,743,712
B,899,843,839,722,807,771,744,760,742,711
B,897,844,840,722,808,773,744,761,745,712
B,897,843,842,721,811,772,744,759,743,713
B,899,841,841,723,817,772,745,760,742,712
B,896,846,843,721,816,771,745,760,743,713
B,892,840,847,723,825,772,747,760,744,711
B,900,843,848,721,827,773,748,762,743,713
B,896,844,852,722,835,772,749,761,743,711
B,895,845,852,723,839,772,751,760,744,711
B,900,846,853,721,844,772,752,759,745,712
B,897,848,853,723,847,772,753,760,745,711
B,897,848,853,722,850,772,755,761,746,712
B,900,846,856,723,853,773,755,760,744,712
B,897,849,857,721,850,772,757,759,747,712
B,899,845,855,720,848,773,756,761,745,712
B,897,846,856,720,850,772,758,760,746,711
B,899,847,855,721,846,772,756,760,745,712
B,898,847,855,722,850,773,759,761,745,712
B,899,846,855,722,850,772,757,759,746,712
B,895,846,854,723,848,771,758,758,748,712
B,895,847,856,721,847,773,757,760,748,709
B,896,846,854,719,845,772,756,759,745,713
B,898,847,854,722,845,772,755,759,746,712
B,900,846,852,721,842,773,755,760,746,713
B,901,848,851,724,837,774,753,761,746,712
B,899,849,853,722,833,773,751,760,746,712
B,899,846,850,722,832,772,750,760,747,712
B,897,845,850,720,827,773,749,761,745,713
B,895,844,848,723,824,772,748,760,746,711
B,896,845,848,723,816,772,747,761,744,712
B,898,845,845,721,813,774,745,761,744,712
B,896,845,843,724,810,773,744,759,745,711
B,896,846,844,722,809,772,745,762,743,713
B,901,845,843,722,807,772,743,761,744,712
B,897,844,841,721,804,772,742,761,743,713
B,899,842,841,723,805,772,743,761,744,712
B,899,843,842,723,804,771,743,761,744,712
B,897,844,840,723,804,772,743,762,745,711
B,896,845,842,724,801,772,742,761,743,712
B,894,842,838,722,804,772,740,759,745,712
B,897,844,837,722,801,772,742,761,743,711
B,894,842,835,724,798,773,741,759,743,711
B,894,844,834,725,798,771,740,760,742,712
B,893,842,830,724,798,771,740,761,743,711
B,893,842,827,724,794,772,738,759,741,713
B,891,840,824,724,792,771,738,760,742,711
B,895,843,821,725,788,771,739,760,743,712
B,894,841,821,723,790,771,739,759,743,712
B,896,844,821,725,789,771,740,761,742,711
B,896,840,821,723,790,771,739,761,742,712
B,892,844,822,723,789,771,739,760,743,712
B,897,844,820,723,782,770,739,759,743,711
B,895,840,819,726,783,770,738,758,741,711
B,896,842,819,724,780,771,738,759,743,711
B,892,844,819,724,783,769,739,760,743,711
B,896,842,828,726,801,770,738,760,744,710
B,895,844,830,725,807,770,738,760,743,711
B,893,841,831,724,804,769,738,759,743,711
B,892,844,833,725,807,770,738,760,743,712
B,899,842,836,722,814,769,740,760,744,713
B,895,843,838,724,804,770,740,761,745,712
B,895,842,840,723,806,770,740,760,743,710
B,892,840,841,722,809,769,740,761,744,713
B,892,844,842,725,806,770,742,761,744,712
B,895,843,845,723,810,770,742,758,745,711
B,893,841,846,723,812,771,747,761,744,713
