N,896,874,908,763,888,783,853,830,829,793
N,893,874,908,764,889,783,853,831,829,790
N,894,875,909,764,889,784,854,828,833,792
N,895,875,908,764,887,784,854,831,831,792
N,894,874,907,764,888,785,851,831,831,793
N,897,874,907,765,888,784,852,829,831,792
N,892,874,908,764,889,784,854,831,834,792
N,896,874,908,763,889,785,854,830,830,792
N,892,876,908,764,889,785,852,830,831,792
N,891,876,908,764,888,784,852,833,834,791
N,893,872,908,763,889,784,852,828,828,793
N,891,874,908,764,887,783,851,830,831,793
N,893,872,909,762,891,784,852,831,829,793
N,895,873,907,764,887,785,853,830,833,792
N,897,875,908,765,888,783,853,826,829,791
N,895,872,907,763,889,784,853,830,832,790
N,895,875,907,763,888,784,852,830,832,792
N,896,874,907,764,888,784,853,830,828,793
N,891,874,906,763,889,783,852,828,833,793
N,898,877,907,763,887,785,854,830,831,792
N,895,874,907,763,889,783,852,829,833,793
N,895,873,910,762,888,784,854,828,828,794
N,890,876,907,762,889,784,853,830,826,791
N,896,875,909,764,889,784,854,831,828,792
N,900,873,908,764,890,782,853,828,831,793
N,893,873,909,762,889,783,854,829,833,792
N,893,875,908,761,888,783,853,831,831,794
N,897,876,907,765,888,782,854,829,828,796
N,894,875,908,764,886,784,854,829,830,792
N,896,874,908,764,889,783,853,827,828,792
N,896,873,907,762,887,785,851,828,830,792
N,894,875,908,764,888,784,852,830,831,792
N,888,873,909,764,889,785,852,829,833,792
N,896,875,906,763,889,785,852,830,832,791
N,892,872,908,764,887,785,852,829,828,794
N,892,876,908,763,889,784,852,829,828,793
N,896,872,905,760,889,784,853,828,833,794
N,895,874,906,764,888,783,853,829,833,793
N,894,873,907,763,888,783,852,831,834,792
N,894,873,906,764,888,784,854,831,826,793
N,896,872,907,763,891,782,854,829,828,792
N,894,874,907,762,888,784,851,828,838,794
N,894,873,907,763,889,784,853,830,828,790
N,891,874,909,764,888,784,854,828,828,793
N,893,872,908,762,890,784,852,829,833,793
N,897,873,906,762,887,784,852,830,828,793
N,897,872,908,762,888,785,851,831,831,794
N,898,874,908,762,889,784,854,830,831,795
N,897,876,908,763,892,783,854,829,829,792
N,897,872,906,762,891,784,854,827,834,792
N,892,870,907,764,889,785,852,828,830,791
N,894,873,908,763,891,782,853,831,831,791
N,893,874,907,764,891,783,853,828,833,792
N,895,874,907,764,891,784,852,827,827,792
N,895,873,908,762,892,783,853,829,828,792
N,895,873,908,763,891,784,854,831,834,792
N,897,876,907,763,889,783,854,829,829,794
N,897,875,907,764,891,783,852,828,826,793
N,898,872,907,763,890,783,853,832,830,793
N,892,874,907,763,891,782,854,829,830,793
N,892,873,907,764,889,783,854,828,832,794
N,893,875,908,763,890,783,853,828,834,792
N,893,872,906,762,890,784,854,828,833,794
N,899,874,906,763,892,783,852,831,833,792
N,894,876,907,765,891,783,853,829,835,792
N,891,871,907,762,891,782,854,828,828,792
N,894,876,907,764,888,782,854,831,830,793
N,898,875,907,763,888,784,852,830,830,794
N,895,873,907,762,888,784,853,827,830,793
N,896,874,908,763,888,784,852,831,832,791
N,896,874,908,762,888,784,852,829,831,792
N,895,872,908,763,888,783,854,829,832,792
N,894,875,907,764,887,783,854,831,832,791
N,895,874,907,764,889,783,852,829,832,793
N,897,874,908,763,886,782,852,830,830,794
N,895,873,906,762,889,784,853,831,827,793
N,894,876,905,763,890,783,851,829,833,792
N,892,876,909,764,889,783,852,830,827,793
N,895,874,907,763,887,783,854,828,831,794
N,898,872,906,762,889,783,853,828,833,794
N,896,872,908,763,887,783,854,828,835,792
N,895,874,907,762,887,783,854,830,831,793
N,894,872,907,762,889,784,854,830,827,794
N,897,871,907,764,886,783,854,829,832,794
N,892,874,906,762,886,783,854,828,828,793
N,891,875,907,763,887,783,854,829,832,794
N,894,873,909,761,887,783,853,830,834,793
N,895,874,908,764,890,784,852,828,829,792
N,893,875,907,763,887,784,852,828,828,792
N,893,873,908,762,887,783,853,829,835,792
N,897,872,906,761,887,783,852,831,827,794
N,895,872,908,764,888,784,852,826,829,794
N,896,875,908,763,888,784,853,829,828,792
N,894,872,907,763,888,784,853,826,830,794
N,897,874,909,762,886,782,852,829,830,791
N,891,876,906,762,889,785,854,829,833,793
N,895,874,908,765,889,784,854,831,829,793
N,896,875,907,762,889,783,851,827,828,794
N,895,874,907,762,887,782,852,828,831,790
N,890,873,908,761,887,784,853,827,830,791
N,891,874,906,764,886,784,853,829,832,792
N,895,875,908,764,887,784,852,830,832,792
N,894,874,908,764,888,784,853,831,826,791
N,893,871,907,762,888,784,852,828,829,793
N,894,874,908,762,887,784,854,829,830,792
N,895,874,907,763,887,784,852,829,830,794
N,896,875,907,762,886,782,852,827,829,791
N,894,876,907,763,886,784,853,828,834,794
N,898,872,907,763,886,783,851,829,832,792
N,893,873,908,764,886,783,853,829,829,792
N,894,871,907,763,885,782,852,827,829,792
N,896,874,908,764,886,783,853,831,830,791
N,899,870,907,764,885,785,854,830,831,793
N,895,874,907,761,885,783,852,830,828,792
N,897,874,908,765,888,782,853,827,833,793
N,897,873,907,762,886,783,852,828,833,793
N,895,873,908,762,887,784,853,827,831,791
N,893,874,906,762,889,783,852,830,830,791
N,892,875,908,762,887,783,852,828,829,792
N,893,873,907,763,885,784,851,829,832,793
N,892,875,908,764,889,783,853,828,829,791
N,892,874,908,763,887,784,853,832,826,794
N,893,873,908,762,887,783,852,830,828,792
N,896,873,908,764,886,785,853,831,829,792
N,895,874,908,763,888,782,852,829,831,791
N,893,873,906,764,886,784,852,827,829,793
N,896,874,908,762,888,784,851,828,830,794
N,897,872,908,763,885,783,852,828,828,792
N,894,874,907,762,887,781,853,829,831,791
N,891,874,908,762,889,783,851,828,829,793
N,896,874,906,763,887,783,851,829,826,794
N,899,874,907,762,887,785,852,829,829,791
N,892,873,907,764,888,785,854,831,827,791
N,893,874,906,761,889,783,851,828,833,791
N,898,875,908,764,887,785,852,828,835,791
N,893,873,908,762,887,783,852,828,832,790
N,893,872,908,764,889,783,853,830,830,794
N,895,877,907,762,886,782,853,830,830,793
N,893,874,908,764,886,784,853,828,830,792
N,899,874,907,763,887,784,853,828,832,792
N,892,871,909,762,887,782,851,829,830,792
N,894,874,907,762,887,783,852,829,829,792
N,892,873,908,761,888,784,852,828,832,792
N,889,875,907,762,888,782,851,830,829,793
N,896,872,908,764,887,783,851,829,830,792
N,897,875,907,760,886,784,852,829,828,793
N,896,874,907,762,887,783,852,830,829,792
N,895,874,908,763,885,783,851,827,830,793
N,897,873,907,763,888,784,851,828,825,792
N,896,871,908,762,887,782,852,828,828,791
N,897,874,908,763,887,783,851,829,828,792
N,893,875,906,764,887,782,853,828,830,793
N,896,872,906,763,888,784,853,827,830,791
N,897,876,907,761,886,783,853,829,829,792
N,894,874,906,762,885,785,853,830,830,791
N,892,874,909,762,889,784,851,828,834,793
N,884,877,907,761,887,783,853,827,829,790
N,896,875,906,761,886,782,851,831,833,792
N,895,873,908,762,887,783,852,828,829,792
N,892,873,908,763,886,782,853,831,833,791
N,893,874,908,762,888,783,852,826,831,791
N,896,874,908,762,885,783,852,830,831,793
N,893,875,907,764,885,784,851,830,831,793
N,896,874,908,763,887,784,853,830,825,791
N,896,873,908,761,886,783,851,829,831,792
N,894,875,909,765,886,784,852,829,831,790
N,898,874,908,764,890,783,852,829,838,791
N,898,874,907,764,886,783,853,827,832,793
N,896,875,905,762,885,782,852,829,831,792
N,898,872,908,763,887,784,853,828,832,791
N,895,874,907,763,889,785,851,828,828,791
N,898,872,907,763,888,784,853,831,830,789
N,895,873,908,762,888,784,853,831,834,792
N,898,876,908,764,886,784,853,831,828,792
N,901,874,906,763,888,783,851,829,828,793
N,894,874,908,761,889,783,851,830,830,792
N,893,874,908,763,886,784,853,829,831,792
N,896,872,906,763,888,783,851,830,828,790
N,901,877,906,764,886,784,853,829,830,791
N,894,873,908,763,887,784,851,830,832,791
N,891,872,907,761,886,783,851,828,833,792
N,897,874,906,762,887,782,853,830,833,790
N,893,872,906,762,884,783,853,830,831,793
N,895,875,907,763,886,785,851,831,824,793
N,894,873,906,763,887,784,850,830,834,793
N,894,874,908,764,886,784,851,830,831,791
N,892,875,908,764,885,784,852,829,832,791
N,896,872,908,763,887,784,851,830,830,790
N,894,875,907,762,884,785,853,830,830,792
N,896,872,907,764,886,784,851,830,831,792
N,897,875,907,763,885,784,852,827,829,793
N,891,875,907,763,888,785,851,828,833,792
N,890,874,906,763,886,784,851,830,827,792
N,894,874,907,763,886,785,852,830,833,792
N,894,872,907,762,885,784,853,829,829,791
N,894,875,908,764,885,784,850,827,829,795
N,895,873,907,763,885,783,853,827,833,791
N,892,874,907,764,888,784,853,829,832,791
N,896,874,907,762,887,784,851,828,827,789
N,893,873,907,764,885,783,850,827,833,793
N,893,873,908,763,886,784,852,829,829,791
N,889,872,907,766,888,784,853,830,833,791
N,893,873,907,762,887,785,852,830,833,793
N,897,872,908,764,888,785,853,828,829,790
N,896,875,907,763,885,784,852,828,830,792
N,894,874,906,764,886,785,850,829,829,792
N,892,874,908,764,884,785,852,828,834,791
N,892,875,908,761,886,784,852,829,830,792
N,894,872,907,761,885,784,853,828,828,792
N,893,875,907,764,886,785,851,826,829,791
N,892,874,908,764,886,784,852,830,826,792
N,897,872,908,762,886,784,852,830,831,792
N,893,874,907,764,888,785,853,829,828,792
N,893,874,909,762,889,782,850,828,828,789
N,892,875,907,762,887,785,852,830,833,790
N,893,875,906,763,885,783,852,828,835,791
N,894,873,907,764,887,784,852,828,833,792
N,892,873,908,762,888,785,853,830,833,792
N,891,875,907,762,886,784,850,829,834,792
N,897,871,908,764,886,785,851,827,832,789
N,892,875,908,763,885,783,852,827,830,793
N,891,873,908,763,885,784,851,830,827,793
N,893,875,907,762,886,785,851,827,829,788
N,891,876,907,763,886,784,851,827,832,792
N,896,870,905,762,883,786,853,829,832,793
N,895,874,906,763,883,784,853,829,827,792
N,891,876,908,760,885,784,851,826,830,792
N,893,873,907,761,885,784,852,828,831,791
N,894,874,907,762,888,782,853,831,832,793
N,894,873,907,762,887,785,853,828,828,791
N,896,871,908,763,887,785,852,829,832,792
N,894,874,908,763,886,784,853,829,831,793
N,895,873,907,765,884,782,853,828,830,792
N,896,873,908,762,887,783,853,829,830,792
N,893,874,908,763,887,784,851,828,837,792
N,897,872,907,763,885,785,852,829,833,792
N,892,874,908,763,885,784,852,826,826,790
N,896,875,907,762,886,784,851,829,828,791
N,896,873,906,764,888,784,852,829,833,791
N,893,874,907,762,885,784,852,830,834,791
N,895,873,907,763,886,784,852,827,825,792
N,897,873,908,764,885,783,852,829,829,793
N,892,874,906,762,886,784,851,829,830,792
N,891,875,907,762,887,785,852,828,837,790
N,899,871,907,762,886,783,852,828,830,792
N,895,872,907,764,884,785,853,826,828,792
N,895,874,907,764,887,784,851,828,832,791
N,890,873,906,762,886,783,852,827,833,792
N,894,876,906,762,884,783,854,831,829,789
N,892,875,908,762,886,784,852,829,830,791
N,894,874,908,761,886,784,851,830,829,792
N,892,877,907,762,888,785,851,829,828,790
N,896,875,908,762,886,784,852,829,829,792
N,890,874,907,764,887,783,851,828,828,792
N,897,872,906,762,887,785,851,827,830,790
N,893,874,907,764,886,784,853,827,831,792
N,890,874,906,763,885,785,851,829,830,792
N,890,874,908,763,886,783,851,828,828,792
N,893,875,906,762,886,784,852,827,829,792
N,894,872,908,761,884,783,850,828,830,793
N,894,875,906,764,886,784,851,829,832,792
N,898,877,907,762,885,783,851,827,834,790
N,893,872,907,763,885,784,853,827,828,790
N,890,874,907,762,887,784,850,829,832,789
N,894,874,907,764,886,784,851,830,834,791
N,895,875,905,763,886,783,852,828,833,792
N,892,874,907,764,886,784,853,828,833,792
N,895,872,906,762,886,784,852,825,834,792
N,895,876,907,763,886,781,853,829,830,791
N,893,874,906,764,885,785,851,827,829,790
N,891,873,908,762,887,784,852,830,833,792
N,895,875,908,763,886,784,852,829,829,790
N,894,874,906,763,887,784,852,830,833,792
N,894,873,906,763,886,783,852,829,828,792
N,895,876,906,764,887,784,852,829,829,791
N,896,874,908,764,886,783,852,828,833,792
N,895,873,906,762,887,783,851,829,829,790
N,891,868,907,761,885,784,852,827,833,789
N,896,875,907,764,885,783,850,831,834,790
N,897,873,906,764,886,784,852,829,830,790
N,891,876,908,762,886,784,852,827,833,790
N,896,876,907,762,885,783,852,830,832,790
N,895,875,906,763,885,783,853,826,830,793
N,896,874,907,763,884,785,852,829,832,793
N,892,873,908,762,885,784,852,827,826,790
N,890,876,908,761,885,781,850,822,829,790
N,890,873,906,762,886,783,851,829,830,792
N,894,874,906,762,885,784,851,828,828,792
N,892,874,907,762,881,783,855,826,838,794
N,892,876,908,763,886,784,851,829,833,790
N,896,873,906,763,884,784,852,828,831,790
N,894,873,906,763,886,785,852,829,830,790
N,892,874,906,762,885,782,851,829,832,791
N,892,873,909,762,887,783,852,828,829,791
N,895,874,907,762,885,785,851,828,829,790
N,898,874,907,762,886,784,852,828,832,789
N,894,874,908,764,886,783,853,830,828,792
N,893,875,907,762,885,783,853,828,832,792
N,890,874,908,764,885,784,851,829,832,790
N,891,874,907,762,887,783,852,829,833,789
N,893,873,908,764,887,784,853,828,830,791
N,898,875,907,765,884,784,851,829,833,792
N,892,874,907,762,887,783,852,827,829,790
N,892,874,907,764,885,783,851,827,831,792
N,893,876,908,762,887,784,853,828,830,792
N,895,872,906,763,885,783,851,829,830,791
N,892,876,906,761,885,783,852,829,828,789
N,895,874,907,762,887,785,852,827,832,792
N,892,874,907,764,885,783,850,826,830,792
N,895,872,908,764,886,784,851,828,827,791
N,896,875,907,761,886,784,852,828,829,791
N,893,873,907,763,886,784,853,829,831,790
N,895,874,906,762,883,783,852,829,828,794
N,892,872,906,761,884,783,850,828,834,791
N,893,873,907,762,885,783,852,827,833,792
N,896,874,906,762,886,784,853,830,832,789
N,895,874,907,763,884,784,852,827,829,792
N,892,874,908,764,885,784,851,830,832,789
N,892,875,907,764,886,784,852,827,829,790
N,889,874,908,764,887,783,851,829,830,793
N,897,873,907,762,885,782,851,828,829,792
N,894,875,907,763,884,784,852,827,829,790
N,895,872,906,764,884,785,853,828,832,791
N,895,875,907,762,886,784,852,827,829,790
N,892,875,907,762,886,785,852,830,833,791
N,891,875,907,763,885,784,851,828,832,792
N,893,875,907,763,887,784,850,829,830,791
N,893,873,907,761,886,784,851,827,832,791
N,894,871,906,762,883,784,851,830,834,791
N,893,874,907,763,886,784,850,827,830,791
N,891,874,905,762,887,785,852,828,832,790
N,896,873,907,763,886,785,852,828,833,791
N,895,874,907,762,886,784,852,828,830,792
N,892,875,907,761,885,783,853,829,828,792
N,891,873,908,764,885,783,851,827,830,792
N,894,875,908,763,886,784,851,828,828,790
N,891,876,906,764,886,784,853,828,834,791
N,891,875,907,762,884,784,850,828,832,791
N,892,872,906,762,885,783,852,829,833,792
N,893,873,907,762,887,784,851,826,831,790
N,890,872,906,762,885,784,852,828,830,790
N,891,874,907,763,884,783,852,829,831,791
N,889,875,905,760,885,783,853,829,833,792
N,894,872,907,762,884,784,853,827,830,790
N,895,873,907,763,884,784,852,828,831,791
N,895,875,906,761,884,785,852,828,834,790
N,891,873,906,761,886,783,852,828,832,789
N,889,871,906,763,887,784,852,829,832,790
N,893,873,907,762,887,784,851,828,834,790
N,893,873,908,761,886,785,851,827,817,791
N,891,874,907,763,884,784,852,828,837,792
N,892,874,908,764,887,785,853,830,830,790
N,897,877,907,762,887,784,851,826,832,792
N,891,874,907,763,887,783,851,828,834,791
N,895,873,907,763,886,784,852,829,834,791
N,897,874,907,762,884,784,853,829,830,790
N,894,874,907,763,887,785,852,827,829,792
N,892,874,907,763,887,784,852,828,832,790
N,892,874,907,764,884,782,851,827,834,791
N,896,873,908,764,884,784,851,826,830,792
N,895,875,907,762,883,784,851,827,839,790
N,895,875,907,764,887,785,851,828,832,792
N,892,871,908,763,886,783,850,830,829,790
N,890,875,909,762,883,783,851,827,833,792
N,894,875,906,762,885,784,853,826,831,791
N,892,874,906,762,884,784,850,827,832,791
N,890,874,908,762,887,784,852,829,830,790
N,893,872,906,764,887,783,852,829,829,790
N,891,871,908,762,885,783,851,825,829,792
N,895,874,905,764,884,784,852,828,833,790
N,893,870,908,763,886,783,852,828,830,790
N,891,875,908,763,885,784,853,829,833,791
N,891,874,907,762,886,783,852,828,832,788
N,894,874,908,764,885,783,853,828,827,792
N,897,873,907,763,887,785,851,829,830,789
N,895,875,906,762,888,784,852,828,833,792
N,893,875,907,762,887,783,851,828,833,792
N,891,872,908,762,886,784,852,830,835,791
N,898,875,907,764,886,782,852,829,828,792
N,891,875,908,762,888,784,852,829,827,791
N,892,875,908,764,889,784,852,827,831,791
N,891,874,907,764,887,783,852,829,834,791
N,893,874,906,763,889,783,851,827,834,791
N,894,873,908,763,888,785,850,828,834,790
N,895,872,907,764,888,782,852,826,830,791
N,893,874,906,763,887,785,853,827,833,791
N,893,874,907,762,888,783,851,830,832,789
N,896,875,908,763,887,783,851,828,833,788
N,893,873,906,763,887,784,851,828,833,791
N,895,875,906,764,887,784,853,829,830,790
N,894,874,906,763,888,784,852,828,832,791
N,895,875,908,764,889,784,852,827,831,790
N,894,875,906,763,886,784,853,826,832,790
N,893,875,907,762,888,783,851,830,828,793
N,893,873,906,764,888,783,851,827,833,792
N,894,874,907,763,887,783,851,830,829,790
N,895,875,907,764,887,783,850,827,837,791
N,896,872,907,763,886,785,852,829,834,790
N,895,874,906,762,887,783,850,827,832,790
N,891,872,907,764,885,784,851,828,829,790
N,897,874,907,763,887,783,851,827,834,791
N,891,874,908,761,889,785,854,828,834,792
N,893,874,906,763,886,784,851,827,828,791
N,892,874,907,763,887,784,849,830,828,792
N,890,874,906,764,885,785,852,829,832,790
N,890,875,907,763,888,784,853,827,833,789
N,894,872,908,765,889,786,852,828,831,790
N,892,875,908,762,886,783,851,829,832,792
N,892,874,906,763,885,784,853,828,830,790
N,896,876,907,761,887,783,851,830,834,792
N,898,873,906,763,885,784,851,827,830,790
N,896,876,907,763,888,784,852,826,830,790
N,895,873,905,762,887,782,851,827,830,789
N,894,873,906,764,886,784,852,828,835,791
N,893,873,907,763,886,783,851,827,832,792
N,893,875,907,764,885,784,852,827,829,790
N,895,874,907,764,888,783,851,827,832,790
N,898,876,908,764,885,783,853,829,829,790
N,897,874,906,763,888,783,852,828,827,791
N,891,875,908,762,887,784,852,828,833,792
N,895,873,908,761,886,783,851,828,831,791
N,892,874,905,761,886,783,853,826,833,792
N,894,875,907,764,887,784,852,827,830,791
N,893,873,907,763,885,784,851,829,830,792
N,896,873,908,762,884,783,850,828,829,795
N,894,874,906,762,887,784,852,826,831,792
N,894,873,906,762,886,783,851,829,834,792
N,892,872,908,763,888,785,853,827,835,792
N,892,873,906,762,887,783,852,828,833,791
N,893,872,908,763,886,784,852,828,830,791
N,893,874,907,762,885,784,853,826,828,789
N,892,871,908,764,887,784,852,829,833,791
N,891,873,905,762,887,783,852,828,827,789
N,897,876,907,764,886,784,851,828,832,791
N,893,872,908,764,885,784,853,826,828,791
N,893,875,906,764,885,783,852,827,830,791
N,895,872,907,762,887,784,852,828,830,791
N,892,873,906,764,886,784,852,827,832,792
N,893,874,906,762,885,784,851,827,827,790
N,893,872,906,763,886,783,852,828,830,792
N,895,873,906,763,884,784,853,829,836,790
N,891,873,907,761,885,782,851,826,827,789
N,894,874,906,763,885,783,852,827,833,791
N,894,876,907,762,884,784,852,827,828,790
N,895,873,907,762,886,783,852,827,831,794
N,898,874,906,765,886,783,851,829,830,792
N,892,873,905,762,885,782,852,826,834,791
N,893,874,907,764,887,784,852,829,833,790
N,893,872,906,764,886,784,850,828,830,792
N,890,874,906,762,885,784,852,828,832,792
N,893,875,906,763,886,784,852,827,834,791
N,895,873,908,764,884,783,851,827,833,789
N,893,873,906,762,885,783,852,828,833,792
N,894,874,907,761,887,782,850,828,828,788
N,894,875,908,764,888,784,851,827,833,790
N,895,873,907,764,886,782,852,828,830,788
N,894,875,906,762,886,781,852,827,829,789
N,897,876,907,762,887,784,850,827,829,791
N,895,873,907,762,886,784,852,826,833,791
N,892,873,905,762,886,784,852,828,830,791
N,896,872,907,764,884,783,852,827,827,791
N,893,874,906,762,887,784,851,829,833,790
N,892,873,908,764,885,785,854,827,830,790
N,894,872,906,762,887,782,850,828,834,792
N,892,872,907,763,884,785,853,829,836,792
N,892,873,906,762,887,784,852,827,828,790
N,893,874,907,763,885,783,851,829,834,790
N,894,874,907,763,886,783,852,828,830,789
N,896,868,909,761,885,784,851,827,833,790
N,891,873,906,763,886,783,851,828,828,791
N,893,872,908,762,886,785,851,829,831,792
N,891,872,906,763,886,784,850,828,832,791
N,894,874,906,763,885,783,852,827,828,792
N,893,874,907,762,887,783,852,826,829,791
N,891,871,907,764,886,785,850,827,830,791
N,895,873,907,763,885,784,850,827,829,792
N,893,873,907,764,884,785,851,827,827,789
N,896,874,907,763,887,783,851,827,830,790
N,894,876,906,762,887,784,852,826,832,791
N,893,875,906,762,887,784,851,828,832,789
N,891,874,906,764,886,784,852,828,830,791
N,895,872,908,761,887,782,852,827,832,792
N,891,873,906,763,885,783,852,829,833,790
N,895,873,907,763,885,782,851,828,830,790
N,892,875,907,765,886,784,851,827,827,792
N,892,873,905,763,888,785,850,827,831,790
N,895,873,907,763,886,782,850,827,832,790
N,893,873,907,762,885,784,852,829,828,791
N,894,875,906,761,885,784,851,825,834,792
N,898,873,907,763,882,786,851,825,829,792
N,894,872,906,763,885,785,851,828,833,792
N,895,875,906,762,885,785,850,830,835,790
N,895,872,907,762,885,784,852,828,834,791
N,893,875,906,765,884,783,853,824,827,792
N,894,873,907,764,887,783,853,828,833,790
N,897,874,905,763,885,782,852,828,830,789
N,892,874,906,762,886,784,852,829,834,791
N,893,875,906,762,885,785,853,826,835,789
N,895,872,906,763,886,784,850,828,829,792
N,895,875,908,763,887,783,851,827,829,789
N,894,875,907,764,888,783,851,827,830,791
N,896,874,906,763,886,784,851,829,833,790
N,893,873,907,765,886,783,851,827,830,789
N,892,869,907,762,885,784,852,828,830,789
N,890,875,908,764,886,783,850,826,833,789
N,890,875,906,761,887,783,851,828,834,792
N,894,874,907,762,886,784,850,829,833,790
N,891,874,906,762,887,784,851,827,826,792
N,896,874,907,762,885,785,851,827,829,789
N,890,872,906,759,885,783,850,828,831,792
N,893,875,906,761,886,784,851,825,827,790
N,893,874,906,759,884,785,852,830,824,789
N,895,873,907,762,885,783,851,825,833,791
N,893,873,906,764,885,784,850,828,834,790
N,891,872,906,764,886,784,852,829,829,791
N,896,874,906,760,886,783,851,828,828,792
N,896,874,906,763,885,783,852,828,835,790
N,897,875,905,763,886,783,852,826,830,792
N,893,874,905,763,886,784,852,827,830,791
N,897,873,906,761,889,784,851,826,830,791
N,894,873,906,762,886,784,852,827,833,791
N,896,874,906,762,886,782,851,828,835,792
N,894,874,907,762,887,783,851,827,834,788
N,890,872,907,762,889,783,852,829,832,792
N,895,872,906,761,886,783,850,828,833,791
N,891,873,907,762,886,784,850,828,829,790
N,893,874,906,762,886,784,850,828,830,792
N,892,874,907,763,886,783,852,830,828,789
N,892,871,907,761,887,783,850,828,829,791
N,895,873,906,761,886,783,851,827,830,792
N,897,872,907,763,885,784,852,830,833,792
N,893,872,906,762,888,783,851,829,830,791
N,890,873,907,762,888,784,852,826,834,790
N,893,874,907,764,888,784,853,828,830,789
N,896,872,907,762,888,783,852,827,829,790
N,894,875,908,763,887,783,851,828,833,792
N,893,874,906,762,886,785,852,827,835,790
N,891,876,908,763,886,783,851,827,832,790
N,893,871,907,762,886,783,853,827,831,789
N,894,875,906,762,885,785,850,829,835,791
N,895,872,906,764,888,784,851,828,832,791
N,896,874,906,764,885,784,851,829,832,790
N,896,874,905,761,890,783,851,829,833,791
N,897,874,905,763,887,784,853,826,830,792
N,896,873,907,762,887,782,852,828,833,791
N,896,873,907,762,887,783,851,829,831,790
N,893,872,906,759,887,784,850,825,835,790
N,898,870,907,761,885,783,853,827,832,790
N,897,875,908,762,886,784,852,828,831,789
N,891,871,906,762,887,782,851,828,831,792
N,893,872,908,760,886,783,851,827,834,789
N,895,874,906,762,885,783,852,828,835,790
N,890,874,907,763,884,785,851,827,830,788
N,892,869,907,761,886,783,852,827,830,791
N,895,873,906,763,886,784,852,829,835,792
N,895,872,906,763,887,784,852,825,827,791
N,892,873,905,766,889,784,852,831,824,792
N,894,874,906,763,886,784,852,827,836,790
N,895,874,907,762,887,783,852,827,834,791
N,894,873,907,762,886,784,852,827,832,790
N,892,874,907,761,886,783,852,828,829,789
N,893,871,906,761,886,784,849,827,827,792
N,893,875,907,763,886,783,852,826,829,791
N,896,873,906,762,888,785,852,828,830,792
N,898,874,907,764,887,784,852,825,831,789
N,895,873,906,764,886,783,852,828,829,790
N,895,872,907,762,886,783,852,826,833,790
N,892,874,906,763,887,784,851,827,828,790
N,895,874,906,761,886,783,850,830,832,790
N,897,872,907,762,887,783,851,827,833,790
N,895,874,907,763,886,783,852,827,829,793
N,895,876,906,763,888,783,852,830,830,790
N,893,874,907,763,888,784,851,827,833,791
N,896,876,906,761,886,784,852,828,833,790
N,896,873,908,763,884,785,851,828,830,790
N,891,871,906,763,886,784,851,826,831,792
N,894,873,905,760,886,784,851,830,835,792
N,895,872,905,761,887,781,851,828,833,790
N,893,875,907,762,887,784,850,826,825,789
N,892,875,906,763,887,783,852,826,833,789
N,895,875,905,764,888,784,852,828,831,791
N,892,873,906,763,888,784,851,826,833,790
N,891,872,906,763,887,784,850,827,830,789
N,896,872,907,763,887,782,851,827,831,790
N,893,872,906,764,888,783,851,827,829,792
N,892,875,907,762,888,784,852,828,836,789
N,895,873,906,762,886,782,852,826,829,789
N,893,874,906,761,887,783,851,829,834,792
N,891,874,907,764,888,784,852,828,829,791
N,891,874,906,761,888,784,853,827,835,789
N,892,873,906,762,886,783,851,826,833,792
N,895,874,906,764,887,783,850,830,831,790
N,892,873,908,764,887,783,852,827,831,787
N,897,875,906,762,888,782,853,829,829,792
N,891,873,907,764,887,784,852,827,831,792
N,890,875,906,761,885,784,852,829,830,792
N,892,872,907,763,885,784,853,827,831,788
N,897,872,906,762,888,784,852,827,833,791
N,896,874,907,761,885,784,851,826,829,791
N,893,873,906,761,883,782,852,825,831,790
N,893,874,907,763,886,783,852,827,834,790
N,891,874,905,762,885,784,853,829,830,790
N,896,874,906,763,886,784,850,827,833,789
N,892,875,906,762,887,783,851,825,829,791
N,892,875,907,762,885,783,851,826,830,791
N,895,872,907,762,886,784,851,826,833,792
N,896,874,905,762,888,784,851,829,830,793
N,896,874,907,763,886,784,851,825,833,789
N,895,873,906,762,888,784,851,826,828,791
N,892,873,906,762,887,782,850,828,831,789
N,895,877,908,762,887,784,852,826,831,789
N,893,873,906,761,886,784,852,826,833,791
N,894,873,906,761,886,786,851,826,831,791
N,893,871,905,762,888,782,852,827,828,789
N,890,872,906,763,887,783,851,825,828,792
N,891,874,906,762,886,783,852,827,836,790
N,894,872,905,762,887,784,851,829,834,791
N,892,875,907,762,887,783,852,828,829,789
N,894,874,907,762,887,783,850,825,830,790
N,897,871,908,762,887,783,852,829,830,790
N,893,874,907,762,888,783,850,829,832,790
N,895,872,907,760,886,784,851,828,831,791
N,894,874,907,762,888,783,852,826,832,791
N,891,873,906,762,887,783,851,826,832,789
N,896,874,905,765,886,782,851,827,830,791
N,895,872,906,762,886,784,851,826,826,790
N,891,871,907,764,887,785,851,828,835,792
N,895,874,907,763,886,783,852,826,831,790
N,893,873,907,763,887,783,852,826,832,791
N,896,874,907,763,888,783,853,830,830,792
N,895,875,906,762,886,783,852,827,830,791
N,894,873,906,762,885,783,852,826,835,790
N,896,873,905,762,887,783,851,829,832,789
N,893,872,907,761,886,784,852,828,833,792
N,894,875,907,765,889,784,850,827,830,790
N,893,874,907,761,886,783,850,827,831,790
N,893,874,906,762,887,784,851,829,822,792
N,895,873,907,762,888,783,853,828,835,789
N,896,872,907,761,888,783,851,829,829,790
N,894,874,907,761,886,783,852,826,833,792
N,893,872,907,761,887,783,851,828,831,790
N,893,873,907,762,887,783,852,829,831,790
N,894,873,907,762,887,783,851,827,829,789
N,890,872,906,762,886,784,852,829,833,790
N,894,874,906,763,887,783,850,829,831,791
N,894,874,907,762,886,783,850,828,829,792
N,898,873,906,764,889,783,851,827,830,790
N,895,874,906,762,886,783,851,826,829,791
N,891,867,908,764,890,783,850,827,829,790
N,894,874,907,764,886,783,852,828,834,790
N,892,875,907,763,885,783,851,827,830,793
N,892,873,907,762,886,783,850,830,827,787
N,891,873,906,763,888,784,852,828,833,789
N,888,873,907,763,886,784,851,828,828,792
N,896,873,906,763,887,783,851,829,831,789
N,894,873,907,763,887,784,852,826,833,792
N,891,875,905,764,886,783,852,827,833,791
N,890,873,907,764,886,784,852,828,830,790
N,891,875,906,762,885,781,852,827,832,792
N,894,872,908,761,887,784,851,826,829,789
N,895,874,907,761,886,784,849,829,827,791
N,893,873,907,762,887,782,851,828,831,792
N,892,874,907,760,888,782,847,827,824,793
N,894,871,905,763,887,783,852,826,828,792
N,895,872,907,762,885,783,852,830,830,792
N,891,871,907,761,888,784,850,827,832,791
N,895,872,907,763,887,782,852,827,833,790
N,892,871,906,763,886,783,851,827,830,791
N,893,871,906,761,886,783,851,829,827,792
N,897,871,906,762,886,782,851,827,829,790
N,895,874,905,764,884,784,852,826,829,790
N,890,876,909,761,886,783,851,828,830,789
N,895,872,907,764,886,783,852,827,832,790
N,893,874,906,765,884,783,851,827,832,791
N,889,873,906,763,886,783,851,828,829,790
N,896,871,906,763,885,785,852,827,827,788
N,896,873,906,761,886,783,853,827,830,793
N,894,873,907,763,886,782,850,829,833,790
N,897,872,906,763,886,784,852,828,830,792
N,891,873,908,760,887,784,852,828,833,789
N,893,874,906,762,886,783,851,829,827,791
N,894,873,906,764,886,784,852,828,829,792
N,895,875,906,763,885,782,851,827,834,792
N,894,876,906,763,886,783,851,829,831,791
N,895,873,907,764,889,780,853,821,821,791
N,896,871,906,762,885,783,851,829,832,790
N,894,874,906,764,887,783,850,830,831,791
N,894,873,906,764,886,784,851,828,827,791
N,891,874,906,764,885,784,851,828,827,791
N,895,873,906,763,885,782,849,829,826,792
N,893,871,905,762,887,784,852,828,828,788
N,896,872,907,761,888,784,851,826,832,793
N,892,874,907,763,885,784,852,828,827,792
N,896,874,906,762,886,784,851,826,827,791
N,893,874,907,762,887,783,851,826,830,792
N,894,873,907,761,884,783,850,830,834,793
N,896,875,907,764,888,782,852,827,832,790
N,894,872,907,763,887,782,852,827,828,790
N,894,874,906,762,887,784,851,826,831,791
N,895,872,908,762,888,781,851,830,829,792
N,895,875,907,764,887,783,851,827,830,792
N,896,875,907,764,887,784,851,825,828,790
N,892,876,906,764,890,784,851,826,829,791
N,893,873,906,762,887,783,851,829,827,791
N,898,870,907,764,887,786,852,829,829,792
N,898,873,906,763,886,784,850,828,829,792
N,895,872,906,763,889,782,854,827,831,794
N,897,871,906,761,885,784,852,828,830,793
N,893,873,908,761,888,783,850,827,832,792
N,893,872,907,762,885,783,852,828,829,791
N,896,872,906,764,888,784,851,831,831,791
N,894,873,908,762,885,783,852,827,826,791
N,894,873,905,762,885,783,851,828,835,790
N,890,868,907,762,885,783,851,828,829,792
N,893,874,906,763,886,783,851,829,831,793
N,895,873,907,763,886,784,851,827,830,792
N,899,872,908,765,887,784,849,827,824,792
N,890,875,905,762,884,783,851,828,832,791
N,895,872,906,762,885,783,851,828,831,793
N,895,872,906,762,886,784,852,827,829,792
N,893,873,906,763,889,783,850,831,828,794
N,892,872,906,762,885,784,851,828,833,790
N,895,873,906,763,885,784,851,828,831,790
N,895,874,906,763,886,782,852,829,827,791
N,895,873,907,763,885,784,851,827,828,792
N,898,871,907,764,884,784,851,828,831,792
N,897,874,908,763,887,783,851,828,831,790
N,891,870,907,763,886,784,852,829,827,790
N,895,873,907,763,886,782,852,828,828,790
N,893,873,906,761,884,782,851,829,826,790
N,895,870,906,763,884,784,851,830,831,791
N,892,873,906,761,884,783,852,828,831,792
N,895,872,907,763,885,782,851,827,832,790
N,893,870,905,762,884,783,851,827,826,792
N,893,875,907,761,887,783,851,827,828,790
N,893,874,906,763,885,783,852,829,828,790
N,896,873,907,763,887,783,850,826,831,791
N,891,873,905,763,886,783,851,827,829,792
N,894,875,906,762,885,783,852,824,827,790
N,896,871,907,763,887,783,852,826,825,791
N,894,873,906,761,886,783,851,829,831,790
N,895,871,906,761,885,784,852,828,829,792
N,896,874,906,764,883,782,852,829,827,789
N,896,873,907,761,887,784,851,826,833,792
N,894,871,906,763,885,784,852,828,829,791
N,896,873,906,762,886,784,851,830,824,789
N,896,872,907,762,886,783,852,828,829,792
N,892,874,908,764,887,784,852,829,833,793
N,899,870,907,762,886,783,851,828,826,791
N,894,874,906,764,887,783,850,826,827,791
N,896,872,907,763,887,784,850,826,827,791
N,896,871,906,762,886,783,849,827,833,791
N,892,873,907,764,887,783,852,826,828,790
N,894,874,906,761,884,784,851,826,828,790
N,896,871,906,762,885,783,851,826,829,790
N,892,872,905,763,887,784,853,828,827,792
N,885,873,907,762,887,783,852,827,829,792
N,894,874,907,763,886,781,850,828,831,791
N,895,873,906,763,887,785,850,827,834,793
N,893,871,907,764,887,783,851,828,830,792
N,896,872,907,764,886,783,852,830,827,790
N,895,873,906,763,886,783,851,829,828,792
N,901,873,906,763,886,782,850,825,829,790
N,891,871,907,763,885,783,851,829,819,789
N,900,875,909,763,884,783,851,828,826,791
N,893,874,907,761,885,783,851,828,831,792
N,885,872,906,760,885,786,849,828,831,790
N,892,873,906,763,887,784,849,826,828,791
N,894,874,906,762,887,784,850,828,830,790
N,895,873,905,764,887,782,852,827,830,789
N,895,873,908,762,886,784,851,830,830,789
N,895,874,906,762,887,784,851,826,831,790
N,893,870,906,763,887,784,852,825,830,789
N,891,875,906,763,885,784,849,827,831,793
N,898,872,905,763,887,784,851,826,830,790
N,892,874,907,763,886,784,851,827,830,790
N,891,870,906,763,887,783,851,828,829,790
N,897,875,906,764,885,785,851,827,832,790
N,892,872,906,764,887,783,851,828,830,789
N,892,874,906,764,886,784,851,829,832,791
N,890,872,906,761,885,783,850,829,831,791
N,894,874,907,764,887,784,850,827,834,791
N,895,872,907,763,886,783,852,828,831,789
N,891,874,907,763,887,784,850,827,827,788
N,894,872,907,763,887,783,852,826,826,790
N,890,873,906,764,888,783,850,828,831,789
N,896,874,906,762,885,784,851,829,828,791
N,896,872,907,762,885,784,850,828,828,791
N,893,874,906,763,885,783,851,827,828,790
N,891,872,906,763,887,784,850,828,829,789
N,895,873,907,762,886,783,854,829,833,791
N,895,873,906,762,886,784,852,829,829,791
N,894,872,906,763,886,785,850,826,826,787
N,896,872,906,762,887,783,851,826,829,789
N,893,874,906,763,886,784,852,828,831,791
N,894,873,906,763,887,783,851,827,830,789
N,895,873,907,764,886,783,852,826,832,789
N,894,873,905,763,887,784,852,827,829,790
N,892,874,906,763,887,784,850,827,829,791
N,890,873,907,763,885,783,851,828,828,790
N,889,873,906,763,884,784,852,828,829,790
N,893,872,904,765,884,783,850,829,828,791
N,896,873,906,763,886,784,851,827,826,790
N,896,873,905,762,883,783,850,827,831,792
N,895,872,906,764,884,784,851,827,829,789
N,898,870,906,765,884,784,851,827,834,791
N,891,873,907,764,887,782,851,825,830,790
N,892,872,906,764,885,783,849,829,830,792
N,895,869,905,762,885,783,852,828,829,789
N,895,871,905,763,886,783,851,826,833,791
N,899,872,903,762,886,784,851,826,833,790
N,892,875,906,764,886,783,851,827,828,789
N,892,873,907,762,885,784,850,826,835,790
N,894,871,906,763,886,782,851,828,828,790
N,892,873,907,765,885,782,850,828,830,790
N,892,875,907,765,887,783,852,828,829,791
N,895,872,906,764,886,782,852,826,828,789
N,901,872,906,761,885,783,851,829,832,790
N,894,873,906,765,885,783,852,829,830,792
N,896,875,906,763,887,783,850,826,826,789
N,895,874,906,763,885,784,852,826,832,791
N,897,873,906,763,885,783,851,828,834,790
N,895,873,905,764,885,783,851,827,829,789
N,894,872,906,762,886,784,851,827,833,789
N,896,875,905,762,884,783,852,827,829,791
N,894,873,905,763,884,783,851,825,831,791
N,895,871,906,763,885,785,850,824,831,791
N,895,872,907,764,885,784,849,827,832,790
N,894,874,905,764,886,782,852,827,826,788
N,892,874,906,765,886,784,850,829,825,788
N,894,874,907,763,887,784,851,827,825,791
N,892,872,905,763,886,783,850,828,828,792
N,890,872,905,763,885,784,851,827,830,790
N,899,873,905,763,887,784,850,827,830,789
N,895,873,905,764,886,782,851,827,831,792
N,896,872,906,763,885,782,853,826,832,788
N,892,872,907,763,885,783,851,827,833,790
N,893,874,905,764,887,784,850,826,829,792
N,892,874,907,762,887,783,849,828,831,790
N,893,874,907,763,885,784,851,827,830,791
N,892,873,906,764,885,784,851,827,831,790
N,892,873,906,764,885,782,851,827,827,788
N,897,873,906,763,887,783,851,828,829,787
N,893,873,907,763,886,783,851,828,831,791
N,896,875,907,763,886,785,852,829,829,789
N,895,871,908,766,882,782,850,826,830,790
N,897,875,907,764,887,782,851,827,831,790
N,894,869,906,762,887,783,850,829,832,790
N,895,871,906,762,887,784,851,825,830,791
N,895,872,906,763,885,783,849,826,831,792
N,897,872,906,763,884,784,850,828,827,791
N,894,872,907,764,885,784,850,828,832,791
N,896,873,906,764,885,783,851,829,833,788
N,895,875,907,763,884,784,850,826,827,790
N,897,872,907,763,885,784,851,828,827,790
N,892,875,906,762,886,784,850,828,830,791
N,896,874,907,763,886,784,851,826,832,791
N,895,871,906,763,886,783,852,827,832,790
N,893,873,907,761,885,782,850,828,830,790
N,895,871,906,763,886,783,852,828,832,790
N,891,874,906,764,885,783,852,827,826,789
N,893,871,907,763,886,783,851,828,830,789
N,895,872,907,765,884,783,852,827,825,789
N,895,874,907,764,885,784,850,827,833,789
N,896,873,907,763,885,782,851,827,827,790
N,895,871,907,763,884,783,851,826,834,790
N,893,873,906,763,886,784,850,828,833,790
N,892,871,908,763,885,783,849,825,830,791
N,897,873,906,762,884,784,850,827,827,791
N,893,872,905,764,885,783,850,827,829,790
N,895,870,905,763,885,783,852,827,830,789
N,894,871,906,762,885,783,851,828,831,790
N,891,871,906,763,887,783,852,828,831,790
N,892,871,906,762,885,784,850,827,831,789
N,892,874,906,764,884,784,851,827,833,790
N,894,872,907,764,886,784,852,831,828,789
N,897,870,906,765,884,784,850,828,831,791
N,891,874,907,763,885,783,852,828,831,790
N,891,876,906,762,885,784,851,825,828,790
N,892,874,906,764,884,783,851,828,829,791
N,892,873,905,761,884,783,851,825,827,793
N,897,875,905,763,884,783,851,828,831,791
N,895,874,907,762,886,784,852,828,833,789
N,892,873,906,763,884,784,851,827,829,792
N,893,871,906,764,885,783,850,829,828,790
N,897,872,906,762,886,784,852,828,829,790
N,891,874,905,763,886,783,852,826,828,790
N,891,874,907,764,884,783,850,826,828,790
N,895,871,905,765,884,784,850,827,832,789
N,895,871,907,764,886,784,851,827,822,792
N,892,874,907,763,883,783,850,826,827,790
N,896,873,906,763,884,783,852,828,830,792
N,896,871,906,763,884,784,852,828,831,792
N,893,873,905,763,886,785,850,828,835,791
N,892,874,906,763,884,783,850,828,830,792
N,894,873,907,764,884,785,851,829,827,791
N,891,871,907,764,884,784,849,828,831,791
N,894,873,905,764,886,784,852,826,826,791
N,891,873,907,765,886,784,851,829,827,790
N,893,874,907,764,885,784,849,828,832,790
N,894,874,906,762,884,783,851,827,830,791
N,893,874,906,763,885,784,851,827,826,791
N,891,872,906,760,888,785,852,827,824,792
N,896,873,907,762,886,783,851,828,831,791
N,894,871,905,765,888,784,850,827,830,790
N,893,874,906,764,885,784,850,829,827,791
N,894,873,907,762,885,782,850,826,831,789
N,894,874,906,763,886,783,849,828,825,791
N,894,872,906,764,886,784,850,829,837,789
N,894,872,906,762,885,783,850,830,833,790
N,896,872,906,763,886,784,850,827,831,790
N,893,874,907,762,884,784,849,828,830,791
N,893,873,906,761,885,783,851,829,831,791
N,890,873,906,763,886,782,851,830,831,789
N,893,873,907,763,886,783,852,828,829,791
N,894,873,907,763,884,783,850,827,831,791
N,891,870,906,763,885,784,851,827,829,789
N,893,871,908,765,884,783,852,826,830,790
N,893,872,907,764,885,783,851,827,830,790
N,894,871,906,763,884,784,850,828,829,791
N,897,872,906,762,885,784,852,826,831,792
N,896,872,907,764,885,784,849,828,826,789
N,895,874,907,763,887,783,851,829,833,788
N,892,874,906,763,885,783,850,829,826,788
N,895,873,906,764,884,784,851,826,830,792
N,893,869,908,763,886,784,850,828,828,791
N,895,872,906,764,883,784,850,829,832,790
N,900,872,907,765,882,784,850,827,832,791
N,891,872,906,766,886,784,851,823,828,790
N,894,872,906,764,885,784,850,829,830,790
N,889,874,906,764,884,784,851,829,833,791
N,891,874,906,764,884,783,851,830,826,792
N,890,875,905,764,882,784,851,825,826,792
N,891,874,907,764,885,783,851,825,832,792
N,891,872,904,767,886,782,849,827,828,791
N,891,875,907,763,883,784,850,829,826,792
N,895,871,904,762,884,782,850,827,828,789
N,895,870,907,764,884,784,850,828,826,790
N,894,872,907,764,884,783,850,826,827,791
N,898,867,908,762,885,784,851,826,826,788
N,895,872,906,761,884,784,850,827,830,790
N,894,870,906,764,885,783,849,829,827,791
N,891,874,906,763,886,783,851,827,828,791
N,897,874,907,763,885,783,851,828,829,791
N,891,872,906,764,884,784,850,828,830,790
N,891,874,905,762,886,783,849,829,835,793
N,895,872,906,763,886,783,849,827,830,791
N,894,874,906,763,883,783,851,826,832,789
N,893,873,906,763,885,784,849,827,830,791
N,893,872,905,760,886,783,851,826,828,791
N,894,872,907,763,884,785,850,829,825,791
N,896,872,906,767,885,784,849,829,830,790
N,894,872,906,763,884,783,850,828,829,792
N,886,872,904,759,885,783,852,828,830,789
N,894,874,906,762,886,783,852,826,827,790
N,894,872,905,763,884,782,848,828,831,790
N,893,872,906,762,886,784,851,828,827,790
N,890,872,905,763,886,782,851,827,826,789
N,891,873,905,764,885,784,850,828,830,790
N,894,873,907,763,885,783,850,827,831,790
N,891,872,907,766,884,782,850,826,825,790
N,891,871,906,763,883,783,851,828,830,789
N,890,875,905,762,886,782,850,828,826,790
N,890,874,905,762,886,784,850,829,831,789
N,893,872,906,762,884,783,849,828,828,790
N,894,874,906,762,887,783,852,828,829,790
N,890,871,905,764,884,784,852,829,832,790
N,895,874,905,764,886,784,850,828,825,791
N,891,873,906,762,886,784,850,826,832,791
N,891,872,907,763,884,784,851,827,830,791
N,894,873,906,762,885,785,851,826,833,793
N,895,872,906,764,886,784,851,828,830,791
N,894,872,906,763,886,783,851,827,830,791
N,892,871,906,763,883,782,851,828,829,791
N,893,873,907,762,885,783,850,827,826,789
N,891,872,907,764,885,784,851,828,828,791
N,892,874,907,764,886,785,851,829,831,790
N,890,871,906,764,885,783,851,829,827,790
N,895,873,906,762,884,784,850,827,830,791
N,893,874,906,764,884,783,851,829,828,790
N,895,872,906,765,887,783,850,827,833,790
N,893,872,907,763,883,785,850,828,825,789
N,897,873,907,764,887,782,852,826,831,791
N,891,875,906,763,886,784,852,829,826,789
N,891,873,906,763,886,783,852,828,826,791
N,892,873,906,763,885,783,850,827,830,788
N,892,874,905,763,884,784,853,826,830,790
N,893,872,907,763,885,784,851,829,830,791
N,893,872,906,764,884,782,850,829,829,788
N,894,874,906,761,882,781,850,831,826,788
N,891,870,905,762,886,783,850,828,826,789
N,895,872,906,764,885,783,852,827,832,790
N,895,874,906,762,886,783,851,829,826,790
N,892,873,907,764,886,784,850,828,831,793
N,888,878,907,765,886,784,851,828,828,791
N,894,873,906,764,884,782,851,827,829,790
N,889,871,906,763,884,785,849,825,829,791
N,892,873,906,764,886,785,851,828,827,789
N,896,876,908,766,882,784,851,828,827,791
N,890,872,906,762,886,782,850,829,825,788
