R,946,857,832,775,806,783,893,815,879,798
R,945,856,831,774,806,783,893,814,879,796
R,947,856,831,774,807,783,892,815,879,797
R,945,858,831,774,807,783,893,814,879,798
R,947,857,831,774,806,783,892,815,879,798
R,947,856,831,774,807,782,893,815,879,798
R,946,856,831,775,807,783,892,815,879,798
R,945,856,831,775,808,782,893,816,879,798
R,947,857,831,776,807,783,892,816,880,799
R,945,857,831,775,808,783,891,821,881,801
R,944,858,831,776,813,783,892,825,879,800
R,947,856,832,776,812,783,891,828,884,801
R,945,855,832,776,808,783,891,827,880,803
R,945,856,833,779,808,784,890,828,881,804
R,945,855,832,777,808,783,889,830,880,806
R,944,855,831,778,810,784,890,833,880,808
R,937,856,831,777,810,783,889,832,879,808
R,946,857,832,778,809,785,889,835,880,808
R,943,854,830,779,809,784,888,836,882,807
R,945,858,831,778,806,785,887,834,878,809
R,945,855,832,779,809,783,885,838,882,809
R,948,857,834,779,806,784,882,841,893,808
R,946,858,833,779,805,784,881,843,897,807
R,948,858,834,777,804,785,879,846,901,806
R,952,857,832,778,803,784,880,845,906,806
R,946,859,833,777,804,784,878,845,909,804
R,947,860,833,776,805,784,879,846,908,804
R,949,859,833,774,810,784,880,846,905,805
R,953,856,832,774,801,784,882,846,902,804
R,950,860,834,776,800,784,882,846,903,804
R,952,858,833,773,806,783,883,845,903,804
R,954,857,834,773,804,784,884,845,896,801
R,953,859,832,773,811,783,885,844,894,802
R,950,859,832,773,801,785,887,844,890,801
R,953,857,833,772,801,786,889,843,889,802
R,951,857,831,773,802,785,890,842,887,800
R,954,858,832,773,801,784,891,843,886,799
R,957,858,832,773,805,785,892,842,883,798
R,955,858,833,772,804,784,895,841,883,798
R,957,858,834,773,804,785,895,841,882,798
R,957,858,831,771,802,786,896,841,883,798
R,957,858,833,771,802,786,897,840,880,798
R,950,859,831,772,802,786,897,840,882,799
R,958,860,833,772,801,786,899,840,885,799
R,952,856,832,772,800,786,901,840,884,798
R,958,860,832,773,802,784,900,840,884,797
R,956,858,832,772,801,785,902,838,883,798
R,955,860,832,772,802,786,900,838,884,796
R,955,857,833,772,801,783,901,840,883,798
R,957,859,832,774,802,785,901,838,885,797
R,957,860,833,774,809,785,901,840,885,797
R,956,860,833,774,798,785,904,838,890,798
R,955,857,834,775,798,784,905,835,891,795
R,954,858,834,775,797,784,907,834,892,796
R,953,860,833,776,809,785,909,830,902,796
R,948,859,834,776,806,783,909,831,902,795
R,951,858,832,775,800,783,909,827,904,796
R,952,860,833,775,801,784,909,829,905,797
R,945,859,833,773,802,784,911,826,907,797
R,948,860,832,774,801,783,909,824,906,798
R,945,858,833,773,800,784,911,823,905,796
R,948,859,833,773,802,783,911,823,905,796
R,949,860,832,775,801,784,909,822,907,797
R,946,858,833,773,802,784,910,824,905,796
R,947,858,832,774,806,783,910,821,905,797
R,947,859,834,772,808,782,911,823,905,796
R,950,861,833,772,807,782,909,819,904,796
R,950,861,833,772,812,783,911,819,902,795
R,950,859,834,771,807,784,913,822,905,795
R,950,862,834,771,808,783,915,819,903,797
R,948,861,834,773,808,782,914,818,904,795
R,949,862,833,771,802,783,915,819,903,796
R,948,859,832,771,807,783,915,818,904,796
R,950,862,832,773,806,782,916,817,905,797
R,948,863,832,771,808,781,914,822,903,798
R,951,863,832,773,807,780,916,820,903,796
R,949,863,833,773,804,782,915,819,903,796
R,949,863,833,772,805,782,915,817,904,797
R,951,860,831,772,803,783,916,820,904,796
R,949,863,831,772,806,782,915,817,904,796
R,948,862,831,773,805,782,916,817,903,796
R,947,862,831,771,803,780,913,817,902,796
R,947,859,831,771,803,782,915,818,903,795
R,946,861,832,771,804,782,913,817,903,795
R,948,863,833,772,802,781,913,818,902,792
R,947,861,832,773,803,782,914,816,903,795
R,951,861,831,770,803,781,914,819,904,796
R,951,863,833,771,803,782,913,820,904,796
R,951,862,832,773,807,782,915,819,903,794
R,947,864,832,771,812,781,915,819,904,796
R,952,862,832,772,808,781,914,821,904,795
R,950,863,831,772,806,781,914,820,902,795
R,948,862,831,770,807,782,914,821,904,795
R,944,861,832,771,803,781,913,817,900,794
R,949,861,832,771,802,781,912,818,901,796
R,953,861,831,770,801,783,913,819,902,796
R,950,863,831,772,801,781,913,818,904,795
R,950,862,831,773,801,779,915,817,900,795
R,947,862,831,771,801,782,914,817,904,795
R,947,862,832,771,802,781,914,817,901,796
R,945,860,831,771,800,780,912,817,901,796
R,951,860,833,770,802,782,913,820,902,794
R,949,862,832,772,803,781,914,820,901,796
R,947,861,832,770,803,781,911,819,900,794
R,948,861,831,771,805,781,913,820,903,795
R,947,861,831,771,803,781,911,818,901,795
R,947,860,832,771,808,782,912,818,903,795
R,950,861,831,771,806,782,912,820,902,795
R,942,861,832,771,807,781,912,822,902,795
R,950,862,832,772,808,781,911,820,902,796
R,948,862,832,771,806,781,912,820,900,796
R,945,861,832,770,804,780,911,822,900,794
R,946,861,832,771,805,782,913,818,901,796
R,948,861,831,771,804,781,911,818,901,796
R,949,858,830,772,806,782,912,820,902,796
R,950,862,833,772,804,782,911,820,900,796
R,945,862,832,771,805,781,911,819,900,796
R,945,863,833,772,805,781,912,820,899,796
R,949,858,832,772,804,781,913,822,900,796
R,948,860,831,773,805,781,911,822,899,795
R,945,860,831,771,807,781,913,823,899,795
R,945,858,833,771,807,781,911,822,902,794
R,947,861,832,772,808,781,911,820,901,795
R,947,862,831,772,808,782,909,819,901,795
R,948,861,831,771,810,783,911,823,902,797
R,944,862,832,771,807,781,911,820,900,796
R,949,861,831,772,806,781,911,819,901,796
R,947,862,832,773,804,781,911,822,902,796
R,950,859,832,772,803,782,910,823,903,795
R,948,861,830,772,803,781,912,822,901,795
R,950,859,830,771,803,782,910,820,900,795
R,944,861,831,773,808,781,911,821,901,795
R,946,861,832,770,806,781,911,819,900,796
R,951,863,830,772,808,780,911,820,902,794
R,947,862,831,773,807,782,911,820,897,796
R,947,860,832,771,806,779,911,820,902,795
R,946,861,831,773,811,782,910,821,900,793
R,947,860,831,772,807,781,911,820,901,795
R,949,862,831,772,809,781,912,821,900,796
R,946,861,831,773,804,780,911,819,899,795
R,943,861,832,773,803,781,911,819,901,796
R,940,857,832,773,802,781,909,820,900,794
R,949,863,832,772,804,781,911,820,899,795
R,949,862,833,773,804,781,909,820,901,794
R,946,862,830,772,804,781,909,820,899,795
R,945,862,832,772,804,781,911,818,901,794
R,945,860,832,772,805,781,912,818,902,796
R,948,861,831,772,803,781,911,818,901,794
R,948,860,832,772,804,781,910,821,898,796
R,948,859,832,773,803,781,910,819,899,796
R,944,861,832,773,804,782,909,821,899,794
R,951,859,832,772,805,782,911,819,898,795
R,949,861,832,773,804,781,910,818,899,794
R,950,861,832,773,805,781,910,820,900,796
R,948,860,831,772,804,781,910,819,900,795
R,946,860,832,773,804,782,910,819,901,795
R,949,860,832,773,804,781,909,819,901,795
R,950,863,831,772,804,781,910,820,901,794
R,945,861,831,773,805,782,910,821,898,795
R,946,863,833,774,805,780,909,821,899,795
R,946,861,832,774,804,782,909,820,900,794
R,945,860,832,773,804,782,909,819,901,794
R,944,861,832,773,806,781,910,819,898,794
R,947,862,831,773,804,781,909,820,897,793
R,949,861,832,774,805,782,909,819,900,795
R,950,862,832,774,805,781,910,819,899,795
R,949,861,831,775,804,781,908,818,898,793
R,948,860,832,774,805,781,909,819,904,794
R,948,861,832,775,804,782,908,820,901,797
R,947,859,831,774,804,782,909,820,900,795
R,949,860,833,773,806,781,908,819,899,795
R,945,859,832,774,805,781,909,819,901,794
R,947,860,832,773,805,783,909,819,900,794
R,948,860,832,773,804,782,908,819,899,793
R,947,861,833,772,804,781,911,819,899,795
R,949,860,832,775,805,782,909,818,899,795
R,945,861,833,773,805,782,907,818,899,794
R,954,862,833,773,803,780,908,818,900,794
R,949,861,832,774,805,782,909,818,899,795
R,949,860,832,773,805,781,909,820,899,796
R,948,861,833,773,805,782,909,817,899,795
R,948,862,831,773,806,782,908,819,899,795
R,948,859,832,774,805,781,907,818,900,795
R,947,859,833,773,805,782,907,820,899,795
R,948,859,831,775,807,781,907,819,900,794
R,947,859,833,775,806,782,908,817,900,795
R,946,861,831,773,804,782,908,816,899,795
R,948,860,832,774,807,782,907,820,899,796
R,947,859,831,774,806,781,909,820,900,793
R,947,860,832,774,805,781,909,818,899,794
R,949,860,832,775,805,781,909,819,899,794
R,950,859,832,774,805,781,909,822,898,793
R,944,860,832,774,805,782,909,815,902,797
R,944,861,832,773,807,781,908,819,900,795
R,946,860,832,775,807,781,907,819,899,795
R,947,859,833,773,808,781,908,816,896,795
R,944,857,833,775,809,782,908,819,900,794
R,948,860,832,773,809,781,908,820,898,793
R,953,859,833,776,809,781,908,818,898,795
R,946,860,833,774,810,782,908,818,900,795
R,949,861,833,775,811,782,908,819,902,797
R,952,862,831,777,809,783,907,820,898,794
R,948,860,832,775,808,782,908,820,899,794
R,949,860,833,775,806,781,908,820,898,794
R,948,860,832,776,805,780,909,821,899,794
R,940,858,832,777,805,782,907,818,900,794
R,947,861,832,776,806,782,908,821,900,793
R,950,859,832,775,806,783,908,819,902,794
R,949,860,832,775,805,782,908,819,901,793
R,948,859,831,775,803,781,909,824,901,794
R,949,860,830,775,804,783,909,824,904,796
R,948,861,830,774,805,781,910,826,905,795
R,953,859,830,773,804,782,909,827,901,795
R,951,860,830,773,804,782,908,828,903,795
R,957,862,829,772,803,782,908,827,902,796
R,950,859,830,772,802,782,910,827,901,794
R,952,860,828,772,802,784,909,826,904,795
R,948,860,828,772,802,781,911,825,904,796
R,952,860,829,772,804,781,908,826,902,794
R,950,859,827,771,803,780,910,824,902,794
R,951,860,830,773,804,781,910,823,902,795
R,944,859,828,772,803,781,909,821,903,794
R,951,861,828,772,804,781,911,822,901,795
R,949,860,829,772,803,781,909,820,901,793
R,950,861,829,771,805,781,909,818,901,793
R,948,861,830,772,804,781,909,820,901,793
R,943,862,829,772,804,781,909,818,899,792
R,948,860,830,773,804,781,909,818,899,793
R,946,860,830,771,804,781,909,818,899,793
R,951,861,829,774,805,781,908,819,901,794
R,948,860,829,773,805,782,908,817,898,793
R,943,857,830,773,804,780,907,818,902,794
R,946,861,828,773,804,782,908,816,900,793
R,947,861,830,774,805,782,907,818,899,796
R,950,860,830,774,805,781,908,817,901,794
R,946,859,831,773,807,781,908,820,900,794
R,947,859,830,774,805,781,906,818,902,793
R,950,859,829,773,805,781,908,818,900,794
R,947,861,830,773,806,781,908,818,899,793
R,946,858,830,775,807,780,907,819,899,793
R,948,860,829,774,807,781,907,817,901,793
R,946,859,830,776,807,782,908,817,900,794
R,948,858,830,773,807,781,907,817,897,793
R,946,860,830,774,806,781,906,816,898,793
R,950,861,828,774,806,782,908,817,900,794
R,949,861,831,774,807,781,908,818,900,794
R,946,861,830,773,807,780,906,817,900,794
R,945,860,831,774,806,781,907,819,899,793
R,941,860,828,773,806,781,908,818,899,793
R,949,860,830,774,807,782,908,818,900,793
R,946,861,829,774,805,781,906,818,901,793
R,947,861,830,774,807,782,907,819,897,794
R,944,861,830,775,806,781,907,818,900,792
R,944,860,830,774,811,782,908,816,897,791
R,946,860,830,776,813,782,907,819,900,793
R,948,859,829,775,814,780,908,817,896,794
R,945,858,831,773,811,779,907,819,899,793
R,949,859,829,774,807,781,907,818,897,794
R,948,858,830,774,807,781,905,817,898,794
R,946,860,830,775,807,781,908,817,898,792
R,950,859,831,775,807,781,906,818,897,792
R,945,859,830,774,806,781,906,818,901,792
R,948,860,830,774,806,782,906,818,899,793
R,941,859,830,775,811,781,906,817,900,792
R,947,860,831,774,810,782,906,819,898,791
R,947,858,832,774,807,782,907,819,897,792
R,949,859,830,776,810,782,907,818,900,793
R,947,858,830,775,809,782,906,817,899,793
R,948,860,828,775,810,782,907,819,900,792
R,947,859,831,775,809,781,906,817,896,794
R,948,859,831,774,807,782,906,816,896,793
R,945,860,830,775,807,781,904,817,898,793
R,950,861,829,775,807,781,906,817,898,794
R,944,858,829,776,807,781,906,818,899,792
R,947,861,830,775,809,781,905,818,899,794
R,948,860,831,773,807,780,904,816,899,792
R,946,858,831,775,811,779,907,818,900,792
R,951,861,829,774,814,782,906,816,899,794
R,946,859,830,776,812,782,905,817,900,793
R,948,860,830,776,813,782,906,817,898,792
R,947,858,830,776,810,780,906,818,897,793
R,947,859,831,776,811,781,907,816,897,792
R,950,859,832,777,812,781,907,817,900,792
R,946,859,830,776,812,782,907,818,899,792
R,949,858,830,775,811,781,907,818,899,792
R,947,861,831,777,813,782,907,818,898,794
R,942,859,835,780,815,781,905,815,896,793
R,948,861,832,776,813,782,906,815,899,793
R,947,859,830,776,815,781,905,816,900,792
R,946,858,832,775,814,782,907,820,897,791
R,946,859,832,776,810,782,907,816,899,793
R,947,860,832,775,812,782,905,815,899,794
R,944,860,830,775,812,780,906,816,896,793
R,950,861,831,775,815,781,905,818,897,794
R,949,859,829,773,815,783,905,816,898,793
R,944,857,831,775,812,782,905,818,896,793
R,945,858,831,776,813,782,906,817,897,792
R,946,858,831,777,811,781,906,816,897,793
R,947,860,831,778,811,782,906,821,900,793
R,946,861,831,775,809,782,906,814,900,790
R,948,858,832,776,809,781,906,816,898,792
R,950,860,832,776,810,783,905,819,897,793
R,945,858,832,776,810,782,904,817,896,793
R,949,859,832,775,810,782,907,818,900,793
R,946,859,831,775,811,782,905,817,899,794
R,946,860,831,775,808,781,907,816,896,792
R,946,858,831,775,809,780,907,817,900,793
R,943,859,831,777,809,782,906,817,898,792
R,949,860,832,776,811,781,906,815,898,792
R,949,861,832,775,808,781,905,817,897,793
R,946,861,831,776,810,783,906,817,897,793
R,946,858,831,776,808,782,905,815,896,793
R,943,858,831,776,809,782,905,816,900,790
R,948,860,831,777,807,782,905,816,896,793
R,944,858,831,773,809,782,905,816,900,791
R,949,860,829,774,807,781,905,816,897,793
R,945,858,831,777,808,782,906,818,897,793
R,948,860,832,776,808,782,905,817,898,792
R,945,859,831,775,808,781,906,817,898,793
R,944,861,832,775,808,782,905,816,899,791
R,945,860,831,775,808,782,906,817,899,793
R,945,860,831,777,808,781,906,816,897,793
R,943,858,833,775,806,779,906,815,899,792
R,948,859,832,776,807,782,905,816,897,793
R,947,859,833,776,809,780,905,816,897,792
R,944,860,833,775,809,781,906,818,899,793
R,949,859,830,777,808,783,906,816,899,793
R,951,859,832,775,809,781,905,816,898,791
R,945,859,832,776,810,782,905,818,897,791
R,945,861,832,776,808,782,906,818,898,793
R,947,860,832,774,809,782,904,817,897,791
R,945,857,832,776,810,782,906,815,900,793
R,949,859,832,777,810,781,904,817,899,793
R,944,858,832,776,810,782,905,815,899,792
R,953,857,833,774,810,782,906,818,897,791
R,944,858,831,777,807,782,906,818,899,792
R,947,858,832,778,809,781,903,815,895,792
R,947,860,832,776,809,781,908,815,896,793
R,945,862,832,777,808,781,906,816,897,793
R,948,859,832,776,808,781,906,815,899,792
R,944,857,832,776,807,781,905,817,899,792
R,949,860,831,776,807,782,906,816,897,793
R,947,861,831,776,806,782,905,818,898,791
R,953,860,831,774,807,782,906,816,899,793
R,948,858,831,776,807,782,908,819,898,791
R,948,861,832,776,808,780,908,816,896,792
R,945,858,831,776,807,782,907,817,899,792
R,946,860,832,776,808,780,907,817,900,791
R,948,858,830,773,809,783,907,818,900,793
R,946,857,832,774,809,781,907,816,898,792
R,946,859,832,775,811,782,910,816,900,792
R,945,860,831,773,810,782,908,814,899,791
R,944,862,833,775,812,781,908,816,899,793
R,942,861,832,775,814,782,909,812,898,791
R,945,860,832,774,817,781,908,814,900,792
R,946,859,831,775,820,781,907,814,900,791
R,948,857,832,774,819,781,908,811,899,793
R,945,859,830,775,818,781,908,811,900,792
R,946,860,828,774,824,780,907,812,901,792
R,942,859,829,776,820,781,908,811,899,793
R,944,859,830,775,818,781,907,813,900,793
R,951,861,830,775,817,780,906,811,898,790
R,943,858,829,773,818,780,907,810,901,792
R,943,859,831,775,818,781,906,808,895,793
R,946,858,830,776,818,781,906,810,899,791
R,946,859,830,774,816,781,907,810,898,793
R,945,857,829,774,817,780,905,811,896,791
R,943,858,831,774,816,780,907,812,898,791
R,944,857,830,775,819,780,906,813,895,792
R,944,860,831,776,818,781,906,811,898,790
R,945,860,828,774,817,780,907,813,899,792
R,948,858,830,776,818,780,906,811,897,792
R,946,858,831,775,819,781,906,814,899,790
R,944,858,831,776,827,781,906,811,896,791
R,946,859,827,775,826,782,904,810,898,792
R,943,860,830,777,823,780,906,812,898,792
R,944,859,830,779,818,781,907,809,897,791
R,943,859,830,781,818,781,906,811,896,790
R,948,860,829,782,819,780,905,811,897,792
R,946,857,830,786,825,781,905,814,897,792
R,948,859,831,784,822,782,904,812,898,792
R,944,859,830,784,816,780,903,811,897,792
R,947,860,830,783,813,782,903,813,898,791
R,945,859,829,784,815,782,905,814,897,792
R,946,860,831,782,815,781,903,811,896,791
R,946,857,830,780,816,781,905,814,895,792
R,947,858,830,781,814,781,904,812,897,792
R,944,859,829,780,815,782,902,812,895,790
R,943,860,830,779,814,781,903,813,895,792
R,947,859,829,779,813,781,903,812,896,791
R,946,858,831,780,816,783,905,811,895,793
R,943,857,830,780,814,781,904,813,898,791
R,943,859,829,779,814,781,904,812,896,791
R,945,857,829,777,813,781,904,813,894,791
R,947,858,830,777,812,782,903,813,895,792
R,942,857,830,779,815,783,903,812,896,790
R,944,861,832,779,814,781,904,813,893,792
R,944,859,830,778,815,781,904,813,896,791
R,945,859,831,779,814,782,903,813,896,790
R,949,860,830,777,813,780,901,812,896,790
R,946,859,829,778,813,781,902,814,897,793
R,945,858,830,778,814,782,903,812,896,791
R,947,857,830,779,816,782,903,812,897,790
R,942,860,830,780,813,782,903,809,896,791
R,947,859,830,777,815,783,905,809,894,791
R,941,858,829,777,816,781,902,812,895,790
R,948,860,831,777,813,782,902,813,895,791
R,946,859,830,777,815,782,902,812,893,791
R,945,859,830,776,814,782,904,815,898,789
R,941,860,829,778,815,781,903,812,895,789
R,943,858,830,776,813,782,902,811,896,789
R,947,857,829,778,814,781,902,811,894,792
R,944,859,830,776,813,781,901,810,896,792
R,944,858,831,777,814,782,902,812,895,790
R,942,857,830,778,812,782,900,811,896,790
R,946,859,829,777,815,781,900,811,895,790
R,944,857,831,778,814,781,901,811,895,789
R,945,858,830,777,817,781,902,812,892,791
R,942,858,831,778,817,782,900,809,893,790
R,943,856,831,778,815,781,902,813,895,789
R,944,859,830,777,817,781,903,811,894,790
R,941,857,830,778,817,782,901,814,895,789
R,946,859,831,778,818,782,900,813,893,791
R,941,857,831,778,816,782,902,811,894,791
R,941,860,831,778,817,781,900,811,895,789
R,941,861,830,777,814,782,902,812,895,790
R,943,859,831,776,816,781,903,814,893,789
R,945,857,830,778,815,782,902,812,895,790
R,946,858,831,776,816,783,901,811,892,791
R,942,856,831,776,815,782,902,810,893,791
R,940,859,830,778,816,781,899,811,895,790
R,944,860,829,777,815,781,901,812,894,789
R,944,858,831,778,815,781,901,812,894,790
R,944,861,830,776,815,782,901,811,894,789
R,943,855,831,777,815,782,902,811,895,789
R,942,858,830,778,815,780,902,812,893,789
R,941,858,830,776,816,781,902,813,894,790
R,942,856,830,775,814,783,899,811,893,789
R,944,858,831,775,814,781,900,811,893,791
R,941,860,830,777,815,781,900,812,892,791
R,944,859,830,776,814,782,901,812,893,791
R,940,856,830,777,814,782,901,812,895,789
R,946,858,830,777,814,781,900,812,894,789
R,943,858,831,777,813,781,901,813,894,790
R,945,859,831,775,811,783,900,811,893,791
R,941,859,831,776,814,781,902,811,893,791
R,946,858,831,776,815,781,902,812,893,789
R,943,859,831,777,815,781,902,811,894,790
R,943,859,831,776,813,782,901,812,894,791
R,945,857,832,777,814,782,901,813,894,790
R,945,859,830,777,814,782,901,813,893,790
R,942,859,831,776,814,781,901,812,893,790
R,943,859,829,774,815,781,903,811,893,789
R,940,857,830,775,815,780,901,811,893,788
R,942,858,831,776,814,781,902,813,893,790
R,941,857,830,777,814,782,900,811,891,788
R,940,856,830,775,818,782,899,810,893,789
R,940,858,831,777,820,782,901,813,892,790
R,945,856,832,777,817,782,902,810,894,790
R,939,858,831,776,815,781,900,811,893,789
R,940,856,831,776,818,782,901,810,894,788
R,946,857,829,777,817,780,900,809,894,789
R,940,857,830,776,817,781,901,811,893,789
R,941,858,830,777,816,782,900,813,893,789
R,943,858,830,776,815,781,902,813,893,789
R,942,858,831,778,818,782,900,811,892,789
R,944,860,832,777,815,782,900,813,894,791
R,942,858,831,775,815,782,900,812,894,791
R,941,860,831,777,814,780,900,812,892,789
R,941,856,831,776,815,781,900,813,893,790
R,948,860,832,776,814,782,901,812,894,790
R,945,859,830,777,813,782,901,811,894,789
R,945,860,830,777,814,781,901,811,892,788
R,940,860,830,776,814,781,901,810,892,788
R,944,857,831,776,813,781,901,812,895,789
R,941,857,832,776,813,782,900,814,893,790
R,942,858,832,777,815,782,902,810,893,790
R,939,855,830,774,814,779,902,811,892,791
R,944,859,831,777,813,782,900,811,893,790
R,944,859,831,777,814,782,898,810,893,789
R,946,857,830,775,814,781,898,813,892,790
R,943,858,831,777,815,781,900,812,893,789
R,948,857,831,776,811,781,901,810,894,791
R,943,855,831,779,811,781,900,811,894,790
R,943,858,830,777,815,781,901,811,892,790
R,943,860,830,778,813,781,902,811,894,789
R,944,859,831,777,814,781,901,811,891,790
R,943,858,830,777,815,781,900,812,892,791
R,941,858,831,776,813,780,900,809,895,791
R,943,858,831,777,814,782,901,812,895,787
R,941,859,831,777,814,779,900,810,895,789
R,944,859,832,776,814,782,899,813,893,789
R,942,858,832,776,814,781,902,811,892,788
R,944,857,831,775,814,782,900,812,893,789
R,941,857,830,776,814,781,899,813,890,790
R,942,860,830,778,814,780,901,810,892,790
R,944,857,831,777,815,781,899,811,894,789
R,942,856,831,776,816,781,901,811,894,790
R,940,859,831,778,814,782,899,810,895,789
R,942,860,830,776,814,781,900,813,892,790
R,941,857,830,776,814,781,900,811,893,789
R,943,856,831,775,813,781,900,810,892,788
R,944,857,831,777,816,780,898,810,895,791
R,939,858,831,775,814,781,900,811,891,791
R,943,857,832,776,817,780,900,811,893,790
R,944,859,833,775,813,780,902,812,894,789
R,942,858,832,776,815,781,900,813,894,790
R,941,856,831,777,817,781,900,811,893,789
R,940,856,831,777,818,781,900,812,893,789
R,941,858,831,777,818,781,900,811,892,790
R,942,856,831,776,816,781,899,811,892,789
R,944,857,831,776,822,783,902,813,895,790
R,946,858,831,776,818,782,900,810,892,789
R,941,859,830,778,818,782,900,810,893,790
R,945,858,831,776,818,782,901,811,891,790
R,944,858,834,777,815,781,900,812,893,789
R,941,857,832,776,816,782,900,814,893,788
R,942,858,831,776,817,782,900,808,894,788
R,947,857,831,777,816,782,900,811,893,789
R,943,858,831,777,816,781,901,811,893,788
R,944,859,831,776,817,781,900,812,892,790
R,941,859,831,778,817,781,900,812,893,790
R,946,857,828,776,815,781,901,811,893,790
R,944,857,831,777,815,782,901,812,891,790
R,945,856,832,778,817,781,902,812,894,789
R,945,859,832,777,815,782,898,812,894,791
R,945,856,832,776,816,781,900,810,893,790
R,944,859,830,777,816,781,900,809,892,789
R,942,857,832,775,814,781,902,810,894,789
R,941,857,831,776,816,782,897,808,891,791
R,944,859,831,776,815,781,900,811,893,789
R,948,861,831,777,815,782,900,811,893,789
R,944,858,832,777,816,781,899,813,893,789
R,943,858,832,778,815,781,900,811,893,790
R,943,858,832,777,816,781,900,812,893,789
R,944,856,831,777,816,782,900,811,892,789
R,945,857,831,777,815,780,899,810,893,790
R,946,858,831,778,815,782,901,812,892,789
R,944,857,830,777,816,781,901,809,894,789
R,945,858,831,776,815,782,901,810,895,789
R,941,858,831,777,815,782,900,810,893,788
R,942,857,830,776,816,783,902,814,893,792
R,947,858,830,775,815,781,901,810,894,788
R,942,858,831,776,815,781,901,810,892,790
R,947,856,831,776,816,782,900,812,891,790
R,942,858,832,775,816,782,902,813,892,789
R,941,856,832,775,816,781,900,810,893,790
R,939,857,831,776,816,781,902,811,893,790
R,948,858,831,777,815,781,900,812,892,789
R,943,857,831,776,815,781,899,810,894,788
R,944,858,832,776,816,782,898,810,894,788
R,941,858,831,777,816,781,900,810,892,791
R,939,857,832,777,816,781,900,811,892,789
R,942,857,831,776,813,780,900,811,894,788
R,945,857,832,777,816,781,900,809,893,790
R,944,856,831,777,815,782,899,810,895,788
R,941,857,832,776,816,782,900,811,894,789
R,936,853,831,777,816,782,900,812,893,789
R,944,859,832,778,817,780,900,810,893,789
R,940,858,832,776,815,781,900,809,893,790
R,946,858,832,776,815,781,901,812,893,788
R,942,858,832,778,816,782,900,811,893,790
R,944,858,831,775,817,780,901,810,892,789
R,944,859,831,776,816,782,899,809,893,788
R,945,858,831,777,815,781,901,809,895,789
R,946,856,832,777,816,781,898,811,894,788
R,944,857,832,776,815,781,900,811,891,789
R,945,858,830,777,814,781,901,812,895,789
R,945,858,832,777,816,781,899,811,891,788
R,940,860,832,775,814,781,900,812,894,789
R,945,856,831,776,817,782,900,811,895,788
R,947,859,831,776,815,781,900,808,893,789
R,944,858,832,776,816,782,899,810,893,790
R,942,857,831,776,815,781,901,811,893,789
R,942,857,832,777,815,781,900,810,893,789
R,940,858,832,777,816,782,900,811,892,788
R,940,857,832,776,815,780,900,811,893,789
R,942,860,832,776,815,781,900,810,892,788
R,941,857,830,777,815,782,900,810,893,789
R,942,857,831,776,815,781,899,808,895,788
R,940,858,830,776,816,781,899,809,894,787
R,944,856,831,775,816,782,900,810,894,788
R,945,858,832,776,815,780,899,809,891,789
R,943,857,830,775,816,781,899,811,891,787
R,939,857,830,775,816,781,900,810,894,789
R,939,857,831,775,814,780,899,812,893,789
R,940,857,832,777,814,782,899,810,894,788
R,942,859,831,776,816,780,900,809,892,789
R,944,857,832,777,815,781,899,809,894,787
R,940,857,831,776,815,781,899,810,892,789
R,941,860,830,776,814,781,901,813,893,788
R,943,856,832,775,814,781,899,811,893,788
R,943,856,831,776,816,780,899,808,895,789
R,942,857,831,776,816,780,900,809,891,788
R,941,857,832,775,816,781,899,808,893,790
R,944,857,831,775,815,781,899,804,890,787
R,939,856,831,775,816,781,899,811,892,788
R,939,855,831,775,814,781,898,811,894,789
R,940,859,830,775,814,779,899,810,892,788
R,943,858,831,775,816,781,898,808,892,787
R,940,860,831,775,817,782,899,810,894,789
R,940,858,830,775,814,782,899,810,893,788
R,942,858,832,776,815,781,900,810,895,788
R,947,858,832,776,814,782,899,810,892,788
R,939,857,832,776,814,781,900,810,891,789
R,943,857,830,777,815,782,901,809,893,789
R,945,858,832,777,816,780,899,808,891,789
R,939,860,829,774,815,781,900,809,893,787
R,940,858,831,775,816,781,900,809,892,788
R,942,856,831,776,815,781,898,810,892,790
R,940,859,831,776,815,781,898,810,893,788
R,940,856,832,777,815,781,898,808,892,789
R,939,859,832,776,816,781,898,811,893,789
R,944,857,832,776,815,782,900,808,893,788
R,943,856,831,778,818,783,899,810,893,789
R,942,858,830,777,816,780,897,810,895,788
R,945,858,832,776,815,780,897,811,892,787
R,942,854,831,776,813,781,902,811,893,788
R,941,859,830,777,816,781,900,811,892,788
R,943,858,831,776,813,780,897,810,893,788
R,940,858,831,775,816,782,900,809,894,787
R,941,857,830,777,816,782,898,810,895,789
R,943,856,830,777,815,782,899,809,891,789
R,945,857,832,778,815,782,898,808,894,789
R,939,859,830,778,816,781,898,809,893,788
R,945,856,830,777,814,781,898,810,894,787
R,939,857,831,775,816,780,898,809,892,786
R,944,856,830,778,813,782,899,810,895,789
R,940,857,831,776,816,781,900,810,893,788
R,943,858,830,776,816,782,899,810,892,788
R,943,857,831,776,816,782,898,809,892,789
R,942,858,829,776,815,781,900,809,892,789
R,941,856,831,777,816,782,898,811,892,788
R,942,857,831,777,814,781,898,809,892,790
R,944,857,831,776,814,780,897,809,894,789
R,943,858,830,776,814,780,898,809,891,789
R,941,856,831,776,814,781,900,811,892,788
R,943,857,831,776,815,781,897,809,894,788
R,942,856,830,776,814,780,900,810,891,789
R,940,858,830,775,814,780,898,808,894,788
R,943,858,830,777,815,781,898,810,892,788
R,940,857,831,777,814,781,900,811,892,789
R,943,858,830,777,817,782,899,811,894,789
R,939,858,830,777,816,781,899,809,892,787
R,941,857,831,778,815,782,900,809,892,789
R,941,857,832,776,816,781,900,809,892,787
R,938,856,832,778,816,782,900,811,892,788
R,942,857,831,777,818,782,900,811,893,788
R,942,857,831,778,817,782,899,809,894,788
R,940,858,831,777,816,781,899,810,892,788
R,942,859,830,777,817,781,899,807,895,787
R,940,858,830,778,816,782,897,811,891,787
R,946,857,831,777,816,782,898,812,893,790
R,945,857,831,776,817,783,900,811,892,788
R,945,859,832,777,818,782,900,810,892,787
R,943,858,831,777,817,782,900,811,893,788
R,943,856,831,777,818,781,899,809,891,787
R,940,858,831,776,815,782,900,810,893,790
R,942,858,831,777,817,781,899,810,894,788
R,943,858,832,777,817,781,899,809,894,789
R,940,857,832,777,815,782,899,808,892,787
R,941,859,830,777,816,781,899,810,893,789
R,941,857,830,777,817,782,898,808,891,788
R,941,857,831,776,817,781,898,808,892,789
R,940,858,831,775,817,780,899,809,894,787
R,943,855,831,778,815,782,899,810,892,787
R,940,856,830,776,816,782,898,809,893,788
R,945,858,831,776,814,782,898,811,890,789
R,945,857,831,776,815,783,899,809,892,787
R,939,856,831,777,816,781,899,809,890,788
R,943,856,831,778,815,781,900,810,893,787
R,939,855,830,776,814,780,899,810,890,789
R,943,858,831,777,815,780,900,807,893,786
R,948,857,830,778,813,781,899,811,892,788
R,942,857,831,777,814,782,899,809,892,787
R,940,858,832,777,816,782,899,810,893,788
R,943,857,829,776,815,782,896,809,891,788
R,938,860,832,778,816,782,899,808,892,788
R,941,857,831,776,817,781,899,810,892,788
R,939,858,830,778,817,780,898,809,893,788
R,943,857,831,777,817,782,899,810,894,788
R,940,858,831,777,817,782,899,809,891,788
R,942,858,831,778,816,782,899,811,893,788
R,938,858,832,777,816,781,899,807,893,788
R,940,858,831,776,816,781,898,810,893,786
R,942,858,831,777,817,781,899,809,893,789
R,939,857,831,777,817,781,899,808,891,787
R,939,856,831,778,816,782,898,810,892,789
R,940,856,831,776,815,781,901,809,893,789
R,939,857,832,777,816,782,900,811,892,788
R,940,859,831,777,817,780,899,809,894,789
R,942,857,831,778,817,782,898,809,894,788
R,941,857,831,778,818,782,898,809,891,789
R,942,855,832,775,816,781,900,810,893,789
R,941,857,832,777,816,781,898,809,891,787
R,940,855,831,776,816,781,898,811,894,789
R,944,858,831,776,817,781,897,811,891,788
R,944,857,831,777,816,781,899,809,893,788
R,943,855,831,776,816,781,899,811,891,787
R,941,857,831,776,814,781,898,811,891,787
R,941,855,830,775,817,782,899,809,892,788
R,941,859,831,780,820,780,898,811,895,788
R,940,856,832,777,816,781,898,810,891,788
R,943,857,832,776,815,781,898,809,891,789
R,939,857,832,775,817,782,898,810,892,788
R,939,856,831,775,815,781,899,810,893,787
R,941,858,830,777,817,780,899,809,892,788
R,940,858,832,775,816,783,900,810,892,790
R,942,859,832,776,816,782,898,810,891,788
R,942,858,832,776,815,781,898,810,895,786
R,940,856,832,777,815,781,898,808,891,788
R,942,858,831,776,817,781,899,809,893,788
R,942,856,831,778,817,782,899,809,891,788
R,941,856,833,775,814,780,897,810,891,789
R,944,855,832,776,816,781,899,811,892,787
R,941,856,832,778,814,781,899,808,891,787
R,944,856,832,777,816,781,900,810,891,787
R,941,855,832,775,816,779,899,810,892,788
R,943,858,831,778,815,780,898,812,895,786
R,939,857,832,778,817,781,899,810,892,789
R,942,858,830,777,816,781,899,810,891,787
R,939,856,832,777,815,781,899,810,894,789
R,940,858,831,776,815,781,898,810,893,789
R,938,856,831,777,815,782,899,809,893,787
R,944,857,832,777,815,781,900,811,894,788
R,940,856,831,777,815,781,897,809,891,788
R,943,856,832,777,815,781,899,810,894,788
R,941,857,831,777,817,782,898,809,894,787
R,944,857,831,775,817,781,898,809,893,788
R,944,858,832,776,815,781,899,809,893,789
R,942,857,831,777,814,781,898,811,891,787
R,942,857,832,776,816,782,899,809,893,788
R,940,855,831,777,816,781,899,809,893,788
R,942,857,832,777,815,781,900,807,893,787
R,939,857,831,776,816,781,898,811,892,787
R,941,856,832,777,816,782,899,810,892,788
R,943,857,831,777,816,781,898,810,892,787
R,941,857,832,777,816,782,898,810,892,788
R,941,859,832,775,817,781,899,809,893,786
R,937,859,831,777,816,782,899,810,893,789
R,939,857,831,777,817,782,898,809,894,787
R,941,858,830,775,815,780,899,807,894,787
R,939,856,831,776,818,782,899,811,890,788
R,943,858,832,776,814,780,899,810,892,789
R,941,857,831,777,815,780,900,809,893,787
R,942,858,832,776,818,782,900,811,893,789
R,942,857,832,777,818,782,899,810,892,787
R,942,858,833,777,821,781,901,810,895,787
R,944,859,831,776,814,782,900,807,892,790
R,945,859,831,776,813,781,900,810,893,789
R,942,858,828,776,814,780,901,808,892,788
R,939,856,827,775,814,781,901,808,892,787
R,940,856,826,774,814,782,901,809,892,789
R,941,857,825,774,814,782,902,809,893,788
R,946,857,826,774,813,782,902,810,893,789
R,946,857,827,774,813,782,900,814,895,791
R,950,859,827,776,810,781,900,820,897,793
R,948,858,827,774,813,782,901,815,895,794
R,944,857,827,775,811,782,901,822,895,796
R,949,859,827,773,813,782,902,823,896,798
R,942,861,827,774,814,782,901,821,898,797
R,949,860,827,776,811,782,901,823,897,798
R,952,858,828,776,812,781,900,824,897,798
R,948,859,827,776,812,783,901,827,898,798
R,951,859,829,775,811,783,902,826,897,798
R,953,859,829,774,813,782,900,827,896,796
R,947,859,827,775,812,781,902,825,899,797
R,949,860,829,775,810,783,901,826,899,797
R,948,859,828,775,810,782,902,824,899,797
R,944,859,829,774,811,780,900,824,896,796
R,951,858,829,774,812,782,902,823,898,797
R,948,859,828,774,812,783,901,824,897,796
R,945,859,828,775,811,781,900,819,896,796
R,947,860,829,774,811,783,901,822,897,794
R,951,858,830,773,811,783,902,822,897,794
R,945,858,830,774,812,781,903,822,898,795
R,946,858,830,776,813,780,902,822,898,794
R,945,859,829,776,811,781,899,822,898,794
R,948,860,830,774,811,782,901,819,898,795
R,947,860,830,773,813,782,903,821,897,795
R,948,859,830,775,811,782,902,820,895,795
R,945,860,830,775,812,782,902,821,898,793
R,944,858,830,774,811,781,901,818,898,792
R,949,859,831,778,809,781,901,820,899,793
R,946,859,829,775,812,782,901,820,896,794
R,944,858,830,775,811,780,901,824,896,793
R,945,859,830,774,813,782,902,822,896,792
R,948,861,830,773,811,781,901,822,897,793
R,949,857,830,775,812,781,901,822,898,794
R,946,858,830,775,812,782,901,820,896,793
R,946,858,831,774,813,783,900,821,894,794
R,949,858,830,774,811,784,901,823,895,792
R,948,858,830,773,812,781,900,820,896,795
R,948,858,830,774,812,782,901,821,895,794
R,950,858,830,775,813,780,902,822,896,793
R,942,858,832,774,811,781,901,820,897,794
R,947,859,831,773,812,781,901,822,894,794
R,949,857,831,774,812,782,901,824,897,794
R,947,857,830,774,812,782,902,823,897,791
R,945,858,830,773,814,781,902,820,896,792
R,944,860,831,774,813,780,902,820,895,794
R,945,860,829,774,813,782,902,819,897,792
R,949,860,831,773,812,781,902,822,897,793
R,945,856,830,774,812,781,902,821,896,793
R,942,860,830,774,810,782,901,820,896,792
R,945,858,831,774,813,782,901,820,897,792
R,949,860,830,773,811,782,901,819,895,794
R,948,860,832,774,812,782,901,821,896,794
R,947,859,830,775,812,781,902,819,895,793
R,945,860,830,772,812,782,902,819,895,792
R,948,860,829,775,814,782,902,825,891,792
R,947,860,829,773,811,781,901,820,894,794
R,943,860,831,775,811,782,901,819,897,792
R,946,860,831,774,811,779,902,820,898,791
R,949,859,831,773,812,782,901,821,898,791
R,946,860,828,775,809,779,902,823,896,793
R,944,859,831,772,810,780,901,819,897,792
R,950,857,831,772,810,781,902,821,898,793
R,948,859,831,773,812,780,900,826,894,792
R,946,858,830,774,813,782,902,823,897,793
R,947,859,830,773,812,782,900,822,894,792
R,946,860,829,774,813,782,901,823,896,794
R,949,860,831,772,812,780,900,824,895,794
R,947,861,830,773,811,781,899,821,896,794
R,943,859,830,772,810,782,900,822,894,793
R,944,860,831,772,812,782,899,825,895,794
R,948,858,830,773,810,782,900,824,893,795
R,945,858,831,771,813,781,900,822,896,794
R,945,858,831,773,813,782,901,823,895,794
R,945,858,831,774,812,781,899,821,893,795
R,944,860,831,773,811,782,899,821,898,793
R,946,858,830,772,811,781,900,822,896,793
R,947,858,830,774,813,781,899,822,894,793
R,948,858,830,772,811,781,900,822,893,792
R,946,858,831,773,811,782,900,824,898,793
R,947,859,830,773,813,781,900,823,894,792
R,947,858,831,773,813,783,900,822,894,792
R,941,856,832,775,810,782,901,823,896,793
R,945,857,831,774,812,782,900,823,896,793
R,946,859,831,772,811,781,901,823,895,794
R,943,857,831,773,812,781,900,823,895,793
R,946,860,831,772,811,782,899,821,894,791
R,945,860,831,772,812,781,899,823,896,793
R,949,859,831,771,810,781,899,820,897,793
R,944,859,830,772,811,780,900,821,894,792
R,948,861,832,774,813,781,900,821,894,794
R,947,855,832,774,811,782,900,822,896,793
R,949,860,830,773,811,781,901,822,892,796
R,950,858,829,774,812,782,901,822,896,795
R,946,859,830,773,812,781,901,823,896,795
R,946,857,830,775,809,780,901,824,891,794
R,946,858,830,772,810,781,900,822,894,793
R,943,860,830,773,812,781,900,822,896,795
R,945,856,828,773,811,781,901,822,895,795
R,944,858,829,772,812,781,900,820,893,794
R,947,857,829,773,811,782,901,820,896,795
R,943,859,829,771,810,782,901,821,896,793
R,945,858,829,773,811,782,901,821,894,794
R,944,858,830,771,812,780,901,824,893,794
R,945,858,830,773,811,780,901,821,895,793
R,944,860,830,772,811,782,901,822,893,792
R,945,859,830,771,810,782,900,818,894,794
R,946,859,828,772,811,780,902,821,894,794
R,946,859,829,772,811,782,902,821,894,795
R,947,860,829,774,810,780,900,817,893,794
R,945,858,829,773,810,781,902,819,896,794
R,942,859,830,772,811,782,900,818,894,793
R,950,858,829,772,811,781,903,819,892,794
R,944,858,829,772,811,781,901,818,893,793
R,943,858,830,773,811,781,902,820,893,794
R,943,857,829,772,811,780,903,818,894,792
R,944,855,827,770,809,783,904,819,894,793
R,947,858,829,772,810,781,901,818,894,794
R,946,857,829,772,810,781,902,817,892,792
R,946,860,829,774,811,780,903,816,893,792
R,948,857,829,772,811,781,902,816,891,796
R,947,858,829,773,811,782,904,817,892,794
R,944,857,828,772,810,782,903,816,895,793
R,946,860,832,775,812,781,903,817,895,795
R,945,859,833,776,806,780,903,812,892,795
R,947,859,835,776,811,781,902,815,894,794
R,947,859,836,774,809,781,902,817,891,794
R,945,858,835,774,809,781,903,816,894,795
R,945,858,836,775,809,783,902,816,893,793
R,948,856,834,776,809,781,902,816,893,794
R,946,856,835,776,811,781,903,817,896,796
R,944,859,831,774,808,783,904,822,896,794
R,947,858,832,776,810,780,902,816,893,795
R,946,857,833,775,809,780,904,815,892,796
R,946,858,834,775,810,780,902,815,893,794
R,944,859,835,774,809,781,902,815,894,796
R,943,859,835,775,809,780,905,817,891,794
R,948,858,835,773,810,781,903,814,891,794
R,944,861,834,773,809,780,902,816,893,793
R,944,858,835,774,810,780,903,816,891,794
R,946,859,834,773,813,783,903,814,893,793
R,943,860,835,775,810,781,902,816,890,795
R,945,857,836,774,811,781,902,815,892,794
R,944,859,839,772,809,780,903,814,893,795
R,944,859,838,773,809,780,902,815,890,795
R,945,857,837,774,810,781,903,814,891,793
R,944,859,838,772,809,781,902,813,890,794
R,942,861,837,774,809,781,902,814,891,793
R,943,858,838,774,810,780,902,814,890,794
R,943,860,838,773,813,782,903,817,890,795
R,944,859,838,772,808,780,902,814,890,794
R,945,857,836,774,811,781,903,814,891,794
R,945,858,838,773,809,780,903,813,892,795
R,945,857,836,772,809,779,902,816,891,795
R,947,862,836,774,809,780,901,815,891,794
R,944,857,836,772,810,782,902,814,890,794
R,945,860,837,772,810,781,904,815,890,793
R,947,859,837,773,809,780,901,816,889,795
R,942,861,836,775,809,780,901,816,891,794
R,946,857,836,772,810,780,903,817,890,794
R,944,858,837,772,809,778,903,817,891,794
R,943,858,837,772,810,781,900,817,890,794
R,943,858,836,773,811,781,902,820,893,796
R,942,859,837,771,810,780,902,819,892,795
R,945,858,835,773,810,780,902,817,892,794
R,945,858,836,772,810,780,903,819,892,794
R,946,859,836,774,809,781,901,821,891,795
R,941,859,835,775,811,780,900,819,892,794
R,943,858,836,773,812,780,901,819,893,796
R,944,857,836,773,810,780,901,819,891,795
R,944,860,836,773,811,781,903,824,892,795
R,942,860,836,772,810,781,901,822,893,795
R,942,858,836,773,810,781,902,819,892,795
R,950,857,836,773,809,780,902,820,890,796
R,943,859,836,773,810,779,903,822,892,795
R,943,862,836,772,810,781,902,820,890,794
R,943,859,835,774,811,780,902,818,890,794
R,946,860,835,773,810,780,903,820,891,796
R,944,854,833,775,812,780,902,819,890,795
R,946,860,836,773,810,781,903,820,891,795
R,943,858,837,773,808,781,901,820,891,794
R,942,859,836,774,809,781,901,820,890,794
R,947,858,836,773,810,778,902,818,892,792
R,944,860,837,774,810,780,901,820,891,794
R,943,859,836,772,810,780,901,818,890,795
R,946,859,834,774,808,780,902,817,888,794
R,945,858,836,772,811,780,902,819,891,795
R,943,858,837,773,810,781,902,820,888,795
R,937,859,835,773,810,780,903,818,890,795
R,941,861,833,772,813,781,901,819,890,795
R,942,859,836,773,810,780,902,818,891,794
R,944,860,836,773,812,780,901,817,891,794
R,948,860,835,774,812,780,902,817,890,794
R,943,859,836,774,811,780,901,817,891,794
R,946,860,835,774,811,781,902,818,891,795
R,942,857,834,771,811,782,900,818,892,793
R,944,859,835,773,810,781,902,818,890,793
R,944,860,835,772,810,781,901,817,890,792
R,944,859,834,772,810,780,903,817,889,793
R,944,858,835,774,811,780,901,818,890,794
R,941,859,835,773,809,780,901,817,890,795
R,946,859,836,773,812,780,902,818,891,792
R,945,860,835,772,812,781,902,815,892,792
R,940,857,835,774,812,780,902,818,889,794
R,943,859,835,773,813,781,901,818,891,792
R,945,858,835,772,812,781,902,817,889,793
R,943,857,835,773,812,781,901,815,889,794
R,944,859,834,772,810,779,900,815,891,793
R,945,855,835,776,811,780,901,815,890,794
R,944,860,835,774,812,781,902,817,891,793
R,946,860,836,772,810,780,901,817,890,792
R,942,859,835,773,812,781,902,814,889,794
R,943,857,835,774,812,778,900,818,892,794
R,945,859,835,773,812,781,901,815,890,793
R,946,858,834,774,812,780,900,815,889,791
R,942,859,835,773,812,780,902,815,891,794
R,947,859,834,774,813,780,901,815,890,794
R,942,858,835,774,811,780,902,815,888,794
R,943,859,834,772,811,781,901,816,890,794
R,941,861,834,773,813,781,901,815,890,793
R,941,859,834,773,812,780,904,812,889,792
R,945,859,835,773,812,781,901,813,889,793
R,945,857,835,772,813,780,900,815,892,793
R,946,857,835,774,810,781,901,814,888,791
R,944,858,835,772,813,779,901,816,890,794
R,945,857,836,772,813,779,899,814,890,792
R,947,858,835,771,811,781,902,816,890,794
R,943,858,834,773,813,781,902,814,889,792
R,944,857,835,772,811,780,900,816,891,794
R,943,860,834,772,811,782,902,814,890,792
R,940,857,835,771,809,780,901,816,890,792
R,946,859,835,774,812,780,901,816,888,794
R,941,860,837,775,818,781,900,814,889,792
R,940,859,839,773,815,781,901,813,890,794
R,941,858,837,776,828,780,901,814,891,792
R,945,860,837,777,824,780,901,816,890,792
R,941,859,837,777,822,781,901,814,889,793
R,950,857,835,778,821,780,901,815,890,793
R,942,858,838,778,821,780,902,812,889,791
R,946,860,838,777,822,781,900,814,890,792
R,942,857,836,778,819,781,903,814,890,792
R,945,853,837,777,820,781,899,814,889,793
R,944,859,836,778,819,781,901,812,891,793
R,944,859,837,777,819,781,902,814,890,793
R,946,859,835,775,820,781,900,812,889,792
